9.500000000000000000e+01
9.000000000000000000e+01
9.200000000000000000e+01
8.700000000000000000e+01
9.100000000000000000e+01
1.000000000000000000e+02
1.020000000000000000e+02
1.040000000000000000e+02
1.070000000000000000e+02
1.050000000000000000e+02
1.050000000000000000e+02
9.900000000000000000e+01
1.000000000000000000e+02
9.700000000000000000e+01
9.300000000000000000e+01
9.600000000000000000e+01
9.100000000000000000e+01
8.900000000000000000e+01
9.500000000000000000e+01
8.600000000000000000e+01
8.400000000000000000e+01
8.100000000000000000e+01
8.200000000000000000e+01
8.100000000000000000e+01
8.300000000000000000e+01
7.500000000000000000e+01
7.600000000000000000e+01
8.100000000000000000e+01
7.800000000000000000e+01
8.100000000000000000e+01
8.400000000000000000e+01
8.300000000000000000e+01
8.700000000000000000e+01
9.800000000000000000e+01
9.900000000000000000e+01
1.050000000000000000e+02
9.500000000000000000e+01
1.120000000000000000e+02
1.120000000000000000e+02
1.140000000000000000e+02
1.300000000000000000e+02
1.420000000000000000e+02
1.460000000000000000e+02
1.630000000000000000e+02
1.930000000000000000e+02
2.090000000000000000e+02
2.230000000000000000e+02
2.140000000000000000e+02
2.180000000000000000e+02
2.210000000000000000e+02
2.390000000000000000e+02
2.670000000000000000e+02
2.620000000000000000e+02
2.540000000000000000e+02
2.630000000000000000e+02
2.760000000000000000e+02
2.720000000000000000e+02
2.950000000000000000e+02
2.790000000000000000e+02
2.760000000000000000e+02
2.730000000000000000e+02
2.630000000000000000e+02
2.610000000000000000e+02
2.580000000000000000e+02
2.540000000000000000e+02
2.290000000000000000e+02
2.130000000000000000e+02
2.190000000000000000e+02
2.130000000000000000e+02
2.040000000000000000e+02
1.910000000000000000e+02
1.780000000000000000e+02
1.770000000000000000e+02
1.770000000000000000e+02
1.690000000000000000e+02
1.710000000000000000e+02
1.730000000000000000e+02
1.790000000000000000e+02
1.750000000000000000e+02
1.800000000000000000e+02
2.120000000000000000e+02
2.180000000000000000e+02
2.300000000000000000e+02
2.420000000000000000e+02
2.430000000000000000e+02
2.440000000000000000e+02
2.450000000000000000e+02
2.460000000000000000e+02
2.430000000000000000e+02
2.630000000000000000e+02
2.640000000000000000e+02
2.570000000000000000e+02
2.560000000000000000e+02
2.320000000000000000e+02
2.300000000000000000e+02
2.340000000000000000e+02
2.230000000000000000e+02
2.260000000000000000e+02
2.090000000000000000e+02
2.090000000000000000e+02
2.080000000000000000e+02
1.990000000000000000e+02
2.050000000000000000e+02
1.950000000000000000e+02
1.890000000000000000e+02
1.830000000000000000e+02
1.830000000000000000e+02
1.790000000000000000e+02
1.790000000000000000e+02
1.640000000000000000e+02
1.750000000000000000e+02
1.710000000000000000e+02
1.670000000000000000e+02
1.700000000000000000e+02
1.760000000000000000e+02
1.790000000000000000e+02
1.710000000000000000e+02
1.900000000000000000e+02
1.770000000000000000e+02
1.920000000000000000e+02
1.910000000000000000e+02
