9.600000000000000000e+01
1.040000000000000000e+02
1.180000000000000000e+02
1.220000000000000000e+02
1.240000000000000000e+02
1.380000000000000000e+02
1.240000000000000000e+02
1.380000000000000000e+02
1.390000000000000000e+02
1.570000000000000000e+02
1.670000000000000000e+02
1.820000000000000000e+02
2.060000000000000000e+02
2.350000000000000000e+02
2.610000000000000000e+02
2.920000000000000000e+02
3.280000000000000000e+02
3.490000000000000000e+02
3.650000000000000000e+02
3.810000000000000000e+02
4.080000000000000000e+02
4.390000000000000000e+02
4.560000000000000000e+02
4.610000000000000000e+02
4.710000000000000000e+02
4.660000000000000000e+02
4.620000000000000000e+02
4.720000000000000000e+02
4.710000000000000000e+02
4.580000000000000000e+02
4.470000000000000000e+02
4.570000000000000000e+02
4.380000000000000000e+02
4.550000000000000000e+02
4.540000000000000000e+02
4.630000000000000000e+02
4.500000000000000000e+02
4.440000000000000000e+02
4.340000000000000000e+02
4.220000000000000000e+02
4.340000000000000000e+02
4.470000000000000000e+02
4.510000000000000000e+02
4.330000000000000000e+02
4.360000000000000000e+02
4.340000000000000000e+02
4.400000000000000000e+02
4.290000000000000000e+02
4.200000000000000000e+02
4.100000000000000000e+02
4.200000000000000000e+02
4.240000000000000000e+02
4.260000000000000000e+02
4.190000000000000000e+02
4.200000000000000000e+02
4.230000000000000000e+02
4.190000000000000000e+02
4.080000000000000000e+02
3.920000000000000000e+02
3.780000000000000000e+02
3.800000000000000000e+02
3.830000000000000000e+02
3.730000000000000000e+02
3.660000000000000000e+02
3.680000000000000000e+02
3.620000000000000000e+02
3.500000000000000000e+02
3.520000000000000000e+02
3.450000000000000000e+02
3.520000000000000000e+02
3.400000000000000000e+02
3.360000000000000000e+02
3.240000000000000000e+02
3.190000000000000000e+02
3.090000000000000000e+02
2.990000000000000000e+02
2.900000000000000000e+02
2.870000000000000000e+02
2.880000000000000000e+02
2.840000000000000000e+02
2.880000000000000000e+02
2.810000000000000000e+02
2.810000000000000000e+02
2.800000000000000000e+02
2.810000000000000000e+02
2.750000000000000000e+02
2.640000000000000000e+02
2.570000000000000000e+02
2.710000000000000000e+02
2.660000000000000000e+02
2.720000000000000000e+02
2.800000000000000000e+02
2.810000000000000000e+02
2.940000000000000000e+02
2.980000000000000000e+02
3.090000000000000000e+02
3.250000000000000000e+02
3.240000000000000000e+02
3.430000000000000000e+02
3.450000000000000000e+02
3.620000000000000000e+02
3.740000000000000000e+02
3.650000000000000000e+02
3.570000000000000000e+02
3.510000000000000000e+02
3.480000000000000000e+02
3.160000000000000000e+02
3.120000000000000000e+02
3.180000000000000000e+02
3.130000000000000000e+02
3.090000000000000000e+02
3.010000000000000000e+02
3.010000000000000000e+02
2.900000000000000000e+02
2.820000000000000000e+02
2.810000000000000000e+02
2.930000000000000000e+02
2.770000000000000000e+02
2.690000000000000000e+02
2.670000000000000000e+02
2.570000000000000000e+02
2.520000000000000000e+02
