8.700000000000000000e+01
9.000000000000000000e+01
9.700000000000000000e+01
9.600000000000000000e+01
9.200000000000000000e+01
8.700000000000000000e+01
7.900000000000000000e+01
7.800000000000000000e+01
6.900000000000000000e+01
7.000000000000000000e+01
6.600000000000000000e+01
6.300000000000000000e+01
6.300000000000000000e+01
6.400000000000000000e+01
6.200000000000000000e+01
6.400000000000000000e+01
6.100000000000000000e+01
5.800000000000000000e+01
5.400000000000000000e+01
5.500000000000000000e+01
5.000000000000000000e+01
5.000000000000000000e+01
4.800000000000000000e+01
4.400000000000000000e+01
4.100000000000000000e+01
3.400000000000000000e+01
3.200000000000000000e+01
3.200000000000000000e+01
3.100000000000000000e+01
3.300000000000000000e+01
3.300000000000000000e+01
3.700000000000000000e+01
3.300000000000000000e+01
2.900000000000000000e+01
3.000000000000000000e+01
3.000000000000000000e+01
3.000000000000000000e+01
3.500000000000000000e+01
3.700000000000000000e+01
3.500000000000000000e+01
3.600000000000000000e+01
3.600000000000000000e+01
3.600000000000000000e+01
4.500000000000000000e+01
4.800000000000000000e+01
5.500000000000000000e+01
5.500000000000000000e+01
5.800000000000000000e+01
5.600000000000000000e+01
6.500000000000000000e+01
7.300000000000000000e+01
8.000000000000000000e+01
8.700000000000000000e+01
9.800000000000000000e+01
1.120000000000000000e+02
1.220000000000000000e+02
1.460000000000000000e+02
1.650000000000000000e+02
1.780000000000000000e+02
1.880000000000000000e+02
2.010000000000000000e+02
2.120000000000000000e+02
2.140000000000000000e+02
2.380000000000000000e+02
2.480000000000000000e+02
2.730000000000000000e+02
2.840000000000000000e+02
2.810000000000000000e+02
2.860000000000000000e+02
3.040000000000000000e+02
2.950000000000000000e+02
3.060000000000000000e+02
2.990000000000000000e+02
2.940000000000000000e+02
3.040000000000000000e+02
3.000000000000000000e+02
2.950000000000000000e+02
2.960000000000000000e+02
2.910000000000000000e+02
2.950000000000000000e+02
2.770000000000000000e+02
2.750000000000000000e+02
2.840000000000000000e+02
2.830000000000000000e+02
2.740000000000000000e+02
2.510000000000000000e+02
2.360000000000000000e+02
2.350000000000000000e+02
2.440000000000000000e+02
2.480000000000000000e+02
2.350000000000000000e+02
2.350000000000000000e+02
2.360000000000000000e+02
2.190000000000000000e+02
2.210000000000000000e+02
2.100000000000000000e+02
2.020000000000000000e+02
2.020000000000000000e+02
1.960000000000000000e+02
2.020000000000000000e+02
1.840000000000000000e+02
1.820000000000000000e+02
1.850000000000000000e+02
1.810000000000000000e+02
1.730000000000000000e+02
1.700000000000000000e+02
1.750000000000000000e+02
1.900000000000000000e+02
1.800000000000000000e+02
1.660000000000000000e+02
1.770000000000000000e+02
1.890000000000000000e+02
1.850000000000000000e+02
1.800000000000000000e+02
1.900000000000000000e+02
1.860000000000000000e+02
1.870000000000000000e+02
1.930000000000000000e+02
1.900000000000000000e+02
1.980000000000000000e+02
2.050000000000000000e+02
