8.200000000000000000e+01
8.500000000000000000e+01
8.700000000000000000e+01
8.700000000000000000e+01
9.300000000000000000e+01
9.700000000000000000e+01
1.050000000000000000e+02
1.120000000000000000e+02
1.250000000000000000e+02
1.260000000000000000e+02
1.480000000000000000e+02
1.610000000000000000e+02
1.700000000000000000e+02
1.940000000000000000e+02
2.240000000000000000e+02
2.520000000000000000e+02
2.630000000000000000e+02
2.800000000000000000e+02
2.970000000000000000e+02
3.280000000000000000e+02
3.600000000000000000e+02
3.700000000000000000e+02
4.000000000000000000e+02
3.980000000000000000e+02
4.160000000000000000e+02
4.260000000000000000e+02
4.190000000000000000e+02
4.240000000000000000e+02
4.430000000000000000e+02
4.400000000000000000e+02
4.490000000000000000e+02
4.750000000000000000e+02
4.890000000000000000e+02
4.880000000000000000e+02
4.950000000000000000e+02
4.930000000000000000e+02
4.950000000000000000e+02
4.990000000000000000e+02
4.980000000000000000e+02
4.750000000000000000e+02
4.610000000000000000e+02
4.680000000000000000e+02
4.630000000000000000e+02
4.710000000000000000e+02
4.650000000000000000e+02
4.550000000000000000e+02
4.450000000000000000e+02
4.420000000000000000e+02
4.470000000000000000e+02
4.560000000000000000e+02
4.500000000000000000e+02
4.470000000000000000e+02
4.340000000000000000e+02
4.140000000000000000e+02
3.980000000000000000e+02
3.950000000000000000e+02
3.960000000000000000e+02
4.080000000000000000e+02
3.980000000000000000e+02
3.940000000000000000e+02
3.890000000000000000e+02
3.910000000000000000e+02
3.850000000000000000e+02
3.800000000000000000e+02
3.710000000000000000e+02
3.610000000000000000e+02
3.600000000000000000e+02
3.530000000000000000e+02
3.450000000000000000e+02
3.350000000000000000e+02
3.560000000000000000e+02
3.350000000000000000e+02
3.390000000000000000e+02
3.340000000000000000e+02
3.340000000000000000e+02
3.430000000000000000e+02
3.500000000000000000e+02
3.480000000000000000e+02
3.390000000000000000e+02
3.420000000000000000e+02
3.330000000000000000e+02
3.160000000000000000e+02
3.250000000000000000e+02
3.270000000000000000e+02
3.110000000000000000e+02
3.120000000000000000e+02
3.000000000000000000e+02
2.860000000000000000e+02
2.850000000000000000e+02
2.850000000000000000e+02
2.650000000000000000e+02
2.650000000000000000e+02
2.450000000000000000e+02
2.550000000000000000e+02
2.580000000000000000e+02
2.460000000000000000e+02
2.400000000000000000e+02
2.370000000000000000e+02
2.370000000000000000e+02
2.370000000000000000e+02
2.320000000000000000e+02
2.310000000000000000e+02
2.320000000000000000e+02
2.550000000000000000e+02
2.730000000000000000e+02
2.830000000000000000e+02
2.960000000000000000e+02
2.980000000000000000e+02
2.940000000000000000e+02
2.870000000000000000e+02
2.940000000000000000e+02
2.950000000000000000e+02
3.000000000000000000e+02
3.020000000000000000e+02
3.090000000000000000e+02
3.250000000000000000e+02
3.220000000000000000e+02
3.190000000000000000e+02
3.110000000000000000e+02
3.030000000000000000e+02
2.920000000000000000e+02
2.830000000000000000e+02
