6.900000000000000000e+01
6.700000000000000000e+01
6.900000000000000000e+01
7.300000000000000000e+01
8.200000000000000000e+01
7.900000000000000000e+01
8.400000000000000000e+01
9.300000000000000000e+01
1.000000000000000000e+02
1.060000000000000000e+02
1.200000000000000000e+02
1.220000000000000000e+02
1.290000000000000000e+02
1.440000000000000000e+02
1.660000000000000000e+02
1.810000000000000000e+02
1.930000000000000000e+02
2.100000000000000000e+02
2.390000000000000000e+02
2.780000000000000000e+02
3.170000000000000000e+02
3.210000000000000000e+02
3.290000000000000000e+02
3.480000000000000000e+02
3.520000000000000000e+02
3.660000000000000000e+02
3.570000000000000000e+02
3.650000000000000000e+02
3.600000000000000000e+02
3.770000000000000000e+02
3.810000000000000000e+02
3.840000000000000000e+02
3.820000000000000000e+02
4.000000000000000000e+02
4.000000000000000000e+02
3.900000000000000000e+02
3.840000000000000000e+02
3.970000000000000000e+02
3.930000000000000000e+02
3.960000000000000000e+02
4.030000000000000000e+02
4.120000000000000000e+02
3.980000000000000000e+02
3.880000000000000000e+02
3.770000000000000000e+02
3.690000000000000000e+02
3.750000000000000000e+02
3.740000000000000000e+02
3.680000000000000000e+02
3.610000000000000000e+02
3.600000000000000000e+02
3.800000000000000000e+02
3.720000000000000000e+02
3.450000000000000000e+02
3.370000000000000000e+02
3.320000000000000000e+02
3.360000000000000000e+02
3.220000000000000000e+02
3.280000000000000000e+02
3.190000000000000000e+02
3.360000000000000000e+02
3.290000000000000000e+02
3.040000000000000000e+02
2.870000000000000000e+02
2.980000000000000000e+02
2.910000000000000000e+02
2.920000000000000000e+02
2.910000000000000000e+02
2.660000000000000000e+02
2.690000000000000000e+02
2.830000000000000000e+02
2.650000000000000000e+02
2.710000000000000000e+02
2.660000000000000000e+02
2.690000000000000000e+02
2.510000000000000000e+02
2.550000000000000000e+02
2.600000000000000000e+02
2.540000000000000000e+02
2.570000000000000000e+02
2.630000000000000000e+02
2.570000000000000000e+02
2.600000000000000000e+02
2.610000000000000000e+02
2.720000000000000000e+02
2.610000000000000000e+02
2.670000000000000000e+02
2.710000000000000000e+02
2.810000000000000000e+02
2.820000000000000000e+02
2.830000000000000000e+02
2.760000000000000000e+02
2.750000000000000000e+02
2.760000000000000000e+02
2.790000000000000000e+02
2.850000000000000000e+02
2.950000000000000000e+02
2.910000000000000000e+02
2.920000000000000000e+02
3.030000000000000000e+02
2.910000000000000000e+02
2.870000000000000000e+02
2.670000000000000000e+02
2.650000000000000000e+02
2.490000000000000000e+02
2.590000000000000000e+02
2.550000000000000000e+02
2.560000000000000000e+02
2.470000000000000000e+02
2.460000000000000000e+02
2.420000000000000000e+02
2.480000000000000000e+02
2.450000000000000000e+02
2.450000000000000000e+02
2.380000000000000000e+02
2.360000000000000000e+02
2.310000000000000000e+02
2.360000000000000000e+02
2.530000000000000000e+02
2.480000000000000000e+02
2.600000000000000000e+02
2.620000000000000000e+02
