8.400000000000000000e+01
7.600000000000000000e+01
7.100000000000000000e+01
7.400000000000000000e+01
7.500000000000000000e+01
7.600000000000000000e+01
7.500000000000000000e+01
7.600000000000000000e+01
7.500000000000000000e+01
6.500000000000000000e+01
7.100000000000000000e+01
6.900000000000000000e+01
6.500000000000000000e+01
5.800000000000000000e+01
6.100000000000000000e+01
6.200000000000000000e+01
6.200000000000000000e+01
6.100000000000000000e+01
5.700000000000000000e+01
5.500000000000000000e+01
4.800000000000000000e+01
4.200000000000000000e+01
3.700000000000000000e+01
3.700000000000000000e+01
3.200000000000000000e+01
3.200000000000000000e+01
3.100000000000000000e+01
3.100000000000000000e+01
3.300000000000000000e+01
3.300000000000000000e+01
3.300000000000000000e+01
3.300000000000000000e+01
3.200000000000000000e+01
3.400000000000000000e+01
3.100000000000000000e+01
3.100000000000000000e+01
2.900000000000000000e+01
2.800000000000000000e+01
2.700000000000000000e+01
2.800000000000000000e+01
2.700000000000000000e+01
2.800000000000000000e+01
3.700000000000000000e+01
4.200000000000000000e+01
4.500000000000000000e+01
5.400000000000000000e+01
6.300000000000000000e+01
5.600000000000000000e+01
5.800000000000000000e+01
6.200000000000000000e+01
7.000000000000000000e+01
7.900000000000000000e+01
8.200000000000000000e+01
8.300000000000000000e+01
8.100000000000000000e+01
9.700000000000000000e+01
1.250000000000000000e+02
1.320000000000000000e+02
1.300000000000000000e+02
1.490000000000000000e+02
1.680000000000000000e+02
1.870000000000000000e+02
2.100000000000000000e+02
2.340000000000000000e+02
2.610000000000000000e+02
2.750000000000000000e+02
2.770000000000000000e+02
2.750000000000000000e+02
2.860000000000000000e+02
3.110000000000000000e+02
3.300000000000000000e+02
3.240000000000000000e+02
3.170000000000000000e+02
3.250000000000000000e+02
3.300000000000000000e+02
3.360000000000000000e+02
3.330000000000000000e+02
3.250000000000000000e+02
3.090000000000000000e+02
3.190000000000000000e+02
3.100000000000000000e+02
3.080000000000000000e+02
2.990000000000000000e+02
2.950000000000000000e+02
2.840000000000000000e+02
2.720000000000000000e+02
2.710000000000000000e+02
2.720000000000000000e+02
2.640000000000000000e+02
2.650000000000000000e+02
2.650000000000000000e+02
2.480000000000000000e+02
2.430000000000000000e+02
2.330000000000000000e+02
2.290000000000000000e+02
2.250000000000000000e+02
2.100000000000000000e+02
2.100000000000000000e+02
2.010000000000000000e+02
2.010000000000000000e+02
2.090000000000000000e+02
1.950000000000000000e+02
1.890000000000000000e+02
1.830000000000000000e+02
1.940000000000000000e+02
1.880000000000000000e+02
1.830000000000000000e+02
1.770000000000000000e+02
1.820000000000000000e+02
1.880000000000000000e+02
1.850000000000000000e+02
1.830000000000000000e+02
1.770000000000000000e+02
1.890000000000000000e+02
1.920000000000000000e+02
1.990000000000000000e+02
2.110000000000000000e+02
2.210000000000000000e+02
2.180000000000000000e+02
2.240000000000000000e+02
2.210000000000000000e+02
