9.500000000000000000e+01
1.080000000000000000e+02
1.190000000000000000e+02
1.210000000000000000e+02
1.310000000000000000e+02
1.340000000000000000e+02
1.410000000000000000e+02
1.420000000000000000e+02
1.470000000000000000e+02
1.630000000000000000e+02
1.750000000000000000e+02
1.830000000000000000e+02
2.050000000000000000e+02
2.290000000000000000e+02
2.600000000000000000e+02
2.730000000000000000e+02
3.000000000000000000e+02
3.150000000000000000e+02
3.360000000000000000e+02
3.440000000000000000e+02
3.670000000000000000e+02
3.590000000000000000e+02
3.900000000000000000e+02
4.010000000000000000e+02
4.280000000000000000e+02
4.330000000000000000e+02
4.450000000000000000e+02
4.510000000000000000e+02
4.380000000000000000e+02
4.500000000000000000e+02
4.600000000000000000e+02
4.820000000000000000e+02
4.950000000000000000e+02
4.770000000000000000e+02
4.750000000000000000e+02
4.740000000000000000e+02
4.670000000000000000e+02
4.600000000000000000e+02
4.480000000000000000e+02
4.550000000000000000e+02
4.440000000000000000e+02
4.470000000000000000e+02
4.590000000000000000e+02
4.500000000000000000e+02
4.530000000000000000e+02
4.420000000000000000e+02
4.210000000000000000e+02
4.080000000000000000e+02
4.190000000000000000e+02
4.200000000000000000e+02
4.090000000000000000e+02
4.200000000000000000e+02
4.090000000000000000e+02
4.180000000000000000e+02
4.040000000000000000e+02
3.890000000000000000e+02
4.040000000000000000e+02
4.110000000000000000e+02
3.980000000000000000e+02
4.020000000000000000e+02
4.030000000000000000e+02
3.860000000000000000e+02
3.790000000000000000e+02
3.770000000000000000e+02
3.730000000000000000e+02
3.660000000000000000e+02
3.660000000000000000e+02
3.620000000000000000e+02
3.650000000000000000e+02
3.490000000000000000e+02
3.560000000000000000e+02
3.520000000000000000e+02
3.510000000000000000e+02
3.360000000000000000e+02
3.070000000000000000e+02
3.000000000000000000e+02
3.090000000000000000e+02
3.230000000000000000e+02
3.160000000000000000e+02
3.090000000000000000e+02
3.090000000000000000e+02
3.030000000000000000e+02
3.020000000000000000e+02
2.980000000000000000e+02
2.940000000000000000e+02
2.930000000000000000e+02
2.810000000000000000e+02
2.820000000000000000e+02
2.940000000000000000e+02
2.970000000000000000e+02
2.850000000000000000e+02
2.770000000000000000e+02
2.910000000000000000e+02
2.950000000000000000e+02
2.860000000000000000e+02
2.830000000000000000e+02
2.870000000000000000e+02
2.820000000000000000e+02
2.820000000000000000e+02
2.800000000000000000e+02
2.740000000000000000e+02
2.770000000000000000e+02
2.750000000000000000e+02
2.670000000000000000e+02
2.570000000000000000e+02
2.590000000000000000e+02
2.460000000000000000e+02
2.610000000000000000e+02
2.760000000000000000e+02
2.850000000000000000e+02
2.790000000000000000e+02
2.900000000000000000e+02
3.070000000000000000e+02
3.100000000000000000e+02
3.170000000000000000e+02
3.260000000000000000e+02
3.270000000000000000e+02
3.460000000000000000e+02
3.360000000000000000e+02
3.440000000000000000e+02
3.410000000000000000e+02
3.520000000000000000e+02
