1.900000000000000000e+02
1.900000000000000000e+02
1.830000000000000000e+02
1.860000000000000000e+02
1.880000000000000000e+02
1.870000000000000000e+02
1.900000000000000000e+02
1.950000000000000000e+02
1.920000000000000000e+02
2.120000000000000000e+02
2.230000000000000000e+02
2.550000000000000000e+02
2.710000000000000000e+02
2.970000000000000000e+02
3.290000000000000000e+02
3.510000000000000000e+02
3.690000000000000000e+02
3.780000000000000000e+02
3.860000000000000000e+02
3.990000000000000000e+02
4.160000000000000000e+02
4.220000000000000000e+02
4.310000000000000000e+02
4.340000000000000000e+02
4.470000000000000000e+02
4.490000000000000000e+02
4.490000000000000000e+02
4.380000000000000000e+02
4.460000000000000000e+02
4.220000000000000000e+02
4.120000000000000000e+02
4.240000000000000000e+02
4.280000000000000000e+02
4.200000000000000000e+02
4.050000000000000000e+02
4.150000000000000000e+02
4.040000000000000000e+02
3.960000000000000000e+02
3.920000000000000000e+02
3.750000000000000000e+02
3.490000000000000000e+02
3.480000000000000000e+02
3.550000000000000000e+02
3.580000000000000000e+02
3.600000000000000000e+02
3.350000000000000000e+02
3.280000000000000000e+02
3.130000000000000000e+02
3.190000000000000000e+02
2.900000000000000000e+02
2.860000000000000000e+02
2.800000000000000000e+02
2.900000000000000000e+02
2.850000000000000000e+02
2.740000000000000000e+02
2.700000000000000000e+02
2.780000000000000000e+02
2.720000000000000000e+02
2.560000000000000000e+02
2.560000000000000000e+02
2.710000000000000000e+02
3.090000000000000000e+02
3.150000000000000000e+02
3.130000000000000000e+02
3.260000000000000000e+02
3.190000000000000000e+02
3.290000000000000000e+02
3.150000000000000000e+02
3.270000000000000000e+02
3.190000000000000000e+02
3.090000000000000000e+02
3.220000000000000000e+02
3.330000000000000000e+02
3.260000000000000000e+02
3.210000000000000000e+02
3.320000000000000000e+02
3.210000000000000000e+02
3.140000000000000000e+02
3.000000000000000000e+02
2.800000000000000000e+02
2.540000000000000000e+02
2.510000000000000000e+02
2.480000000000000000e+02
2.340000000000000000e+02
2.270000000000000000e+02
2.040000000000000000e+02
2.160000000000000000e+02
2.040000000000000000e+02
2.070000000000000000e+02
2.080000000000000000e+02
2.010000000000000000e+02
2.110000000000000000e+02
2.100000000000000000e+02
2.330000000000000000e+02
2.310000000000000000e+02
2.480000000000000000e+02
2.570000000000000000e+02
2.820000000000000000e+02
2.890000000000000000e+02
2.980000000000000000e+02
3.050000000000000000e+02
3.110000000000000000e+02
3.120000000000000000e+02
3.170000000000000000e+02
3.150000000000000000e+02
3.090000000000000000e+02
3.160000000000000000e+02
3.100000000000000000e+02
3.020000000000000000e+02
2.910000000000000000e+02
2.830000000000000000e+02
2.820000000000000000e+02
2.780000000000000000e+02
2.700000000000000000e+02
2.650000000000000000e+02
2.480000000000000000e+02
2.440000000000000000e+02
2.340000000000000000e+02
2.280000000000000000e+02
2.250000000000000000e+02
2.110000000000000000e+02
