8.300000000000000000e+01
8.100000000000000000e+01
7.700000000000000000e+01
7.600000000000000000e+01
7.900000000000000000e+01
7.900000000000000000e+01
7.400000000000000000e+01
7.500000000000000000e+01
7.200000000000000000e+01
7.300000000000000000e+01
7.000000000000000000e+01
6.700000000000000000e+01
6.400000000000000000e+01
6.500000000000000000e+01
7.000000000000000000e+01
6.500000000000000000e+01
6.700000000000000000e+01
6.100000000000000000e+01
5.800000000000000000e+01
5.700000000000000000e+01
5.400000000000000000e+01
4.600000000000000000e+01
4.900000000000000000e+01
4.600000000000000000e+01
4.400000000000000000e+01
4.500000000000000000e+01
4.200000000000000000e+01
4.000000000000000000e+01
3.900000000000000000e+01
3.500000000000000000e+01
3.600000000000000000e+01
3.600000000000000000e+01
3.600000000000000000e+01
3.400000000000000000e+01
3.900000000000000000e+01
3.500000000000000000e+01
3.200000000000000000e+01
4.200000000000000000e+01
3.800000000000000000e+01
3.900000000000000000e+01
4.600000000000000000e+01
5.100000000000000000e+01
6.000000000000000000e+01
6.700000000000000000e+01
6.900000000000000000e+01
7.800000000000000000e+01
8.400000000000000000e+01
1.000000000000000000e+02
1.020000000000000000e+02
9.900000000000000000e+01
9.700000000000000000e+01
1.140000000000000000e+02
1.290000000000000000e+02
1.510000000000000000e+02
1.640000000000000000e+02
1.830000000000000000e+02
2.030000000000000000e+02
2.210000000000000000e+02
2.460000000000000000e+02
2.570000000000000000e+02
2.810000000000000000e+02
2.860000000000000000e+02
2.970000000000000000e+02
2.960000000000000000e+02
3.120000000000000000e+02
3.210000000000000000e+02
3.220000000000000000e+02
3.380000000000000000e+02
3.270000000000000000e+02
3.250000000000000000e+02
3.240000000000000000e+02
3.280000000000000000e+02
3.190000000000000000e+02
3.160000000000000000e+02
3.140000000000000000e+02
2.980000000000000000e+02
2.930000000000000000e+02
2.870000000000000000e+02
2.860000000000000000e+02
2.890000000000000000e+02
2.820000000000000000e+02
2.550000000000000000e+02
2.390000000000000000e+02
2.360000000000000000e+02
2.310000000000000000e+02
2.230000000000000000e+02
2.180000000000000000e+02
2.060000000000000000e+02
2.060000000000000000e+02
1.980000000000000000e+02
1.970000000000000000e+02
1.880000000000000000e+02
1.970000000000000000e+02
1.970000000000000000e+02
2.130000000000000000e+02
2.210000000000000000e+02
2.280000000000000000e+02
2.280000000000000000e+02
2.280000000000000000e+02
2.390000000000000000e+02
2.400000000000000000e+02
2.290000000000000000e+02
2.260000000000000000e+02
2.230000000000000000e+02
2.200000000000000000e+02
2.100000000000000000e+02
1.910000000000000000e+02
2.040000000000000000e+02
1.980000000000000000e+02
1.900000000000000000e+02
1.900000000000000000e+02
1.810000000000000000e+02
1.860000000000000000e+02
1.750000000000000000e+02
1.760000000000000000e+02
1.870000000000000000e+02
1.840000000000000000e+02
1.820000000000000000e+02
1.760000000000000000e+02
1.750000000000000000e+02
1.690000000000000000e+02
