6.200000000000000000e+01
6.300000000000000000e+01
6.500000000000000000e+01
6.100000000000000000e+01
6.100000000000000000e+01
5.900000000000000000e+01
5.900000000000000000e+01
5.900000000000000000e+01
5.500000000000000000e+01
5.900000000000000000e+01
5.400000000000000000e+01
5.700000000000000000e+01
5.800000000000000000e+01
5.400000000000000000e+01
4.700000000000000000e+01
4.500000000000000000e+01
3.600000000000000000e+01
3.600000000000000000e+01
4.200000000000000000e+01
4.400000000000000000e+01
3.600000000000000000e+01
3.500000000000000000e+01
3.300000000000000000e+01
3.100000000000000000e+01
2.900000000000000000e+01
3.100000000000000000e+01
3.200000000000000000e+01
3.000000000000000000e+01
2.600000000000000000e+01
2.100000000000000000e+01
2.000000000000000000e+01
2.400000000000000000e+01
2.700000000000000000e+01
2.600000000000000000e+01
3.000000000000000000e+01
3.100000000000000000e+01
3.500000000000000000e+01
4.000000000000000000e+01
4.800000000000000000e+01
4.700000000000000000e+01
5.000000000000000000e+01
5.300000000000000000e+01
5.400000000000000000e+01
5.000000000000000000e+01
5.100000000000000000e+01
5.100000000000000000e+01
6.200000000000000000e+01
6.900000000000000000e+01
7.400000000000000000e+01
8.300000000000000000e+01
9.500000000000000000e+01
1.060000000000000000e+02
1.310000000000000000e+02
1.460000000000000000e+02
1.620000000000000000e+02
1.680000000000000000e+02
1.870000000000000000e+02
1.970000000000000000e+02
1.980000000000000000e+02
2.050000000000000000e+02
2.100000000000000000e+02
2.190000000000000000e+02
2.210000000000000000e+02
2.410000000000000000e+02
2.500000000000000000e+02
2.680000000000000000e+02
2.760000000000000000e+02
2.890000000000000000e+02
2.900000000000000000e+02
2.810000000000000000e+02
2.680000000000000000e+02
2.690000000000000000e+02
2.600000000000000000e+02
2.610000000000000000e+02
2.600000000000000000e+02
2.520000000000000000e+02
2.550000000000000000e+02
2.550000000000000000e+02
2.410000000000000000e+02
2.380000000000000000e+02
2.490000000000000000e+02
2.450000000000000000e+02
2.460000000000000000e+02
2.370000000000000000e+02
2.260000000000000000e+02
2.310000000000000000e+02
2.300000000000000000e+02
2.140000000000000000e+02
2.090000000000000000e+02
2.070000000000000000e+02
1.960000000000000000e+02
1.950000000000000000e+02
1.980000000000000000e+02
1.930000000000000000e+02
2.050000000000000000e+02
2.000000000000000000e+02
1.980000000000000000e+02
1.980000000000000000e+02
2.180000000000000000e+02
2.180000000000000000e+02
2.200000000000000000e+02
2.130000000000000000e+02
2.200000000000000000e+02
2.170000000000000000e+02
2.290000000000000000e+02
2.260000000000000000e+02
2.240000000000000000e+02
2.420000000000000000e+02
2.400000000000000000e+02
2.390000000000000000e+02
2.500000000000000000e+02
2.350000000000000000e+02
2.400000000000000000e+02
2.280000000000000000e+02
2.030000000000000000e+02
1.860000000000000000e+02
1.850000000000000000e+02
1.690000000000000000e+02
1.660000000000000000e+02
1.680000000000000000e+02
1.630000000000000000e+02
