9.700000000000000000e+01
9.500000000000000000e+01
9.200000000000000000e+01
9.900000000000000000e+01
1.050000000000000000e+02
1.180000000000000000e+02
1.350000000000000000e+02
1.530000000000000000e+02
1.750000000000000000e+02
1.900000000000000000e+02
2.220000000000000000e+02
2.300000000000000000e+02
2.670000000000000000e+02
2.780000000000000000e+02
2.790000000000000000e+02
2.770000000000000000e+02
2.680000000000000000e+02
2.830000000000000000e+02
2.740000000000000000e+02
2.770000000000000000e+02
2.900000000000000000e+02
3.140000000000000000e+02
3.370000000000000000e+02
3.290000000000000000e+02
3.360000000000000000e+02
3.450000000000000000e+02
3.520000000000000000e+02
3.440000000000000000e+02
3.470000000000000000e+02
3.590000000000000000e+02
3.520000000000000000e+02
3.520000000000000000e+02
3.430000000000000000e+02
3.490000000000000000e+02
3.510000000000000000e+02
3.520000000000000000e+02
3.490000000000000000e+02
3.680000000000000000e+02
3.630000000000000000e+02
3.620000000000000000e+02
3.480000000000000000e+02
3.310000000000000000e+02
3.330000000000000000e+02
3.390000000000000000e+02
3.320000000000000000e+02
3.360000000000000000e+02
3.260000000000000000e+02
3.290000000000000000e+02
3.270000000000000000e+02
3.280000000000000000e+02
3.270000000000000000e+02
3.180000000000000000e+02
3.060000000000000000e+02
3.080000000000000000e+02
2.970000000000000000e+02
2.950000000000000000e+02
2.960000000000000000e+02
2.840000000000000000e+02
2.750000000000000000e+02
2.610000000000000000e+02
2.560000000000000000e+02
2.460000000000000000e+02
2.430000000000000000e+02
2.360000000000000000e+02
2.350000000000000000e+02
2.420000000000000000e+02
2.470000000000000000e+02
2.540000000000000000e+02
2.610000000000000000e+02
2.580000000000000000e+02
2.550000000000000000e+02
2.450000000000000000e+02
2.540000000000000000e+02
2.570000000000000000e+02
2.570000000000000000e+02
2.780000000000000000e+02
2.840000000000000000e+02
2.980000000000000000e+02
3.020000000000000000e+02
3.120000000000000000e+02
3.220000000000000000e+02
3.410000000000000000e+02
3.420000000000000000e+02
3.360000000000000000e+02
3.290000000000000000e+02
3.160000000000000000e+02
3.150000000000000000e+02
3.050000000000000000e+02
3.050000000000000000e+02
2.960000000000000000e+02
2.860000000000000000e+02
2.890000000000000000e+02
2.840000000000000000e+02
2.840000000000000000e+02
2.670000000000000000e+02
2.610000000000000000e+02
2.560000000000000000e+02
2.470000000000000000e+02
2.410000000000000000e+02
2.330000000000000000e+02
2.300000000000000000e+02
2.230000000000000000e+02
2.200000000000000000e+02
2.190000000000000000e+02
2.150000000000000000e+02
2.080000000000000000e+02
2.150000000000000000e+02
2.160000000000000000e+02
2.270000000000000000e+02
2.250000000000000000e+02
2.350000000000000000e+02
2.350000000000000000e+02
2.470000000000000000e+02
2.440000000000000000e+02
2.490000000000000000e+02
2.550000000000000000e+02
2.520000000000000000e+02
2.530000000000000000e+02
2.590000000000000000e+02
2.800000000000000000e+02
2.790000000000000000e+02
2.830000000000000000e+02
2.870000000000000000e+02
