7.400000000000000000e+01
7.400000000000000000e+01
7.600000000000000000e+01
7.100000000000000000e+01
6.400000000000000000e+01
5.800000000000000000e+01
6.200000000000000000e+01
6.400000000000000000e+01
7.000000000000000000e+01
7.000000000000000000e+01
7.000000000000000000e+01
7.000000000000000000e+01
7.000000000000000000e+01
6.700000000000000000e+01
6.000000000000000000e+01
5.700000000000000000e+01
6.200000000000000000e+01
6.400000000000000000e+01
5.800000000000000000e+01
5.100000000000000000e+01
5.000000000000000000e+01
5.400000000000000000e+01
5.400000000000000000e+01
5.100000000000000000e+01
4.700000000000000000e+01
4.500000000000000000e+01
4.600000000000000000e+01
4.100000000000000000e+01
3.800000000000000000e+01
3.800000000000000000e+01
3.800000000000000000e+01
4.000000000000000000e+01
3.900000000000000000e+01
4.100000000000000000e+01
4.200000000000000000e+01
4.200000000000000000e+01
3.800000000000000000e+01
3.500000000000000000e+01
3.700000000000000000e+01
4.000000000000000000e+01
4.400000000000000000e+01
4.400000000000000000e+01
5.300000000000000000e+01
6.700000000000000000e+01
6.700000000000000000e+01
7.100000000000000000e+01
7.600000000000000000e+01
7.400000000000000000e+01
7.900000000000000000e+01
8.700000000000000000e+01
9.500000000000000000e+01
9.600000000000000000e+01
9.900000000000000000e+01
1.150000000000000000e+02
1.360000000000000000e+02
1.570000000000000000e+02
1.720000000000000000e+02
1.970000000000000000e+02
2.120000000000000000e+02
2.380000000000000000e+02
2.550000000000000000e+02
2.580000000000000000e+02
2.700000000000000000e+02
2.910000000000000000e+02
3.120000000000000000e+02
3.150000000000000000e+02
3.250000000000000000e+02
3.510000000000000000e+02
3.630000000000000000e+02
3.520000000000000000e+02
3.530000000000000000e+02
3.510000000000000000e+02
3.480000000000000000e+02
3.470000000000000000e+02
3.430000000000000000e+02
3.400000000000000000e+02
3.270000000000000000e+02
3.350000000000000000e+02
3.420000000000000000e+02
3.260000000000000000e+02
3.000000000000000000e+02
2.930000000000000000e+02
2.920000000000000000e+02
2.970000000000000000e+02
3.020000000000000000e+02
2.860000000000000000e+02
2.790000000000000000e+02
2.780000000000000000e+02
2.660000000000000000e+02
2.470000000000000000e+02
2.400000000000000000e+02
2.160000000000000000e+02
2.020000000000000000e+02
2.180000000000000000e+02
2.010000000000000000e+02
1.900000000000000000e+02
1.830000000000000000e+02
1.720000000000000000e+02
1.680000000000000000e+02
1.750000000000000000e+02
1.870000000000000000e+02
1.970000000000000000e+02
1.930000000000000000e+02
2.010000000000000000e+02
2.040000000000000000e+02
2.100000000000000000e+02
2.160000000000000000e+02
2.190000000000000000e+02
2.190000000000000000e+02
2.080000000000000000e+02
2.140000000000000000e+02
2.090000000000000000e+02
2.100000000000000000e+02
1.990000000000000000e+02
2.000000000000000000e+02
1.940000000000000000e+02
1.840000000000000000e+02
1.830000000000000000e+02
1.710000000000000000e+02
1.550000000000000000e+02
1.520000000000000000e+02
