8.200000000000000000e+01
1.030000000000000000e+02
1.110000000000000000e+02
1.130000000000000000e+02
1.180000000000000000e+02
1.280000000000000000e+02
1.510000000000000000e+02
1.690000000000000000e+02
1.820000000000000000e+02
1.880000000000000000e+02
2.100000000000000000e+02
2.130000000000000000e+02
2.220000000000000000e+02
2.380000000000000000e+02
2.560000000000000000e+02
2.720000000000000000e+02
2.900000000000000000e+02
3.110000000000000000e+02
3.070000000000000000e+02
3.170000000000000000e+02
3.200000000000000000e+02
3.400000000000000000e+02
3.510000000000000000e+02
3.580000000000000000e+02
3.710000000000000000e+02
3.770000000000000000e+02
3.760000000000000000e+02
3.780000000000000000e+02
3.640000000000000000e+02
3.620000000000000000e+02
3.590000000000000000e+02
3.650000000000000000e+02
3.690000000000000000e+02
3.660000000000000000e+02
3.650000000000000000e+02
3.570000000000000000e+02
3.730000000000000000e+02
3.580000000000000000e+02
3.700000000000000000e+02
3.570000000000000000e+02
3.670000000000000000e+02
3.510000000000000000e+02
3.340000000000000000e+02
3.340000000000000000e+02
3.230000000000000000e+02
3.250000000000000000e+02
3.190000000000000000e+02
3.070000000000000000e+02
3.030000000000000000e+02
3.010000000000000000e+02
3.070000000000000000e+02
3.150000000000000000e+02
3.010000000000000000e+02
2.810000000000000000e+02
2.780000000000000000e+02
2.810000000000000000e+02
2.690000000000000000e+02
2.640000000000000000e+02
2.790000000000000000e+02
2.710000000000000000e+02
2.780000000000000000e+02
2.670000000000000000e+02
2.760000000000000000e+02
2.890000000000000000e+02
2.870000000000000000e+02
2.900000000000000000e+02
2.880000000000000000e+02
2.990000000000000000e+02
3.060000000000000000e+02
2.940000000000000000e+02
2.940000000000000000e+02
2.850000000000000000e+02
2.830000000000000000e+02
2.820000000000000000e+02
2.830000000000000000e+02
2.920000000000000000e+02
2.920000000000000000e+02
2.920000000000000000e+02
2.890000000000000000e+02
2.770000000000000000e+02
2.640000000000000000e+02
2.550000000000000000e+02
2.620000000000000000e+02
2.600000000000000000e+02
2.590000000000000000e+02
2.660000000000000000e+02
2.600000000000000000e+02
2.590000000000000000e+02
2.640000000000000000e+02
2.420000000000000000e+02
2.350000000000000000e+02
2.280000000000000000e+02
2.240000000000000000e+02
2.400000000000000000e+02
2.460000000000000000e+02
2.390000000000000000e+02
2.480000000000000000e+02
2.470000000000000000e+02
2.520000000000000000e+02
2.450000000000000000e+02
2.420000000000000000e+02
2.620000000000000000e+02
2.690000000000000000e+02
2.700000000000000000e+02
2.770000000000000000e+02
2.720000000000000000e+02
2.750000000000000000e+02
2.680000000000000000e+02
2.700000000000000000e+02
2.610000000000000000e+02
2.490000000000000000e+02
2.340000000000000000e+02
2.390000000000000000e+02
2.310000000000000000e+02
2.370000000000000000e+02
2.350000000000000000e+02
2.300000000000000000e+02
2.290000000000000000e+02
2.290000000000000000e+02
2.220000000000000000e+02
2.080000000000000000e+02
2.160000000000000000e+02
2.070000000000000000e+02
