1.010000000000000000e+02
1.060000000000000000e+02
1.090000000000000000e+02
1.130000000000000000e+02
1.230000000000000000e+02
1.310000000000000000e+02
1.480000000000000000e+02
1.560000000000000000e+02
1.640000000000000000e+02
1.860000000000000000e+02
2.080000000000000000e+02
2.220000000000000000e+02
2.540000000000000000e+02
2.730000000000000000e+02
2.850000000000000000e+02
2.820000000000000000e+02
2.920000000000000000e+02
2.950000000000000000e+02
3.040000000000000000e+02
3.270000000000000000e+02
3.310000000000000000e+02
3.330000000000000000e+02
3.410000000000000000e+02
3.480000000000000000e+02
3.390000000000000000e+02
3.580000000000000000e+02
3.640000000000000000e+02
3.830000000000000000e+02
3.830000000000000000e+02
3.850000000000000000e+02
3.830000000000000000e+02
3.900000000000000000e+02
4.060000000000000000e+02
4.130000000000000000e+02
4.000000000000000000e+02
4.010000000000000000e+02
3.970000000000000000e+02
3.910000000000000000e+02
3.890000000000000000e+02
3.840000000000000000e+02
3.770000000000000000e+02
3.790000000000000000e+02
3.970000000000000000e+02
3.950000000000000000e+02
3.940000000000000000e+02
3.860000000000000000e+02
3.810000000000000000e+02
3.840000000000000000e+02
3.580000000000000000e+02
3.460000000000000000e+02
3.360000000000000000e+02
3.110000000000000000e+02
3.030000000000000000e+02
3.030000000000000000e+02
3.010000000000000000e+02
3.030000000000000000e+02
2.980000000000000000e+02
2.810000000000000000e+02
2.720000000000000000e+02
2.630000000000000000e+02
2.590000000000000000e+02
2.500000000000000000e+02
2.580000000000000000e+02
2.560000000000000000e+02
2.650000000000000000e+02
2.770000000000000000e+02
2.850000000000000000e+02
3.000000000000000000e+02
2.970000000000000000e+02
2.970000000000000000e+02
3.100000000000000000e+02
3.110000000000000000e+02
3.160000000000000000e+02
2.960000000000000000e+02
2.980000000000000000e+02
2.960000000000000000e+02
3.030000000000000000e+02
2.940000000000000000e+02
2.970000000000000000e+02
2.890000000000000000e+02
2.850000000000000000e+02
2.790000000000000000e+02
2.690000000000000000e+02
2.680000000000000000e+02
2.690000000000000000e+02
2.720000000000000000e+02
2.730000000000000000e+02
2.640000000000000000e+02
2.450000000000000000e+02
2.390000000000000000e+02
2.330000000000000000e+02
2.270000000000000000e+02
2.270000000000000000e+02
2.310000000000000000e+02
2.330000000000000000e+02
2.330000000000000000e+02
2.260000000000000000e+02
2.190000000000000000e+02
2.310000000000000000e+02
2.460000000000000000e+02
2.500000000000000000e+02
2.660000000000000000e+02
2.640000000000000000e+02
2.710000000000000000e+02
2.940000000000000000e+02
3.160000000000000000e+02
3.130000000000000000e+02
3.060000000000000000e+02
3.150000000000000000e+02
3.140000000000000000e+02
3.120000000000000000e+02
3.080000000000000000e+02
2.990000000000000000e+02
2.810000000000000000e+02
2.680000000000000000e+02
2.650000000000000000e+02
2.610000000000000000e+02
2.610000000000000000e+02
2.480000000000000000e+02
2.390000000000000000e+02
2.260000000000000000e+02
2.220000000000000000e+02
2.040000000000000000e+02
