8.700000000000000000e+01
9.700000000000000000e+01
1.050000000000000000e+02
9.500000000000000000e+01
1.030000000000000000e+02
1.080000000000000000e+02
1.120000000000000000e+02
1.210000000000000000e+02
1.270000000000000000e+02
1.430000000000000000e+02
1.500000000000000000e+02
1.500000000000000000e+02
1.790000000000000000e+02
1.870000000000000000e+02
2.180000000000000000e+02
2.610000000000000000e+02
2.900000000000000000e+02
3.130000000000000000e+02
3.600000000000000000e+02
3.920000000000000000e+02
4.190000000000000000e+02
4.340000000000000000e+02
4.500000000000000000e+02
4.550000000000000000e+02
4.720000000000000000e+02
4.830000000000000000e+02
4.930000000000000000e+02
5.030000000000000000e+02
5.040000000000000000e+02
5.130000000000000000e+02
5.400000000000000000e+02
5.210000000000000000e+02
5.250000000000000000e+02
5.390000000000000000e+02
5.610000000000000000e+02
5.560000000000000000e+02
5.430000000000000000e+02
5.400000000000000000e+02
5.270000000000000000e+02
5.320000000000000000e+02
5.570000000000000000e+02
5.520000000000000000e+02
5.440000000000000000e+02
5.350000000000000000e+02
5.130000000000000000e+02
5.180000000000000000e+02
5.020000000000000000e+02
5.020000000000000000e+02
4.900000000000000000e+02
4.750000000000000000e+02
4.850000000000000000e+02
4.700000000000000000e+02
4.680000000000000000e+02
4.710000000000000000e+02
4.630000000000000000e+02
4.440000000000000000e+02
4.400000000000000000e+02
4.490000000000000000e+02
4.690000000000000000e+02
4.650000000000000000e+02
4.480000000000000000e+02
4.260000000000000000e+02
4.380000000000000000e+02
4.360000000000000000e+02
4.320000000000000000e+02
4.140000000000000000e+02
3.960000000000000000e+02
3.940000000000000000e+02
3.910000000000000000e+02
3.800000000000000000e+02
3.810000000000000000e+02
3.700000000000000000e+02
3.780000000000000000e+02
3.590000000000000000e+02
3.460000000000000000e+02
3.410000000000000000e+02
3.350000000000000000e+02
3.240000000000000000e+02
3.170000000000000000e+02
3.140000000000000000e+02
3.180000000000000000e+02
3.080000000000000000e+02
3.000000000000000000e+02
2.950000000000000000e+02
2.870000000000000000e+02
2.950000000000000000e+02
2.900000000000000000e+02
2.720000000000000000e+02
2.720000000000000000e+02
2.670000000000000000e+02
2.700000000000000000e+02
2.680000000000000000e+02
2.660000000000000000e+02
2.530000000000000000e+02
2.470000000000000000e+02
2.540000000000000000e+02
2.570000000000000000e+02
2.540000000000000000e+02
2.580000000000000000e+02
2.740000000000000000e+02
2.800000000000000000e+02
2.800000000000000000e+02
2.790000000000000000e+02
2.870000000000000000e+02
3.100000000000000000e+02
3.020000000000000000e+02
2.960000000000000000e+02
3.120000000000000000e+02
3.310000000000000000e+02
3.380000000000000000e+02
3.400000000000000000e+02
3.550000000000000000e+02
3.460000000000000000e+02
3.450000000000000000e+02
3.420000000000000000e+02
3.340000000000000000e+02
3.220000000000000000e+02
3.090000000000000000e+02
2.990000000000000000e+02
2.940000000000000000e+02
3.020000000000000000e+02
3.000000000000000000e+02
