9.000000000000000000e+01
8.400000000000000000e+01
7.800000000000000000e+01
8.200000000000000000e+01
9.000000000000000000e+01
9.700000000000000000e+01
9.900000000000000000e+01
1.030000000000000000e+02
1.060000000000000000e+02
1.060000000000000000e+02
1.100000000000000000e+02
1.080000000000000000e+02
1.020000000000000000e+02
9.700000000000000000e+01
9.900000000000000000e+01
9.400000000000000000e+01
8.600000000000000000e+01
8.600000000000000000e+01
7.800000000000000000e+01
8.200000000000000000e+01
7.400000000000000000e+01
7.700000000000000000e+01
6.900000000000000000e+01
7.200000000000000000e+01
7.400000000000000000e+01
8.300000000000000000e+01
8.100000000000000000e+01
8.200000000000000000e+01
8.300000000000000000e+01
8.100000000000000000e+01
8.000000000000000000e+01
7.800000000000000000e+01
8.000000000000000000e+01
8.400000000000000000e+01
8.600000000000000000e+01
1.030000000000000000e+02
1.060000000000000000e+02
1.080000000000000000e+02
1.120000000000000000e+02
1.160000000000000000e+02
1.250000000000000000e+02
1.300000000000000000e+02
1.390000000000000000e+02
1.510000000000000000e+02
1.570000000000000000e+02
1.720000000000000000e+02
1.880000000000000000e+02
2.130000000000000000e+02
2.240000000000000000e+02
2.380000000000000000e+02
2.580000000000000000e+02
2.750000000000000000e+02
2.620000000000000000e+02
2.800000000000000000e+02
2.950000000000000000e+02
2.970000000000000000e+02
3.030000000000000000e+02
3.070000000000000000e+02
3.080000000000000000e+02
3.010000000000000000e+02
3.120000000000000000e+02
3.060000000000000000e+02
2.930000000000000000e+02
2.890000000000000000e+02
2.830000000000000000e+02
2.750000000000000000e+02
2.720000000000000000e+02
2.550000000000000000e+02
2.560000000000000000e+02
2.440000000000000000e+02
2.460000000000000000e+02
2.450000000000000000e+02
2.380000000000000000e+02
2.190000000000000000e+02
2.010000000000000000e+02
2.000000000000000000e+02
2.030000000000000000e+02
1.920000000000000000e+02
1.870000000000000000e+02
1.900000000000000000e+02
1.820000000000000000e+02
1.860000000000000000e+02
1.940000000000000000e+02
1.960000000000000000e+02
1.930000000000000000e+02
1.890000000000000000e+02
1.930000000000000000e+02
2.010000000000000000e+02
2.130000000000000000e+02
2.220000000000000000e+02
2.220000000000000000e+02
2.230000000000000000e+02
2.250000000000000000e+02
2.280000000000000000e+02
2.280000000000000000e+02
2.350000000000000000e+02
2.210000000000000000e+02
2.070000000000000000e+02
2.060000000000000000e+02
1.970000000000000000e+02
1.850000000000000000e+02
1.800000000000000000e+02
1.570000000000000000e+02
1.560000000000000000e+02
1.500000000000000000e+02
1.580000000000000000e+02
1.510000000000000000e+02
1.540000000000000000e+02
1.550000000000000000e+02
1.560000000000000000e+02
1.510000000000000000e+02
1.580000000000000000e+02
1.650000000000000000e+02
1.670000000000000000e+02
1.600000000000000000e+02
1.510000000000000000e+02
1.500000000000000000e+02
1.550000000000000000e+02
1.550000000000000000e+02
1.730000000000000000e+02
1.860000000000000000e+02
