1.130000000000000000e+02
1.120000000000000000e+02
1.170000000000000000e+02
1.120000000000000000e+02
1.280000000000000000e+02
1.380000000000000000e+02
1.460000000000000000e+02
1.470000000000000000e+02
1.540000000000000000e+02
1.710000000000000000e+02
1.800000000000000000e+02
2.100000000000000000e+02
2.360000000000000000e+02
2.690000000000000000e+02
2.810000000000000000e+02
3.230000000000000000e+02
3.150000000000000000e+02
3.530000000000000000e+02
3.690000000000000000e+02
3.880000000000000000e+02
4.230000000000000000e+02
4.520000000000000000e+02
4.620000000000000000e+02
4.610000000000000000e+02
4.710000000000000000e+02
4.870000000000000000e+02
4.790000000000000000e+02
4.750000000000000000e+02
4.830000000000000000e+02
4.740000000000000000e+02
4.670000000000000000e+02
4.680000000000000000e+02
4.840000000000000000e+02
4.830000000000000000e+02
4.910000000000000000e+02
4.860000000000000000e+02
4.940000000000000000e+02
4.930000000000000000e+02
4.880000000000000000e+02
4.610000000000000000e+02
4.400000000000000000e+02
4.070000000000000000e+02
4.180000000000000000e+02
4.330000000000000000e+02
4.440000000000000000e+02
4.330000000000000000e+02
4.320000000000000000e+02
4.350000000000000000e+02
4.280000000000000000e+02
4.150000000000000000e+02
4.170000000000000000e+02
4.110000000000000000e+02
3.950000000000000000e+02
3.850000000000000000e+02
3.830000000000000000e+02
3.620000000000000000e+02
3.680000000000000000e+02
3.580000000000000000e+02
3.770000000000000000e+02
3.740000000000000000e+02
3.770000000000000000e+02
3.650000000000000000e+02
3.660000000000000000e+02
3.620000000000000000e+02
3.540000000000000000e+02
3.560000000000000000e+02
3.570000000000000000e+02
3.490000000000000000e+02
3.380000000000000000e+02
3.310000000000000000e+02
3.180000000000000000e+02
3.160000000000000000e+02
3.000000000000000000e+02
3.000000000000000000e+02
2.920000000000000000e+02
2.890000000000000000e+02
2.810000000000000000e+02
2.780000000000000000e+02
2.720000000000000000e+02
2.670000000000000000e+02
2.670000000000000000e+02
2.530000000000000000e+02
2.470000000000000000e+02
2.530000000000000000e+02
2.530000000000000000e+02
2.500000000000000000e+02
2.630000000000000000e+02
2.600000000000000000e+02
2.690000000000000000e+02
2.700000000000000000e+02
2.750000000000000000e+02
2.910000000000000000e+02
2.910000000000000000e+02
2.920000000000000000e+02
3.090000000000000000e+02
3.300000000000000000e+02
3.190000000000000000e+02
3.230000000000000000e+02
3.260000000000000000e+02
3.330000000000000000e+02
3.390000000000000000e+02
3.520000000000000000e+02
3.560000000000000000e+02
3.550000000000000000e+02
3.610000000000000000e+02
3.460000000000000000e+02
3.430000000000000000e+02
3.390000000000000000e+02
3.330000000000000000e+02
3.210000000000000000e+02
3.150000000000000000e+02
3.090000000000000000e+02
3.140000000000000000e+02
3.230000000000000000e+02
3.260000000000000000e+02
3.200000000000000000e+02
3.090000000000000000e+02
3.040000000000000000e+02
2.900000000000000000e+02
2.840000000000000000e+02
2.940000000000000000e+02
2.830000000000000000e+02
