8.400000000000000000e+01
8.800000000000000000e+01
8.900000000000000000e+01
8.700000000000000000e+01
9.600000000000000000e+01
1.000000000000000000e+02
9.400000000000000000e+01
9.500000000000000000e+01
9.200000000000000000e+01
8.600000000000000000e+01
8.300000000000000000e+01
8.600000000000000000e+01
8.400000000000000000e+01
8.500000000000000000e+01
7.700000000000000000e+01
7.700000000000000000e+01
7.400000000000000000e+01
7.400000000000000000e+01
7.500000000000000000e+01
6.700000000000000000e+01
5.900000000000000000e+01
4.900000000000000000e+01
5.700000000000000000e+01
5.600000000000000000e+01
5.800000000000000000e+01
5.200000000000000000e+01
5.100000000000000000e+01
5.700000000000000000e+01
6.300000000000000000e+01
5.400000000000000000e+01
5.000000000000000000e+01
5.900000000000000000e+01
6.300000000000000000e+01
6.400000000000000000e+01
7.300000000000000000e+01
7.800000000000000000e+01
8.200000000000000000e+01
8.700000000000000000e+01
9.100000000000000000e+01
9.300000000000000000e+01
1.060000000000000000e+02
1.140000000000000000e+02
1.060000000000000000e+02
1.200000000000000000e+02
1.230000000000000000e+02
1.250000000000000000e+02
1.440000000000000000e+02
1.590000000000000000e+02
1.790000000000000000e+02
2.040000000000000000e+02
2.150000000000000000e+02
2.340000000000000000e+02
2.480000000000000000e+02
2.590000000000000000e+02
2.800000000000000000e+02
2.820000000000000000e+02
2.880000000000000000e+02
2.850000000000000000e+02
2.900000000000000000e+02
2.890000000000000000e+02
2.880000000000000000e+02
2.980000000000000000e+02
3.030000000000000000e+02
2.960000000000000000e+02
2.980000000000000000e+02
2.780000000000000000e+02
2.700000000000000000e+02
2.650000000000000000e+02
2.810000000000000000e+02
2.660000000000000000e+02
2.530000000000000000e+02
2.310000000000000000e+02
2.300000000000000000e+02
2.280000000000000000e+02
2.230000000000000000e+02
1.990000000000000000e+02
2.120000000000000000e+02
2.070000000000000000e+02
2.070000000000000000e+02
2.090000000000000000e+02
2.000000000000000000e+02
1.970000000000000000e+02
1.920000000000000000e+02
1.900000000000000000e+02
1.850000000000000000e+02
1.810000000000000000e+02
1.900000000000000000e+02
1.910000000000000000e+02
1.950000000000000000e+02
2.040000000000000000e+02
2.130000000000000000e+02
2.170000000000000000e+02
2.180000000000000000e+02
2.190000000000000000e+02
2.050000000000000000e+02
2.150000000000000000e+02
2.160000000000000000e+02
2.060000000000000000e+02
2.130000000000000000e+02
1.900000000000000000e+02
1.940000000000000000e+02
1.880000000000000000e+02
1.790000000000000000e+02
1.680000000000000000e+02
1.660000000000000000e+02
1.590000000000000000e+02
1.650000000000000000e+02
1.620000000000000000e+02
1.650000000000000000e+02
1.600000000000000000e+02
1.550000000000000000e+02
1.520000000000000000e+02
1.470000000000000000e+02
1.480000000000000000e+02
1.430000000000000000e+02
1.350000000000000000e+02
1.380000000000000000e+02
1.460000000000000000e+02
1.460000000000000000e+02
1.430000000000000000e+02
1.400000000000000000e+02
