1.870000000000000000e+02
1.750000000000000000e+02
1.740000000000000000e+02
1.730000000000000000e+02
1.760000000000000000e+02
1.770000000000000000e+02
1.850000000000000000e+02
1.960000000000000000e+02
1.990000000000000000e+02
2.150000000000000000e+02
2.200000000000000000e+02
2.390000000000000000e+02
2.630000000000000000e+02
2.780000000000000000e+02
3.140000000000000000e+02
3.290000000000000000e+02
3.460000000000000000e+02
3.780000000000000000e+02
3.820000000000000000e+02
3.770000000000000000e+02
3.940000000000000000e+02
4.150000000000000000e+02
4.270000000000000000e+02
4.360000000000000000e+02
4.380000000000000000e+02
4.370000000000000000e+02
4.480000000000000000e+02
4.730000000000000000e+02
4.500000000000000000e+02
4.460000000000000000e+02
4.460000000000000000e+02
4.320000000000000000e+02
4.310000000000000000e+02
4.190000000000000000e+02
3.970000000000000000e+02
3.970000000000000000e+02
3.790000000000000000e+02
3.660000000000000000e+02
3.540000000000000000e+02
3.430000000000000000e+02
3.440000000000000000e+02
3.210000000000000000e+02
2.980000000000000000e+02
2.870000000000000000e+02
2.840000000000000000e+02
2.790000000000000000e+02
2.790000000000000000e+02
2.850000000000000000e+02
2.800000000000000000e+02
2.840000000000000000e+02
2.740000000000000000e+02
2.670000000000000000e+02
2.530000000000000000e+02
2.580000000000000000e+02
2.580000000000000000e+02
2.570000000000000000e+02
2.650000000000000000e+02
2.490000000000000000e+02
2.670000000000000000e+02
2.800000000000000000e+02
2.650000000000000000e+02
2.990000000000000000e+02
3.140000000000000000e+02
3.300000000000000000e+02
3.220000000000000000e+02
3.270000000000000000e+02
3.380000000000000000e+02
3.490000000000000000e+02
3.390000000000000000e+02
3.240000000000000000e+02
3.130000000000000000e+02
3.060000000000000000e+02
2.960000000000000000e+02
3.020000000000000000e+02
2.900000000000000000e+02
2.810000000000000000e+02
2.820000000000000000e+02
2.700000000000000000e+02
2.590000000000000000e+02
2.610000000000000000e+02
2.680000000000000000e+02
2.520000000000000000e+02
2.440000000000000000e+02
2.410000000000000000e+02
2.470000000000000000e+02
2.360000000000000000e+02
2.310000000000000000e+02
2.270000000000000000e+02
2.270000000000000000e+02
2.310000000000000000e+02
2.390000000000000000e+02
2.480000000000000000e+02
2.600000000000000000e+02
2.650000000000000000e+02
2.840000000000000000e+02
3.060000000000000000e+02
3.090000000000000000e+02
3.230000000000000000e+02
3.190000000000000000e+02
3.210000000000000000e+02
3.250000000000000000e+02
3.390000000000000000e+02
3.260000000000000000e+02
3.250000000000000000e+02
3.270000000000000000e+02
3.340000000000000000e+02
3.270000000000000000e+02
3.190000000000000000e+02
3.350000000000000000e+02
3.140000000000000000e+02
3.090000000000000000e+02
2.940000000000000000e+02
2.740000000000000000e+02
2.610000000000000000e+02
2.490000000000000000e+02
2.450000000000000000e+02
2.320000000000000000e+02
2.120000000000000000e+02
2.010000000000000000e+02
2.000000000000000000e+02
1.920000000000000000e+02
