5.800000000000000000e+01
5.800000000000000000e+01
5.500000000000000000e+01
5.800000000000000000e+01
5.800000000000000000e+01
5.400000000000000000e+01
5.600000000000000000e+01
5.900000000000000000e+01
6.000000000000000000e+01
6.000000000000000000e+01
5.600000000000000000e+01
5.600000000000000000e+01
6.100000000000000000e+01
5.300000000000000000e+01
5.400000000000000000e+01
5.400000000000000000e+01
5.300000000000000000e+01
5.100000000000000000e+01
4.800000000000000000e+01
4.400000000000000000e+01
4.400000000000000000e+01
4.000000000000000000e+01
4.000000000000000000e+01
4.300000000000000000e+01
4.000000000000000000e+01
3.700000000000000000e+01
3.300000000000000000e+01
3.200000000000000000e+01
3.500000000000000000e+01
3.100000000000000000e+01
3.200000000000000000e+01
3.000000000000000000e+01
3.200000000000000000e+01
3.300000000000000000e+01
3.300000000000000000e+01
3.000000000000000000e+01
2.400000000000000000e+01
2.100000000000000000e+01
2.100000000000000000e+01
2.500000000000000000e+01
3.500000000000000000e+01
3.800000000000000000e+01
4.000000000000000000e+01
4.300000000000000000e+01
5.500000000000000000e+01
6.200000000000000000e+01
6.800000000000000000e+01
7.800000000000000000e+01
7.100000000000000000e+01
7.800000000000000000e+01
8.500000000000000000e+01
8.400000000000000000e+01
9.000000000000000000e+01
9.800000000000000000e+01
1.150000000000000000e+02
1.210000000000000000e+02
1.340000000000000000e+02
1.480000000000000000e+02
1.740000000000000000e+02
1.870000000000000000e+02
2.070000000000000000e+02
2.170000000000000000e+02
2.420000000000000000e+02
2.800000000000000000e+02
2.910000000000000000e+02
2.990000000000000000e+02
3.090000000000000000e+02
3.270000000000000000e+02
3.390000000000000000e+02
3.560000000000000000e+02
3.460000000000000000e+02
3.570000000000000000e+02
3.540000000000000000e+02
3.560000000000000000e+02
3.450000000000000000e+02
3.540000000000000000e+02
3.570000000000000000e+02
3.410000000000000000e+02
3.410000000000000000e+02
3.280000000000000000e+02
3.260000000000000000e+02
3.150000000000000000e+02
3.070000000000000000e+02
3.030000000000000000e+02
2.970000000000000000e+02
2.810000000000000000e+02
2.670000000000000000e+02
2.450000000000000000e+02
2.360000000000000000e+02
2.330000000000000000e+02
2.300000000000000000e+02
2.270000000000000000e+02
2.220000000000000000e+02
2.270000000000000000e+02
2.140000000000000000e+02
2.090000000000000000e+02
2.100000000000000000e+02
2.070000000000000000e+02
2.060000000000000000e+02
2.070000000000000000e+02
2.000000000000000000e+02
1.950000000000000000e+02
2.020000000000000000e+02
2.140000000000000000e+02
2.060000000000000000e+02
1.980000000000000000e+02
2.010000000000000000e+02
2.010000000000000000e+02
2.020000000000000000e+02
2.010000000000000000e+02
1.920000000000000000e+02
1.780000000000000000e+02
1.810000000000000000e+02
1.670000000000000000e+02
1.540000000000000000e+02
1.580000000000000000e+02
1.500000000000000000e+02
1.440000000000000000e+02
1.440000000000000000e+02
1.340000000000000000e+02
1.370000000000000000e+02
