1.040000000000000000e+02
1.100000000000000000e+02
1.060000000000000000e+02
1.050000000000000000e+02
1.130000000000000000e+02
1.120000000000000000e+02
1.170000000000000000e+02
1.150000000000000000e+02
1.180000000000000000e+02
1.330000000000000000e+02
1.580000000000000000e+02
1.960000000000000000e+02
2.100000000000000000e+02
2.380000000000000000e+02
2.560000000000000000e+02
2.870000000000000000e+02
3.040000000000000000e+02
3.060000000000000000e+02
3.320000000000000000e+02
3.470000000000000000e+02
3.730000000000000000e+02
3.830000000000000000e+02
4.090000000000000000e+02
3.910000000000000000e+02
4.010000000000000000e+02
3.980000000000000000e+02
4.030000000000000000e+02
3.980000000000000000e+02
4.160000000000000000e+02
4.250000000000000000e+02
4.350000000000000000e+02
4.390000000000000000e+02
4.400000000000000000e+02
4.350000000000000000e+02
4.320000000000000000e+02
4.330000000000000000e+02
4.300000000000000000e+02
4.270000000000000000e+02
4.220000000000000000e+02
4.150000000000000000e+02
3.880000000000000000e+02
4.000000000000000000e+02
3.860000000000000000e+02
3.990000000000000000e+02
4.160000000000000000e+02
4.040000000000000000e+02
4.280000000000000000e+02
4.180000000000000000e+02
4.200000000000000000e+02
4.190000000000000000e+02
4.180000000000000000e+02
4.060000000000000000e+02
3.950000000000000000e+02
3.700000000000000000e+02
3.890000000000000000e+02
3.800000000000000000e+02
3.910000000000000000e+02
3.820000000000000000e+02
3.860000000000000000e+02
3.740000000000000000e+02
3.670000000000000000e+02
3.760000000000000000e+02
3.640000000000000000e+02
3.650000000000000000e+02
3.530000000000000000e+02
3.530000000000000000e+02
3.500000000000000000e+02
3.380000000000000000e+02
3.390000000000000000e+02
3.280000000000000000e+02
3.380000000000000000e+02
3.530000000000000000e+02
3.500000000000000000e+02
3.620000000000000000e+02
3.320000000000000000e+02
3.370000000000000000e+02
3.430000000000000000e+02
3.340000000000000000e+02
3.360000000000000000e+02
3.270000000000000000e+02
3.270000000000000000e+02
3.110000000000000000e+02
3.140000000000000000e+02
3.110000000000000000e+02
3.220000000000000000e+02
3.150000000000000000e+02
3.040000000000000000e+02
2.910000000000000000e+02
2.870000000000000000e+02
2.750000000000000000e+02
2.680000000000000000e+02
2.680000000000000000e+02
2.790000000000000000e+02
2.810000000000000000e+02
2.680000000000000000e+02
2.630000000000000000e+02
2.670000000000000000e+02
2.570000000000000000e+02
2.450000000000000000e+02
2.500000000000000000e+02
2.540000000000000000e+02
2.560000000000000000e+02
2.780000000000000000e+02
2.990000000000000000e+02
2.960000000000000000e+02
2.960000000000000000e+02
2.760000000000000000e+02
2.850000000000000000e+02
2.830000000000000000e+02
2.920000000000000000e+02
3.020000000000000000e+02
2.900000000000000000e+02
2.980000000000000000e+02
2.970000000000000000e+02
2.920000000000000000e+02
2.850000000000000000e+02
2.720000000000000000e+02
2.770000000000000000e+02
2.870000000000000000e+02
2.780000000000000000e+02
2.650000000000000000e+02
2.550000000000000000e+02
