1.380000000000000000e+02
1.310000000000000000e+02
1.320000000000000000e+02
1.300000000000000000e+02
1.360000000000000000e+02
1.450000000000000000e+02
1.540000000000000000e+02
1.500000000000000000e+02
1.420000000000000000e+02
1.330000000000000000e+02
1.290000000000000000e+02
1.260000000000000000e+02
1.310000000000000000e+02
1.330000000000000000e+02
1.360000000000000000e+02
1.260000000000000000e+02
1.200000000000000000e+02
1.040000000000000000e+02
1.010000000000000000e+02
9.500000000000000000e+01
9.700000000000000000e+01
1.010000000000000000e+02
9.800000000000000000e+01
9.000000000000000000e+01
8.800000000000000000e+01
8.100000000000000000e+01
8.100000000000000000e+01
7.700000000000000000e+01
7.100000000000000000e+01
8.000000000000000000e+01
9.000000000000000000e+01
9.500000000000000000e+01
8.700000000000000000e+01
9.200000000000000000e+01
9.300000000000000000e+01
9.600000000000000000e+01
9.500000000000000000e+01
1.020000000000000000e+02
1.150000000000000000e+02
1.290000000000000000e+02
1.420000000000000000e+02
1.460000000000000000e+02
1.630000000000000000e+02
1.780000000000000000e+02
1.840000000000000000e+02
2.110000000000000000e+02
2.240000000000000000e+02
2.480000000000000000e+02
2.520000000000000000e+02
2.600000000000000000e+02
2.740000000000000000e+02
2.610000000000000000e+02
2.750000000000000000e+02
2.680000000000000000e+02
2.600000000000000000e+02
2.620000000000000000e+02
2.460000000000000000e+02
2.430000000000000000e+02
2.440000000000000000e+02
2.340000000000000000e+02
2.390000000000000000e+02
2.410000000000000000e+02
2.400000000000000000e+02
2.360000000000000000e+02
2.370000000000000000e+02
2.320000000000000000e+02
2.230000000000000000e+02
2.070000000000000000e+02
2.120000000000000000e+02
2.000000000000000000e+02
1.920000000000000000e+02
1.870000000000000000e+02
1.830000000000000000e+02
1.680000000000000000e+02
1.640000000000000000e+02
1.580000000000000000e+02
1.650000000000000000e+02
1.640000000000000000e+02
1.630000000000000000e+02
1.780000000000000000e+02
1.710000000000000000e+02
1.740000000000000000e+02
1.680000000000000000e+02
1.800000000000000000e+02
1.770000000000000000e+02
1.880000000000000000e+02
2.200000000000000000e+02
2.460000000000000000e+02
2.560000000000000000e+02
2.620000000000000000e+02
2.550000000000000000e+02
2.520000000000000000e+02
2.510000000000000000e+02
2.400000000000000000e+02
2.450000000000000000e+02
2.380000000000000000e+02
2.330000000000000000e+02
2.390000000000000000e+02
2.240000000000000000e+02
2.180000000000000000e+02
2.140000000000000000e+02
2.110000000000000000e+02
2.060000000000000000e+02
2.110000000000000000e+02
2.140000000000000000e+02
2.070000000000000000e+02
1.950000000000000000e+02
1.840000000000000000e+02
1.750000000000000000e+02
1.690000000000000000e+02
1.680000000000000000e+02
1.660000000000000000e+02
1.750000000000000000e+02
1.740000000000000000e+02
1.560000000000000000e+02
1.620000000000000000e+02
1.590000000000000000e+02
1.630000000000000000e+02
1.650000000000000000e+02
1.530000000000000000e+02
1.500000000000000000e+02
