1.630000000000000000e+02
1.650000000000000000e+02
1.600000000000000000e+02
1.450000000000000000e+02
1.550000000000000000e+02
1.610000000000000000e+02
1.580000000000000000e+02
1.540000000000000000e+02
1.520000000000000000e+02
1.390000000000000000e+02
1.440000000000000000e+02
1.450000000000000000e+02
1.430000000000000000e+02
1.430000000000000000e+02
1.390000000000000000e+02
1.470000000000000000e+02
1.420000000000000000e+02
1.380000000000000000e+02
1.330000000000000000e+02
1.330000000000000000e+02
1.290000000000000000e+02
1.230000000000000000e+02
1.150000000000000000e+02
1.140000000000000000e+02
1.240000000000000000e+02
1.250000000000000000e+02
1.320000000000000000e+02
1.320000000000000000e+02
1.260000000000000000e+02
1.370000000000000000e+02
1.400000000000000000e+02
1.380000000000000000e+02
1.370000000000000000e+02
1.430000000000000000e+02
1.480000000000000000e+02
1.660000000000000000e+02
1.790000000000000000e+02
1.790000000000000000e+02
1.910000000000000000e+02
2.180000000000000000e+02
2.330000000000000000e+02
2.510000000000000000e+02
2.650000000000000000e+02
2.730000000000000000e+02
2.700000000000000000e+02
2.590000000000000000e+02
2.700000000000000000e+02
2.770000000000000000e+02
2.680000000000000000e+02
2.860000000000000000e+02
2.940000000000000000e+02
2.960000000000000000e+02
2.830000000000000000e+02
2.890000000000000000e+02
2.820000000000000000e+02
2.740000000000000000e+02
2.690000000000000000e+02
2.580000000000000000e+02
2.650000000000000000e+02
2.690000000000000000e+02
2.660000000000000000e+02
2.700000000000000000e+02
2.500000000000000000e+02
2.430000000000000000e+02
2.200000000000000000e+02
2.110000000000000000e+02
1.950000000000000000e+02
1.930000000000000000e+02
1.860000000000000000e+02
1.880000000000000000e+02
1.880000000000000000e+02
1.790000000000000000e+02
1.830000000000000000e+02
1.930000000000000000e+02
1.800000000000000000e+02
1.840000000000000000e+02
1.930000000000000000e+02
1.910000000000000000e+02
1.910000000000000000e+02
2.080000000000000000e+02
2.280000000000000000e+02
2.460000000000000000e+02
2.500000000000000000e+02
2.680000000000000000e+02
2.630000000000000000e+02
2.580000000000000000e+02
2.640000000000000000e+02
2.870000000000000000e+02
2.730000000000000000e+02
2.890000000000000000e+02
3.050000000000000000e+02
2.780000000000000000e+02
2.560000000000000000e+02
2.640000000000000000e+02
2.610000000000000000e+02
2.510000000000000000e+02
2.380000000000000000e+02
2.240000000000000000e+02
2.180000000000000000e+02
2.140000000000000000e+02
1.950000000000000000e+02
1.820000000000000000e+02
1.850000000000000000e+02
1.750000000000000000e+02
1.600000000000000000e+02
1.480000000000000000e+02
1.510000000000000000e+02
1.450000000000000000e+02
1.320000000000000000e+02
1.270000000000000000e+02
1.260000000000000000e+02
1.330000000000000000e+02
1.300000000000000000e+02
1.340000000000000000e+02
1.230000000000000000e+02
1.200000000000000000e+02
1.220000000000000000e+02
1.260000000000000000e+02
1.240000000000000000e+02
1.260000000000000000e+02
1.290000000000000000e+02
