7.900000000000000000e+01
7.600000000000000000e+01
7.700000000000000000e+01
8.300000000000000000e+01
9.800000000000000000e+01
1.000000000000000000e+02
9.700000000000000000e+01
1.040000000000000000e+02
1.030000000000000000e+02
1.120000000000000000e+02
1.290000000000000000e+02
1.370000000000000000e+02
1.590000000000000000e+02
1.770000000000000000e+02
2.000000000000000000e+02
2.260000000000000000e+02
2.550000000000000000e+02
2.770000000000000000e+02
2.970000000000000000e+02
3.050000000000000000e+02
3.340000000000000000e+02
3.430000000000000000e+02
3.640000000000000000e+02
4.090000000000000000e+02
4.120000000000000000e+02
4.370000000000000000e+02
4.460000000000000000e+02
4.390000000000000000e+02
4.200000000000000000e+02
4.190000000000000000e+02
4.210000000000000000e+02
4.260000000000000000e+02
4.120000000000000000e+02
4.270000000000000000e+02
4.420000000000000000e+02
4.280000000000000000e+02
4.190000000000000000e+02
4.120000000000000000e+02
4.270000000000000000e+02
4.260000000000000000e+02
4.370000000000000000e+02
4.450000000000000000e+02
4.470000000000000000e+02
4.400000000000000000e+02
4.360000000000000000e+02
4.220000000000000000e+02
4.290000000000000000e+02
4.140000000000000000e+02
3.890000000000000000e+02
3.950000000000000000e+02
3.950000000000000000e+02
3.880000000000000000e+02
3.800000000000000000e+02
3.810000000000000000e+02
3.750000000000000000e+02
3.790000000000000000e+02
3.730000000000000000e+02
3.790000000000000000e+02
3.790000000000000000e+02
3.690000000000000000e+02
3.610000000000000000e+02
3.510000000000000000e+02
3.430000000000000000e+02
3.420000000000000000e+02
3.560000000000000000e+02
3.470000000000000000e+02
3.560000000000000000e+02
3.720000000000000000e+02
3.490000000000000000e+02
3.490000000000000000e+02
3.420000000000000000e+02
3.470000000000000000e+02
3.480000000000000000e+02
3.480000000000000000e+02
3.350000000000000000e+02
3.190000000000000000e+02
3.230000000000000000e+02
3.210000000000000000e+02
3.130000000000000000e+02
2.880000000000000000e+02
2.880000000000000000e+02
2.880000000000000000e+02
2.970000000000000000e+02
3.000000000000000000e+02
3.040000000000000000e+02
2.880000000000000000e+02
2.740000000000000000e+02
2.650000000000000000e+02
2.600000000000000000e+02
2.540000000000000000e+02
2.230000000000000000e+02
2.200000000000000000e+02
2.170000000000000000e+02
2.150000000000000000e+02
2.130000000000000000e+02
2.220000000000000000e+02
2.310000000000000000e+02
2.430000000000000000e+02
2.600000000000000000e+02
2.730000000000000000e+02
2.700000000000000000e+02
2.860000000000000000e+02
2.850000000000000000e+02
2.860000000000000000e+02
2.890000000000000000e+02
2.900000000000000000e+02
3.000000000000000000e+02
3.120000000000000000e+02
3.130000000000000000e+02
3.130000000000000000e+02
3.130000000000000000e+02
3.180000000000000000e+02
3.310000000000000000e+02
3.160000000000000000e+02
3.170000000000000000e+02
3.020000000000000000e+02
3.000000000000000000e+02
3.050000000000000000e+02
2.900000000000000000e+02
2.880000000000000000e+02
2.920000000000000000e+02
2.950000000000000000e+02
