1.280000000000000000e+02
1.290000000000000000e+02
1.290000000000000000e+02
1.310000000000000000e+02
1.270000000000000000e+02
1.350000000000000000e+02
1.350000000000000000e+02
1.430000000000000000e+02
1.510000000000000000e+02
1.570000000000000000e+02
1.600000000000000000e+02
1.500000000000000000e+02
1.460000000000000000e+02
1.350000000000000000e+02
1.270000000000000000e+02
1.220000000000000000e+02
1.320000000000000000e+02
1.250000000000000000e+02
1.180000000000000000e+02
1.180000000000000000e+02
1.220000000000000000e+02
1.130000000000000000e+02
1.030000000000000000e+02
9.800000000000000000e+01
9.900000000000000000e+01
1.030000000000000000e+02
1.130000000000000000e+02
1.190000000000000000e+02
1.190000000000000000e+02
1.140000000000000000e+02
1.120000000000000000e+02
1.190000000000000000e+02
1.240000000000000000e+02
1.300000000000000000e+02
1.230000000000000000e+02
1.280000000000000000e+02
1.420000000000000000e+02
1.370000000000000000e+02
1.550000000000000000e+02
1.700000000000000000e+02
1.930000000000000000e+02
2.130000000000000000e+02
2.220000000000000000e+02
2.540000000000000000e+02
2.690000000000000000e+02
2.740000000000000000e+02
2.930000000000000000e+02
3.010000000000000000e+02
3.210000000000000000e+02
3.270000000000000000e+02
3.180000000000000000e+02
3.140000000000000000e+02
3.190000000000000000e+02
3.260000000000000000e+02
3.280000000000000000e+02
3.170000000000000000e+02
3.210000000000000000e+02
3.150000000000000000e+02
3.150000000000000000e+02
2.960000000000000000e+02
2.800000000000000000e+02
2.690000000000000000e+02
2.540000000000000000e+02
2.420000000000000000e+02
2.420000000000000000e+02
2.290000000000000000e+02
2.170000000000000000e+02
2.020000000000000000e+02
1.870000000000000000e+02
1.880000000000000000e+02
1.760000000000000000e+02
1.730000000000000000e+02
1.880000000000000000e+02
1.780000000000000000e+02
1.790000000000000000e+02
1.800000000000000000e+02
1.690000000000000000e+02
1.710000000000000000e+02
1.990000000000000000e+02
2.110000000000000000e+02
2.280000000000000000e+02
2.460000000000000000e+02
2.260000000000000000e+02
2.230000000000000000e+02
2.390000000000000000e+02
2.480000000000000000e+02
2.550000000000000000e+02
2.440000000000000000e+02
2.500000000000000000e+02
2.390000000000000000e+02
2.290000000000000000e+02
2.110000000000000000e+02
2.140000000000000000e+02
2.240000000000000000e+02
2.260000000000000000e+02
2.250000000000000000e+02
2.220000000000000000e+02
2.150000000000000000e+02
1.900000000000000000e+02
1.750000000000000000e+02
1.750000000000000000e+02
1.700000000000000000e+02
1.510000000000000000e+02
1.490000000000000000e+02
1.480000000000000000e+02
1.370000000000000000e+02
1.350000000000000000e+02
1.310000000000000000e+02
1.280000000000000000e+02
1.280000000000000000e+02
1.380000000000000000e+02
1.390000000000000000e+02
1.390000000000000000e+02
1.350000000000000000e+02
1.430000000000000000e+02
1.340000000000000000e+02
1.260000000000000000e+02
1.210000000000000000e+02
1.170000000000000000e+02
1.180000000000000000e+02
1.240000000000000000e+02
