1.150000000000000000e+02
1.280000000000000000e+02
1.290000000000000000e+02
1.220000000000000000e+02
1.250000000000000000e+02
1.290000000000000000e+02
1.350000000000000000e+02
1.330000000000000000e+02
1.380000000000000000e+02
1.360000000000000000e+02
1.370000000000000000e+02
1.340000000000000000e+02
1.410000000000000000e+02
1.340000000000000000e+02
1.370000000000000000e+02
1.320000000000000000e+02
1.270000000000000000e+02
1.250000000000000000e+02
1.230000000000000000e+02
1.170000000000000000e+02
1.120000000000000000e+02
1.110000000000000000e+02
1.100000000000000000e+02
1.090000000000000000e+02
1.010000000000000000e+02
1.040000000000000000e+02
1.010000000000000000e+02
9.500000000000000000e+01
1.030000000000000000e+02
1.050000000000000000e+02
1.110000000000000000e+02
1.040000000000000000e+02
1.020000000000000000e+02
1.050000000000000000e+02
1.110000000000000000e+02
1.190000000000000000e+02
1.220000000000000000e+02
1.170000000000000000e+02
1.210000000000000000e+02
1.160000000000000000e+02
1.260000000000000000e+02
1.490000000000000000e+02
1.570000000000000000e+02
1.630000000000000000e+02
1.880000000000000000e+02
1.970000000000000000e+02
2.110000000000000000e+02
2.160000000000000000e+02
2.470000000000000000e+02
2.610000000000000000e+02
2.720000000000000000e+02
2.860000000000000000e+02
2.950000000000000000e+02
3.100000000000000000e+02
3.170000000000000000e+02
3.200000000000000000e+02
3.110000000000000000e+02
3.050000000000000000e+02
2.970000000000000000e+02
2.940000000000000000e+02
2.780000000000000000e+02
2.660000000000000000e+02
2.730000000000000000e+02
2.680000000000000000e+02
2.690000000000000000e+02
2.560000000000000000e+02
2.480000000000000000e+02
2.490000000000000000e+02
2.320000000000000000e+02
2.220000000000000000e+02
2.170000000000000000e+02
2.210000000000000000e+02
2.200000000000000000e+02
2.110000000000000000e+02
1.970000000000000000e+02
1.900000000000000000e+02
1.860000000000000000e+02
1.850000000000000000e+02
1.830000000000000000e+02
1.960000000000000000e+02
1.980000000000000000e+02
1.990000000000000000e+02
1.950000000000000000e+02
2.010000000000000000e+02
2.020000000000000000e+02
2.010000000000000000e+02
2.000000000000000000e+02
1.970000000000000000e+02
2.030000000000000000e+02
2.170000000000000000e+02
2.430000000000000000e+02
2.550000000000000000e+02
2.520000000000000000e+02
2.420000000000000000e+02
2.340000000000000000e+02
2.390000000000000000e+02
2.330000000000000000e+02
2.350000000000000000e+02
2.420000000000000000e+02
2.280000000000000000e+02
2.290000000000000000e+02
2.310000000000000000e+02
2.190000000000000000e+02
2.040000000000000000e+02
1.870000000000000000e+02
1.830000000000000000e+02
1.860000000000000000e+02
1.780000000000000000e+02
1.660000000000000000e+02
1.540000000000000000e+02
1.520000000000000000e+02
1.450000000000000000e+02
1.520000000000000000e+02
1.450000000000000000e+02
1.300000000000000000e+02
1.300000000000000000e+02
1.180000000000000000e+02
1.130000000000000000e+02
1.140000000000000000e+02
1.120000000000000000e+02
1.130000000000000000e+02
