9.900000000000000000e+01
9.700000000000000000e+01
8.800000000000000000e+01
8.900000000000000000e+01
9.400000000000000000e+01
9.500000000000000000e+01
1.070000000000000000e+02
1.200000000000000000e+02
1.250000000000000000e+02
1.340000000000000000e+02
1.400000000000000000e+02
1.460000000000000000e+02
1.600000000000000000e+02
1.750000000000000000e+02
1.940000000000000000e+02
2.070000000000000000e+02
2.110000000000000000e+02
2.410000000000000000e+02
2.690000000000000000e+02
3.040000000000000000e+02
3.620000000000000000e+02
3.850000000000000000e+02
4.270000000000000000e+02
4.470000000000000000e+02
4.510000000000000000e+02
4.620000000000000000e+02
4.870000000000000000e+02
5.010000000000000000e+02
4.980000000000000000e+02
4.860000000000000000e+02
4.920000000000000000e+02
4.740000000000000000e+02
4.680000000000000000e+02
4.770000000000000000e+02
4.930000000000000000e+02
4.940000000000000000e+02
5.170000000000000000e+02
5.080000000000000000e+02
4.930000000000000000e+02
4.930000000000000000e+02
4.940000000000000000e+02
4.990000000000000000e+02
5.140000000000000000e+02
5.040000000000000000e+02
5.050000000000000000e+02
4.900000000000000000e+02
4.830000000000000000e+02
4.760000000000000000e+02
4.470000000000000000e+02
4.450000000000000000e+02
4.370000000000000000e+02
4.370000000000000000e+02
4.330000000000000000e+02
4.060000000000000000e+02
4.060000000000000000e+02
3.960000000000000000e+02
3.830000000000000000e+02
3.760000000000000000e+02
3.780000000000000000e+02
3.750000000000000000e+02
3.790000000000000000e+02
3.620000000000000000e+02
3.730000000000000000e+02
3.660000000000000000e+02
3.770000000000000000e+02
3.760000000000000000e+02
3.700000000000000000e+02
3.700000000000000000e+02
3.620000000000000000e+02
3.490000000000000000e+02
3.500000000000000000e+02
3.620000000000000000e+02
3.460000000000000000e+02
3.370000000000000000e+02
3.310000000000000000e+02
3.100000000000000000e+02
3.130000000000000000e+02
3.070000000000000000e+02
3.020000000000000000e+02
3.020000000000000000e+02
2.980000000000000000e+02
3.060000000000000000e+02
3.030000000000000000e+02
3.030000000000000000e+02
2.990000000000000000e+02
2.930000000000000000e+02
2.950000000000000000e+02
2.750000000000000000e+02
2.690000000000000000e+02
2.730000000000000000e+02
2.660000000000000000e+02
2.700000000000000000e+02
2.750000000000000000e+02
2.830000000000000000e+02
2.790000000000000000e+02
2.960000000000000000e+02
3.140000000000000000e+02
3.240000000000000000e+02
3.150000000000000000e+02
3.140000000000000000e+02
3.240000000000000000e+02
3.270000000000000000e+02
3.440000000000000000e+02
3.510000000000000000e+02
3.330000000000000000e+02
3.280000000000000000e+02
3.330000000000000000e+02
3.250000000000000000e+02
3.200000000000000000e+02
3.070000000000000000e+02
3.020000000000000000e+02
2.990000000000000000e+02
3.000000000000000000e+02
3.080000000000000000e+02
3.040000000000000000e+02
3.070000000000000000e+02
2.960000000000000000e+02
3.090000000000000000e+02
2.990000000000000000e+02
2.860000000000000000e+02
2.870000000000000000e+02
2.810000000000000000e+02
