8.700000000000000000e+01
8.900000000000000000e+01
8.700000000000000000e+01
9.500000000000000000e+01
9.600000000000000000e+01
1.030000000000000000e+02
1.030000000000000000e+02
1.060000000000000000e+02
1.050000000000000000e+02
1.230000000000000000e+02
1.270000000000000000e+02
1.290000000000000000e+02
1.490000000000000000e+02
1.590000000000000000e+02
1.740000000000000000e+02
1.940000000000000000e+02
2.250000000000000000e+02
2.430000000000000000e+02
2.680000000000000000e+02
2.880000000000000000e+02
3.120000000000000000e+02
3.440000000000000000e+02
3.760000000000000000e+02
3.970000000000000000e+02
4.180000000000000000e+02
4.390000000000000000e+02
4.500000000000000000e+02
4.610000000000000000e+02
4.620000000000000000e+02
4.660000000000000000e+02
4.890000000000000000e+02
4.810000000000000000e+02
4.840000000000000000e+02
4.810000000000000000e+02
4.740000000000000000e+02
4.750000000000000000e+02
4.550000000000000000e+02
4.530000000000000000e+02
4.600000000000000000e+02
4.660000000000000000e+02
4.560000000000000000e+02
4.330000000000000000e+02
4.430000000000000000e+02
4.520000000000000000e+02
4.490000000000000000e+02
4.670000000000000000e+02
4.500000000000000000e+02
4.240000000000000000e+02
4.170000000000000000e+02
4.170000000000000000e+02
4.280000000000000000e+02
4.310000000000000000e+02
4.340000000000000000e+02
4.260000000000000000e+02
4.120000000000000000e+02
4.200000000000000000e+02
4.150000000000000000e+02
4.030000000000000000e+02
4.020000000000000000e+02
4.160000000000000000e+02
4.020000000000000000e+02
4.040000000000000000e+02
4.110000000000000000e+02
4.130000000000000000e+02
4.040000000000000000e+02
3.980000000000000000e+02
3.970000000000000000e+02
4.020000000000000000e+02
3.840000000000000000e+02
3.690000000000000000e+02
3.660000000000000000e+02
3.660000000000000000e+02
3.730000000000000000e+02
3.810000000000000000e+02
3.790000000000000000e+02
3.680000000000000000e+02
3.740000000000000000e+02
3.800000000000000000e+02
3.750000000000000000e+02
3.710000000000000000e+02
3.580000000000000000e+02
3.590000000000000000e+02
3.610000000000000000e+02
3.520000000000000000e+02
3.460000000000000000e+02
3.270000000000000000e+02
3.320000000000000000e+02
3.140000000000000000e+02
3.040000000000000000e+02
3.010000000000000000e+02
3.050000000000000000e+02
2.920000000000000000e+02
2.880000000000000000e+02
2.810000000000000000e+02
2.860000000000000000e+02
2.780000000000000000e+02
3.010000000000000000e+02
3.000000000000000000e+02
2.910000000000000000e+02
2.810000000000000000e+02
2.700000000000000000e+02
2.430000000000000000e+02
2.450000000000000000e+02
2.370000000000000000e+02
2.460000000000000000e+02
2.360000000000000000e+02
2.450000000000000000e+02
2.560000000000000000e+02
2.740000000000000000e+02
2.950000000000000000e+02
2.830000000000000000e+02
2.890000000000000000e+02
2.880000000000000000e+02
2.910000000000000000e+02
2.890000000000000000e+02
2.930000000000000000e+02
3.140000000000000000e+02
2.920000000000000000e+02
3.000000000000000000e+02
3.140000000000000000e+02
3.110000000000000000e+02
3.100000000000000000e+02
