5.100000000000000000e+01
5.300000000000000000e+01
4.900000000000000000e+01
4.500000000000000000e+01
4.700000000000000000e+01
5.300000000000000000e+01
5.600000000000000000e+01
5.300000000000000000e+01
4.900000000000000000e+01
4.700000000000000000e+01
5.000000000000000000e+01
5.200000000000000000e+01
5.000000000000000000e+01
4.900000000000000000e+01
4.500000000000000000e+01
4.200000000000000000e+01
4.400000000000000000e+01
4.000000000000000000e+01
3.300000000000000000e+01
3.000000000000000000e+01
2.600000000000000000e+01
2.900000000000000000e+01
3.000000000000000000e+01
2.800000000000000000e+01
2.600000000000000000e+01
2.300000000000000000e+01
2.300000000000000000e+01
2.200000000000000000e+01
2.100000000000000000e+01
1.900000000000000000e+01
2.600000000000000000e+01
2.600000000000000000e+01
2.400000000000000000e+01
2.300000000000000000e+01
2.400000000000000000e+01
2.000000000000000000e+01
2.000000000000000000e+01
2.000000000000000000e+01
2.000000000000000000e+01
2.700000000000000000e+01
3.200000000000000000e+01
4.100000000000000000e+01
4.000000000000000000e+01
4.100000000000000000e+01
3.500000000000000000e+01
4.300000000000000000e+01
5.100000000000000000e+01
5.200000000000000000e+01
5.400000000000000000e+01
6.500000000000000000e+01
6.900000000000000000e+01
7.100000000000000000e+01
7.600000000000000000e+01
8.000000000000000000e+01
8.900000000000000000e+01
9.100000000000000000e+01
9.400000000000000000e+01
1.080000000000000000e+02
1.200000000000000000e+02
1.350000000000000000e+02
1.580000000000000000e+02
1.640000000000000000e+02
1.790000000000000000e+02
2.030000000000000000e+02
2.300000000000000000e+02
2.460000000000000000e+02
2.710000000000000000e+02
2.820000000000000000e+02
3.020000000000000000e+02
3.310000000000000000e+02
3.270000000000000000e+02
3.470000000000000000e+02
3.530000000000000000e+02
3.810000000000000000e+02
3.780000000000000000e+02
3.670000000000000000e+02
3.530000000000000000e+02
3.440000000000000000e+02
3.530000000000000000e+02
3.460000000000000000e+02
3.390000000000000000e+02
3.290000000000000000e+02
3.180000000000000000e+02
3.030000000000000000e+02
3.020000000000000000e+02
3.080000000000000000e+02
3.030000000000000000e+02
2.960000000000000000e+02
2.900000000000000000e+02
2.860000000000000000e+02
2.690000000000000000e+02
2.580000000000000000e+02
2.370000000000000000e+02
2.330000000000000000e+02
2.350000000000000000e+02
2.360000000000000000e+02
2.170000000000000000e+02
2.170000000000000000e+02
2.100000000000000000e+02
2.000000000000000000e+02
1.950000000000000000e+02
1.960000000000000000e+02
1.930000000000000000e+02
1.910000000000000000e+02
1.980000000000000000e+02
1.960000000000000000e+02
1.910000000000000000e+02
1.920000000000000000e+02
1.950000000000000000e+02
1.900000000000000000e+02
1.960000000000000000e+02
2.030000000000000000e+02
2.120000000000000000e+02
2.230000000000000000e+02
2.160000000000000000e+02
2.130000000000000000e+02
2.080000000000000000e+02
1.950000000000000000e+02
2.060000000000000000e+02
1.990000000000000000e+02
1.950000000000000000e+02
