1.130000000000000000e+02
1.160000000000000000e+02
1.230000000000000000e+02
1.120000000000000000e+02
1.130000000000000000e+02
1.130000000000000000e+02
1.170000000000000000e+02
1.210000000000000000e+02
1.160000000000000000e+02
1.100000000000000000e+02
1.160000000000000000e+02
1.170000000000000000e+02
1.160000000000000000e+02
1.180000000000000000e+02
1.190000000000000000e+02
1.110000000000000000e+02
1.080000000000000000e+02
1.020000000000000000e+02
1.090000000000000000e+02
1.110000000000000000e+02
9.800000000000000000e+01
9.500000000000000000e+01
9.100000000000000000e+01
8.700000000000000000e+01
8.700000000000000000e+01
9.300000000000000000e+01
1.030000000000000000e+02
1.030000000000000000e+02
9.800000000000000000e+01
8.900000000000000000e+01
9.900000000000000000e+01
1.140000000000000000e+02
1.220000000000000000e+02
1.160000000000000000e+02
1.230000000000000000e+02
1.290000000000000000e+02
1.320000000000000000e+02
1.440000000000000000e+02
1.410000000000000000e+02
1.590000000000000000e+02
1.770000000000000000e+02
1.890000000000000000e+02
2.060000000000000000e+02
2.130000000000000000e+02
2.210000000000000000e+02
2.420000000000000000e+02
2.580000000000000000e+02
2.870000000000000000e+02
3.000000000000000000e+02
3.100000000000000000e+02
2.990000000000000000e+02
2.960000000000000000e+02
2.960000000000000000e+02
2.980000000000000000e+02
3.090000000000000000e+02
3.020000000000000000e+02
3.060000000000000000e+02
2.960000000000000000e+02
2.990000000000000000e+02
2.870000000000000000e+02
2.830000000000000000e+02
2.830000000000000000e+02
2.780000000000000000e+02
2.610000000000000000e+02
2.420000000000000000e+02
2.370000000000000000e+02
2.330000000000000000e+02
2.180000000000000000e+02
2.100000000000000000e+02
2.010000000000000000e+02
1.990000000000000000e+02
2.080000000000000000e+02
2.010000000000000000e+02
2.070000000000000000e+02
2.070000000000000000e+02
2.150000000000000000e+02
2.060000000000000000e+02
2.110000000000000000e+02
2.150000000000000000e+02
2.250000000000000000e+02
2.350000000000000000e+02
2.210000000000000000e+02
2.130000000000000000e+02
2.230000000000000000e+02
2.230000000000000000e+02
2.160000000000000000e+02
2.000000000000000000e+02
2.000000000000000000e+02
2.080000000000000000e+02
2.010000000000000000e+02
1.880000000000000000e+02
1.710000000000000000e+02
1.720000000000000000e+02
1.630000000000000000e+02
1.490000000000000000e+02
1.600000000000000000e+02
1.650000000000000000e+02
1.860000000000000000e+02
1.950000000000000000e+02
1.890000000000000000e+02
1.860000000000000000e+02
1.900000000000000000e+02
1.940000000000000000e+02
1.970000000000000000e+02
2.060000000000000000e+02
2.220000000000000000e+02
2.110000000000000000e+02
2.210000000000000000e+02
2.210000000000000000e+02
1.990000000000000000e+02
2.130000000000000000e+02
2.160000000000000000e+02
1.900000000000000000e+02
1.930000000000000000e+02
1.950000000000000000e+02
1.840000000000000000e+02
1.730000000000000000e+02
1.550000000000000000e+02
1.470000000000000000e+02
1.530000000000000000e+02
1.520000000000000000e+02
