1.340000000000000000e+02
1.310000000000000000e+02
1.340000000000000000e+02
1.400000000000000000e+02
1.330000000000000000e+02
1.370000000000000000e+02
1.380000000000000000e+02
1.370000000000000000e+02
1.350000000000000000e+02
1.350000000000000000e+02
1.430000000000000000e+02
1.450000000000000000e+02
1.470000000000000000e+02
1.470000000000000000e+02
1.450000000000000000e+02
1.500000000000000000e+02
1.460000000000000000e+02
1.460000000000000000e+02
1.400000000000000000e+02
1.330000000000000000e+02
1.300000000000000000e+02
1.230000000000000000e+02
1.170000000000000000e+02
1.290000000000000000e+02
1.310000000000000000e+02
1.210000000000000000e+02
1.190000000000000000e+02
1.220000000000000000e+02
1.310000000000000000e+02
1.230000000000000000e+02
1.130000000000000000e+02
1.130000000000000000e+02
1.220000000000000000e+02
1.200000000000000000e+02
1.220000000000000000e+02
1.300000000000000000e+02
1.430000000000000000e+02
1.460000000000000000e+02
1.550000000000000000e+02
1.680000000000000000e+02
1.760000000000000000e+02
1.860000000000000000e+02
2.120000000000000000e+02
2.130000000000000000e+02
2.220000000000000000e+02
2.340000000000000000e+02
2.570000000000000000e+02
2.590000000000000000e+02
2.550000000000000000e+02
2.490000000000000000e+02
2.600000000000000000e+02
2.540000000000000000e+02
2.660000000000000000e+02
2.730000000000000000e+02
2.630000000000000000e+02
2.640000000000000000e+02
2.570000000000000000e+02
2.530000000000000000e+02
2.490000000000000000e+02
2.330000000000000000e+02
2.360000000000000000e+02
2.360000000000000000e+02
2.160000000000000000e+02
2.280000000000000000e+02
2.220000000000000000e+02
2.130000000000000000e+02
2.100000000000000000e+02
2.130000000000000000e+02
2.120000000000000000e+02
2.180000000000000000e+02
2.110000000000000000e+02
2.150000000000000000e+02
2.060000000000000000e+02
2.110000000000000000e+02
2.100000000000000000e+02
2.180000000000000000e+02
2.120000000000000000e+02
2.070000000000000000e+02
2.130000000000000000e+02
2.180000000000000000e+02
2.330000000000000000e+02
2.500000000000000000e+02
2.430000000000000000e+02
2.350000000000000000e+02
2.350000000000000000e+02
2.310000000000000000e+02
2.440000000000000000e+02
2.380000000000000000e+02
2.440000000000000000e+02
2.270000000000000000e+02
2.350000000000000000e+02
2.340000000000000000e+02
2.270000000000000000e+02
2.120000000000000000e+02
1.910000000000000000e+02
1.920000000000000000e+02
1.980000000000000000e+02
1.910000000000000000e+02
1.910000000000000000e+02
1.830000000000000000e+02
1.730000000000000000e+02
1.820000000000000000e+02
1.730000000000000000e+02
1.640000000000000000e+02
1.510000000000000000e+02
1.520000000000000000e+02
1.480000000000000000e+02
1.550000000000000000e+02
1.680000000000000000e+02
1.640000000000000000e+02
1.750000000000000000e+02
1.760000000000000000e+02
1.760000000000000000e+02
1.740000000000000000e+02
1.700000000000000000e+02
1.660000000000000000e+02
1.720000000000000000e+02
1.680000000000000000e+02
1.680000000000000000e+02
1.640000000000000000e+02
1.730000000000000000e+02
