1.950000000000000000e+02
1.860000000000000000e+02
1.870000000000000000e+02
1.880000000000000000e+02
1.810000000000000000e+02
1.990000000000000000e+02
2.100000000000000000e+02
2.260000000000000000e+02
2.360000000000000000e+02
2.310000000000000000e+02
2.400000000000000000e+02
2.680000000000000000e+02
2.850000000000000000e+02
2.870000000000000000e+02
3.000000000000000000e+02
3.150000000000000000e+02
3.200000000000000000e+02
3.160000000000000000e+02
3.450000000000000000e+02
3.640000000000000000e+02
3.760000000000000000e+02
3.790000000000000000e+02
3.790000000000000000e+02
3.890000000000000000e+02
4.050000000000000000e+02
4.000000000000000000e+02
3.970000000000000000e+02
3.990000000000000000e+02
3.890000000000000000e+02
3.660000000000000000e+02
3.650000000000000000e+02
3.640000000000000000e+02
3.470000000000000000e+02
3.450000000000000000e+02
3.490000000000000000e+02
3.360000000000000000e+02
3.050000000000000000e+02
2.930000000000000000e+02
2.860000000000000000e+02
2.640000000000000000e+02
2.680000000000000000e+02
2.740000000000000000e+02
2.710000000000000000e+02
2.600000000000000000e+02
2.570000000000000000e+02
2.600000000000000000e+02
2.690000000000000000e+02
2.590000000000000000e+02
2.680000000000000000e+02
2.690000000000000000e+02
2.950000000000000000e+02
2.970000000000000000e+02
3.020000000000000000e+02
3.060000000000000000e+02
3.070000000000000000e+02
3.020000000000000000e+02
3.380000000000000000e+02
3.240000000000000000e+02
3.140000000000000000e+02
3.140000000000000000e+02
3.190000000000000000e+02
3.040000000000000000e+02
3.120000000000000000e+02
3.080000000000000000e+02
3.130000000000000000e+02
3.080000000000000000e+02
3.040000000000000000e+02
3.050000000000000000e+02
2.940000000000000000e+02
2.760000000000000000e+02
2.740000000000000000e+02
2.700000000000000000e+02
2.680000000000000000e+02
2.600000000000000000e+02
2.460000000000000000e+02
2.370000000000000000e+02
2.290000000000000000e+02
2.340000000000000000e+02
2.260000000000000000e+02
2.240000000000000000e+02
2.230000000000000000e+02
2.300000000000000000e+02
2.340000000000000000e+02
2.540000000000000000e+02
2.690000000000000000e+02
2.800000000000000000e+02
3.090000000000000000e+02
3.140000000000000000e+02
3.200000000000000000e+02
3.150000000000000000e+02
3.140000000000000000e+02
3.160000000000000000e+02
3.170000000000000000e+02
2.890000000000000000e+02
3.060000000000000000e+02
2.950000000000000000e+02
2.900000000000000000e+02
2.940000000000000000e+02
2.850000000000000000e+02
2.740000000000000000e+02
2.780000000000000000e+02
2.780000000000000000e+02
2.600000000000000000e+02
2.570000000000000000e+02
2.430000000000000000e+02
2.380000000000000000e+02
2.290000000000000000e+02
2.300000000000000000e+02
2.170000000000000000e+02
2.180000000000000000e+02
2.090000000000000000e+02
1.990000000000000000e+02
1.890000000000000000e+02
1.880000000000000000e+02
1.780000000000000000e+02
1.890000000000000000e+02
1.830000000000000000e+02
1.750000000000000000e+02
1.700000000000000000e+02
1.720000000000000000e+02
1.690000000000000000e+02
