6.500000000000000000e+01
7.200000000000000000e+01
7.400000000000000000e+01
7.700000000000000000e+01
8.000000000000000000e+01
7.600000000000000000e+01
8.700000000000000000e+01
8.000000000000000000e+01
8.400000000000000000e+01
8.800000000000000000e+01
1.010000000000000000e+02
1.090000000000000000e+02
1.170000000000000000e+02
1.190000000000000000e+02
1.250000000000000000e+02
1.320000000000000000e+02
1.400000000000000000e+02
1.460000000000000000e+02
1.480000000000000000e+02
1.660000000000000000e+02
1.620000000000000000e+02
1.890000000000000000e+02
2.090000000000000000e+02
2.230000000000000000e+02
2.520000000000000000e+02
2.780000000000000000e+02
3.030000000000000000e+02
3.070000000000000000e+02
3.080000000000000000e+02
3.200000000000000000e+02
3.490000000000000000e+02
3.810000000000000000e+02
3.900000000000000000e+02
4.080000000000000000e+02
4.200000000000000000e+02
4.230000000000000000e+02
4.390000000000000000e+02
4.570000000000000000e+02
4.690000000000000000e+02
4.700000000000000000e+02
4.560000000000000000e+02
4.750000000000000000e+02
4.650000000000000000e+02
4.560000000000000000e+02
4.530000000000000000e+02
4.470000000000000000e+02
4.690000000000000000e+02
4.560000000000000000e+02
4.590000000000000000e+02
4.330000000000000000e+02
4.270000000000000000e+02
4.290000000000000000e+02
4.200000000000000000e+02
4.170000000000000000e+02
4.220000000000000000e+02
4.120000000000000000e+02
4.040000000000000000e+02
3.920000000000000000e+02
3.900000000000000000e+02
3.740000000000000000e+02
3.750000000000000000e+02
3.900000000000000000e+02
3.790000000000000000e+02
3.860000000000000000e+02
3.910000000000000000e+02
3.860000000000000000e+02
3.700000000000000000e+02
3.690000000000000000e+02
3.760000000000000000e+02
3.570000000000000000e+02
3.470000000000000000e+02
3.440000000000000000e+02
3.420000000000000000e+02
3.330000000000000000e+02
3.200000000000000000e+02
3.160000000000000000e+02
3.040000000000000000e+02
2.960000000000000000e+02
2.900000000000000000e+02
2.950000000000000000e+02
2.800000000000000000e+02
2.780000000000000000e+02
2.810000000000000000e+02
2.920000000000000000e+02
2.800000000000000000e+02
2.730000000000000000e+02
2.780000000000000000e+02
2.690000000000000000e+02
2.520000000000000000e+02
2.620000000000000000e+02
2.710000000000000000e+02
2.610000000000000000e+02
2.620000000000000000e+02
2.560000000000000000e+02
2.660000000000000000e+02
2.530000000000000000e+02
2.600000000000000000e+02
2.560000000000000000e+02
2.590000000000000000e+02
2.510000000000000000e+02
2.610000000000000000e+02
2.680000000000000000e+02
2.920000000000000000e+02
2.990000000000000000e+02
3.110000000000000000e+02
3.270000000000000000e+02
3.260000000000000000e+02
3.270000000000000000e+02
3.300000000000000000e+02
3.350000000000000000e+02
3.370000000000000000e+02
3.260000000000000000e+02
3.040000000000000000e+02
2.950000000000000000e+02
2.870000000000000000e+02
2.900000000000000000e+02
2.960000000000000000e+02
2.970000000000000000e+02
3.100000000000000000e+02
3.020000000000000000e+02
2.890000000000000000e+02
2.840000000000000000e+02
