6.600000000000000000e+01
7.000000000000000000e+01
7.900000000000000000e+01
8.200000000000000000e+01
8.000000000000000000e+01
8.200000000000000000e+01
9.300000000000000000e+01
9.100000000000000000e+01
1.110000000000000000e+02
1.130000000000000000e+02
1.230000000000000000e+02
1.280000000000000000e+02
1.410000000000000000e+02
1.480000000000000000e+02
1.500000000000000000e+02
1.620000000000000000e+02
1.860000000000000000e+02
2.070000000000000000e+02
2.330000000000000000e+02
2.600000000000000000e+02
2.690000000000000000e+02
2.590000000000000000e+02
2.820000000000000000e+02
3.030000000000000000e+02
3.240000000000000000e+02
3.310000000000000000e+02
3.440000000000000000e+02
3.580000000000000000e+02
3.580000000000000000e+02
3.610000000000000000e+02
3.780000000000000000e+02
3.800000000000000000e+02
3.930000000000000000e+02
3.890000000000000000e+02
3.940000000000000000e+02
3.910000000000000000e+02
3.800000000000000000e+02
3.900000000000000000e+02
4.010000000000000000e+02
3.970000000000000000e+02
4.010000000000000000e+02
4.070000000000000000e+02
3.830000000000000000e+02
3.640000000000000000e+02
3.530000000000000000e+02
3.450000000000000000e+02
3.600000000000000000e+02
3.520000000000000000e+02
3.640000000000000000e+02
3.600000000000000000e+02
3.460000000000000000e+02
3.510000000000000000e+02
3.540000000000000000e+02
3.480000000000000000e+02
3.460000000000000000e+02
3.460000000000000000e+02
3.360000000000000000e+02
3.410000000000000000e+02
3.370000000000000000e+02
3.330000000000000000e+02
3.140000000000000000e+02
3.090000000000000000e+02
2.960000000000000000e+02
3.000000000000000000e+02
2.940000000000000000e+02
3.010000000000000000e+02
2.950000000000000000e+02
2.860000000000000000e+02
2.780000000000000000e+02
2.980000000000000000e+02
2.930000000000000000e+02
2.900000000000000000e+02
2.950000000000000000e+02
2.860000000000000000e+02
2.710000000000000000e+02
2.600000000000000000e+02
2.660000000000000000e+02
2.690000000000000000e+02
2.670000000000000000e+02
2.620000000000000000e+02
2.650000000000000000e+02
2.590000000000000000e+02
2.580000000000000000e+02
2.460000000000000000e+02
2.520000000000000000e+02
2.610000000000000000e+02
2.670000000000000000e+02
2.680000000000000000e+02
2.790000000000000000e+02
2.910000000000000000e+02
3.020000000000000000e+02
3.260000000000000000e+02
3.360000000000000000e+02
3.450000000000000000e+02
3.390000000000000000e+02
3.600000000000000000e+02
3.590000000000000000e+02
3.660000000000000000e+02
3.720000000000000000e+02
3.610000000000000000e+02
3.670000000000000000e+02
3.690000000000000000e+02
3.580000000000000000e+02
3.590000000000000000e+02
3.500000000000000000e+02
3.360000000000000000e+02
3.310000000000000000e+02
3.310000000000000000e+02
3.500000000000000000e+02
3.450000000000000000e+02
3.170000000000000000e+02
3.080000000000000000e+02
3.020000000000000000e+02
2.990000000000000000e+02
2.900000000000000000e+02
2.880000000000000000e+02
2.790000000000000000e+02
2.710000000000000000e+02
2.620000000000000000e+02
2.650000000000000000e+02
2.600000000000000000e+02
2.590000000000000000e+02
