4.500000000000000000e+01
4.700000000000000000e+01
4.300000000000000000e+01
4.200000000000000000e+01
4.100000000000000000e+01
4.000000000000000000e+01
4.200000000000000000e+01
4.000000000000000000e+01
3.700000000000000000e+01
3.500000000000000000e+01
3.600000000000000000e+01
3.400000000000000000e+01
3.700000000000000000e+01
3.800000000000000000e+01
3.800000000000000000e+01
3.700000000000000000e+01
3.300000000000000000e+01
2.900000000000000000e+01
3.100000000000000000e+01
2.800000000000000000e+01
2.600000000000000000e+01
2.800000000000000000e+01
3.300000000000000000e+01
3.200000000000000000e+01
2.900000000000000000e+01
2.800000000000000000e+01
3.100000000000000000e+01
2.900000000000000000e+01
2.800000000000000000e+01
2.200000000000000000e+01
1.900000000000000000e+01
2.300000000000000000e+01
2.500000000000000000e+01
2.200000000000000000e+01
2.300000000000000000e+01
2.200000000000000000e+01
2.500000000000000000e+01
2.900000000000000000e+01
2.900000000000000000e+01
3.700000000000000000e+01
3.600000000000000000e+01
3.800000000000000000e+01
4.100000000000000000e+01
3.400000000000000000e+01
4.000000000000000000e+01
5.000000000000000000e+01
6.400000000000000000e+01
6.500000000000000000e+01
7.300000000000000000e+01
7.500000000000000000e+01
7.600000000000000000e+01
7.500000000000000000e+01
8.100000000000000000e+01
9.000000000000000000e+01
9.400000000000000000e+01
1.010000000000000000e+02
1.010000000000000000e+02
1.200000000000000000e+02
1.460000000000000000e+02
1.500000000000000000e+02
1.790000000000000000e+02
2.160000000000000000e+02
2.420000000000000000e+02
2.680000000000000000e+02
2.700000000000000000e+02
2.790000000000000000e+02
2.850000000000000000e+02
2.990000000000000000e+02
3.090000000000000000e+02
3.300000000000000000e+02
3.470000000000000000e+02
3.620000000000000000e+02
3.650000000000000000e+02
3.760000000000000000e+02
3.650000000000000000e+02
3.670000000000000000e+02
3.620000000000000000e+02
3.470000000000000000e+02
3.360000000000000000e+02
3.250000000000000000e+02
3.130000000000000000e+02
3.180000000000000000e+02
3.240000000000000000e+02
3.280000000000000000e+02
3.250000000000000000e+02
3.030000000000000000e+02
3.050000000000000000e+02
2.920000000000000000e+02
2.930000000000000000e+02
2.960000000000000000e+02
2.840000000000000000e+02
2.650000000000000000e+02
2.420000000000000000e+02
2.270000000000000000e+02
2.170000000000000000e+02
1.960000000000000000e+02
1.870000000000000000e+02
1.730000000000000000e+02
1.610000000000000000e+02
1.620000000000000000e+02
1.690000000000000000e+02
1.740000000000000000e+02
1.590000000000000000e+02
1.620000000000000000e+02
1.510000000000000000e+02
1.390000000000000000e+02
1.490000000000000000e+02
1.430000000000000000e+02
1.600000000000000000e+02
1.630000000000000000e+02
1.680000000000000000e+02
1.820000000000000000e+02
1.790000000000000000e+02
1.750000000000000000e+02
1.810000000000000000e+02
1.800000000000000000e+02
1.850000000000000000e+02
1.930000000000000000e+02
1.960000000000000000e+02
2.070000000000000000e+02
1.990000000000000000e+02
