1.930000000000000000e+02
1.850000000000000000e+02
1.840000000000000000e+02
1.850000000000000000e+02
2.000000000000000000e+02
1.950000000000000000e+02
2.070000000000000000e+02
2.320000000000000000e+02
2.430000000000000000e+02
2.510000000000000000e+02
2.810000000000000000e+02
3.030000000000000000e+02
3.180000000000000000e+02
3.180000000000000000e+02
3.310000000000000000e+02
3.510000000000000000e+02
3.490000000000000000e+02
3.580000000000000000e+02
3.590000000000000000e+02
3.710000000000000000e+02
3.720000000000000000e+02
3.700000000000000000e+02
3.600000000000000000e+02
3.500000000000000000e+02
3.580000000000000000e+02
3.490000000000000000e+02
3.570000000000000000e+02
3.410000000000000000e+02
3.330000000000000000e+02
3.220000000000000000e+02
3.110000000000000000e+02
3.060000000000000000e+02
2.760000000000000000e+02
2.940000000000000000e+02
3.000000000000000000e+02
2.810000000000000000e+02
2.700000000000000000e+02
2.650000000000000000e+02
2.620000000000000000e+02
2.570000000000000000e+02
2.570000000000000000e+02
2.470000000000000000e+02
2.420000000000000000e+02
2.370000000000000000e+02
2.350000000000000000e+02
2.430000000000000000e+02
2.570000000000000000e+02
2.560000000000000000e+02
2.660000000000000000e+02
2.820000000000000000e+02
2.900000000000000000e+02
3.140000000000000000e+02
3.230000000000000000e+02
3.450000000000000000e+02
3.450000000000000000e+02
3.420000000000000000e+02
3.580000000000000000e+02
3.540000000000000000e+02
3.690000000000000000e+02
3.770000000000000000e+02
3.940000000000000000e+02
3.790000000000000000e+02
3.740000000000000000e+02
3.650000000000000000e+02
3.740000000000000000e+02
3.860000000000000000e+02
3.770000000000000000e+02
3.810000000000000000e+02
3.510000000000000000e+02
3.440000000000000000e+02
3.370000000000000000e+02
3.370000000000000000e+02
3.230000000000000000e+02
2.960000000000000000e+02
2.780000000000000000e+02
2.770000000000000000e+02
2.600000000000000000e+02
2.410000000000000000e+02
2.300000000000000000e+02
2.370000000000000000e+02
2.320000000000000000e+02
2.220000000000000000e+02
2.220000000000000000e+02
2.340000000000000000e+02
2.390000000000000000e+02
2.470000000000000000e+02
2.580000000000000000e+02
2.690000000000000000e+02
2.600000000000000000e+02
2.720000000000000000e+02
2.760000000000000000e+02
2.980000000000000000e+02
2.950000000000000000e+02
2.900000000000000000e+02
2.870000000000000000e+02
2.970000000000000000e+02
2.950000000000000000e+02
2.930000000000000000e+02
2.930000000000000000e+02
2.920000000000000000e+02
2.920000000000000000e+02
2.850000000000000000e+02
2.840000000000000000e+02
2.710000000000000000e+02
2.570000000000000000e+02
2.440000000000000000e+02
2.340000000000000000e+02
2.240000000000000000e+02
2.150000000000000000e+02
2.150000000000000000e+02
2.090000000000000000e+02
2.140000000000000000e+02
2.110000000000000000e+02
2.020000000000000000e+02
1.930000000000000000e+02
1.790000000000000000e+02
1.720000000000000000e+02
1.610000000000000000e+02
1.660000000000000000e+02
1.630000000000000000e+02
1.700000000000000000e+02
