1.260000000000000000e+02
1.260000000000000000e+02
1.160000000000000000e+02
1.130000000000000000e+02
1.120000000000000000e+02
1.070000000000000000e+02
1.050000000000000000e+02
1.090000000000000000e+02
1.040000000000000000e+02
1.030000000000000000e+02
1.010000000000000000e+02
1.000000000000000000e+02
1.000000000000000000e+02
1.030000000000000000e+02
9.700000000000000000e+01
9.600000000000000000e+01
1.000000000000000000e+02
8.900000000000000000e+01
8.600000000000000000e+01
8.600000000000000000e+01
9.100000000000000000e+01
9.700000000000000000e+01
9.100000000000000000e+01
8.400000000000000000e+01
7.800000000000000000e+01
8.000000000000000000e+01
7.500000000000000000e+01
7.400000000000000000e+01
7.200000000000000000e+01
7.500000000000000000e+01
8.600000000000000000e+01
9.300000000000000000e+01
9.300000000000000000e+01
8.800000000000000000e+01
8.600000000000000000e+01
9.600000000000000000e+01
1.020000000000000000e+02
1.120000000000000000e+02
1.130000000000000000e+02
1.320000000000000000e+02
1.400000000000000000e+02
1.530000000000000000e+02
1.610000000000000000e+02
1.570000000000000000e+02
1.590000000000000000e+02
1.710000000000000000e+02
1.800000000000000000e+02
2.000000000000000000e+02
2.200000000000000000e+02
2.380000000000000000e+02
2.650000000000000000e+02
2.710000000000000000e+02
2.760000000000000000e+02
3.030000000000000000e+02
3.140000000000000000e+02
3.320000000000000000e+02
3.150000000000000000e+02
2.970000000000000000e+02
3.100000000000000000e+02
2.910000000000000000e+02
2.840000000000000000e+02
2.860000000000000000e+02
2.770000000000000000e+02
2.830000000000000000e+02
2.810000000000000000e+02
2.760000000000000000e+02
2.770000000000000000e+02
2.720000000000000000e+02
2.650000000000000000e+02
2.710000000000000000e+02
2.560000000000000000e+02
2.410000000000000000e+02
2.310000000000000000e+02
2.380000000000000000e+02
2.360000000000000000e+02
2.410000000000000000e+02
2.320000000000000000e+02
2.230000000000000000e+02
2.140000000000000000e+02
2.000000000000000000e+02
2.010000000000000000e+02
2.020000000000000000e+02
1.970000000000000000e+02
1.840000000000000000e+02
1.820000000000000000e+02
1.800000000000000000e+02
1.750000000000000000e+02
1.700000000000000000e+02
1.730000000000000000e+02
1.800000000000000000e+02
1.770000000000000000e+02
1.830000000000000000e+02
1.790000000000000000e+02
1.950000000000000000e+02
2.160000000000000000e+02
2.310000000000000000e+02
2.480000000000000000e+02
2.500000000000000000e+02
2.560000000000000000e+02
2.520000000000000000e+02
2.530000000000000000e+02
2.520000000000000000e+02
2.500000000000000000e+02
2.420000000000000000e+02
2.280000000000000000e+02
2.160000000000000000e+02
2.010000000000000000e+02
1.990000000000000000e+02
1.910000000000000000e+02
1.760000000000000000e+02
1.690000000000000000e+02
1.680000000000000000e+02
1.450000000000000000e+02
1.490000000000000000e+02
1.390000000000000000e+02
1.300000000000000000e+02
1.340000000000000000e+02
1.340000000000000000e+02
1.290000000000000000e+02
1.200000000000000000e+02
1.150000000000000000e+02
