6.500000000000000000e+01
6.700000000000000000e+01
7.000000000000000000e+01
7.500000000000000000e+01
7.800000000000000000e+01
8.400000000000000000e+01
9.200000000000000000e+01
1.000000000000000000e+02
1.010000000000000000e+02
1.000000000000000000e+02
1.070000000000000000e+02
1.080000000000000000e+02
1.190000000000000000e+02
1.320000000000000000e+02
1.370000000000000000e+02
1.570000000000000000e+02
1.650000000000000000e+02
1.870000000000000000e+02
2.110000000000000000e+02
2.220000000000000000e+02
2.430000000000000000e+02
2.750000000000000000e+02
2.900000000000000000e+02
3.190000000000000000e+02
3.270000000000000000e+02
3.350000000000000000e+02
3.650000000000000000e+02
3.640000000000000000e+02
3.880000000000000000e+02
4.110000000000000000e+02
4.280000000000000000e+02
4.360000000000000000e+02
4.190000000000000000e+02
4.360000000000000000e+02
4.460000000000000000e+02
4.430000000000000000e+02
4.360000000000000000e+02
4.210000000000000000e+02
4.340000000000000000e+02
4.170000000000000000e+02
4.130000000000000000e+02
4.280000000000000000e+02
4.180000000000000000e+02
4.190000000000000000e+02
4.130000000000000000e+02
4.160000000000000000e+02
4.240000000000000000e+02
4.180000000000000000e+02
4.250000000000000000e+02
4.250000000000000000e+02
4.120000000000000000e+02
3.950000000000000000e+02
3.900000000000000000e+02
3.800000000000000000e+02
3.870000000000000000e+02
3.710000000000000000e+02
3.660000000000000000e+02
3.440000000000000000e+02
3.220000000000000000e+02
3.170000000000000000e+02
3.150000000000000000e+02
3.000000000000000000e+02
2.910000000000000000e+02
2.920000000000000000e+02
3.020000000000000000e+02
2.980000000000000000e+02
2.870000000000000000e+02
2.800000000000000000e+02
2.770000000000000000e+02
2.800000000000000000e+02
2.760000000000000000e+02
2.700000000000000000e+02
2.650000000000000000e+02
2.560000000000000000e+02
2.560000000000000000e+02
2.500000000000000000e+02
2.550000000000000000e+02
2.490000000000000000e+02
2.490000000000000000e+02
2.330000000000000000e+02
2.400000000000000000e+02
2.380000000000000000e+02
2.540000000000000000e+02
2.770000000000000000e+02
2.800000000000000000e+02
2.860000000000000000e+02
2.900000000000000000e+02
2.790000000000000000e+02
2.940000000000000000e+02
2.890000000000000000e+02
2.970000000000000000e+02
3.080000000000000000e+02
3.200000000000000000e+02
3.370000000000000000e+02
3.310000000000000000e+02
3.320000000000000000e+02
3.400000000000000000e+02
3.410000000000000000e+02
3.320000000000000000e+02
3.450000000000000000e+02
3.350000000000000000e+02
3.470000000000000000e+02
3.380000000000000000e+02
3.420000000000000000e+02
3.440000000000000000e+02
3.310000000000000000e+02
3.370000000000000000e+02
3.320000000000000000e+02
3.280000000000000000e+02
3.240000000000000000e+02
3.240000000000000000e+02
3.110000000000000000e+02
3.160000000000000000e+02
3.080000000000000000e+02
3.040000000000000000e+02
2.880000000000000000e+02
2.740000000000000000e+02
2.570000000000000000e+02
2.560000000000000000e+02
2.520000000000000000e+02
2.430000000000000000e+02
2.310000000000000000e+02
