5.000000000000000000e+01
5.000000000000000000e+01
4.100000000000000000e+01
4.200000000000000000e+01
3.900000000000000000e+01
3.900000000000000000e+01
4.300000000000000000e+01
4.400000000000000000e+01
4.500000000000000000e+01
4.800000000000000000e+01
4.700000000000000000e+01
4.500000000000000000e+01
4.300000000000000000e+01
4.200000000000000000e+01
4.400000000000000000e+01
4.300000000000000000e+01
3.900000000000000000e+01
3.900000000000000000e+01
3.700000000000000000e+01
3.400000000000000000e+01
3.400000000000000000e+01
3.200000000000000000e+01
2.500000000000000000e+01
2.300000000000000000e+01
2.300000000000000000e+01
2.100000000000000000e+01
2.000000000000000000e+01
1.800000000000000000e+01
2.100000000000000000e+01
1.900000000000000000e+01
1.600000000000000000e+01
1.200000000000000000e+01
1.500000000000000000e+01
1.500000000000000000e+01
1.500000000000000000e+01
1.800000000000000000e+01
1.600000000000000000e+01
1.600000000000000000e+01
1.800000000000000000e+01
1.800000000000000000e+01
2.400000000000000000e+01
2.200000000000000000e+01
2.200000000000000000e+01
2.500000000000000000e+01
3.000000000000000000e+01
3.200000000000000000e+01
4.100000000000000000e+01
4.900000000000000000e+01
4.500000000000000000e+01
4.700000000000000000e+01
5.300000000000000000e+01
6.200000000000000000e+01
6.100000000000000000e+01
6.800000000000000000e+01
7.700000000000000000e+01
8.300000000000000000e+01
9.000000000000000000e+01
1.010000000000000000e+02
1.100000000000000000e+02
1.270000000000000000e+02
1.440000000000000000e+02
1.630000000000000000e+02
1.750000000000000000e+02
2.150000000000000000e+02
2.280000000000000000e+02
2.410000000000000000e+02
2.680000000000000000e+02
3.060000000000000000e+02
3.410000000000000000e+02
3.550000000000000000e+02
3.700000000000000000e+02
3.840000000000000000e+02
3.890000000000000000e+02
3.870000000000000000e+02
3.840000000000000000e+02
3.990000000000000000e+02
4.060000000000000000e+02
4.010000000000000000e+02
3.930000000000000000e+02
3.950000000000000000e+02
3.740000000000000000e+02
3.610000000000000000e+02
3.480000000000000000e+02
3.360000000000000000e+02
3.430000000000000000e+02
3.220000000000000000e+02
2.970000000000000000e+02
2.890000000000000000e+02
2.850000000000000000e+02
2.830000000000000000e+02
2.620000000000000000e+02
2.670000000000000000e+02
2.530000000000000000e+02
2.480000000000000000e+02
2.420000000000000000e+02
2.390000000000000000e+02
2.320000000000000000e+02
2.240000000000000000e+02
2.180000000000000000e+02
1.980000000000000000e+02
1.850000000000000000e+02
1.820000000000000000e+02
1.800000000000000000e+02
1.640000000000000000e+02
1.560000000000000000e+02
1.570000000000000000e+02
1.470000000000000000e+02
1.330000000000000000e+02
1.330000000000000000e+02
1.480000000000000000e+02
1.410000000000000000e+02
1.370000000000000000e+02
1.390000000000000000e+02
1.400000000000000000e+02
1.400000000000000000e+02
1.540000000000000000e+02
1.660000000000000000e+02
1.650000000000000000e+02
1.540000000000000000e+02
1.530000000000000000e+02
1.480000000000000000e+02
