1.040000000000000000e+02
1.090000000000000000e+02
1.140000000000000000e+02
1.170000000000000000e+02
1.190000000000000000e+02
1.130000000000000000e+02
1.160000000000000000e+02
1.290000000000000000e+02
1.370000000000000000e+02
1.460000000000000000e+02
1.480000000000000000e+02
1.650000000000000000e+02
1.900000000000000000e+02
2.180000000000000000e+02
2.370000000000000000e+02
2.620000000000000000e+02
2.750000000000000000e+02
3.030000000000000000e+02
3.140000000000000000e+02
3.280000000000000000e+02
3.590000000000000000e+02
3.920000000000000000e+02
3.970000000000000000e+02
4.010000000000000000e+02
4.020000000000000000e+02
4.030000000000000000e+02
4.160000000000000000e+02
4.190000000000000000e+02
4.270000000000000000e+02
4.390000000000000000e+02
4.580000000000000000e+02
4.630000000000000000e+02
4.710000000000000000e+02
4.670000000000000000e+02
4.430000000000000000e+02
4.430000000000000000e+02
4.430000000000000000e+02
4.540000000000000000e+02
4.570000000000000000e+02
4.500000000000000000e+02
4.540000000000000000e+02
4.490000000000000000e+02
4.500000000000000000e+02
4.490000000000000000e+02
4.470000000000000000e+02
4.510000000000000000e+02
4.550000000000000000e+02
4.580000000000000000e+02
4.670000000000000000e+02
4.600000000000000000e+02
4.380000000000000000e+02
4.280000000000000000e+02
4.050000000000000000e+02
4.060000000000000000e+02
3.880000000000000000e+02
4.030000000000000000e+02
3.940000000000000000e+02
3.750000000000000000e+02
3.780000000000000000e+02
3.630000000000000000e+02
3.470000000000000000e+02
3.450000000000000000e+02
3.340000000000000000e+02
3.290000000000000000e+02
3.310000000000000000e+02
3.330000000000000000e+02
3.380000000000000000e+02
3.300000000000000000e+02
3.350000000000000000e+02
3.380000000000000000e+02
3.320000000000000000e+02
3.330000000000000000e+02
3.200000000000000000e+02
3.170000000000000000e+02
3.040000000000000000e+02
3.140000000000000000e+02
3.190000000000000000e+02
3.180000000000000000e+02
3.160000000000000000e+02
3.080000000000000000e+02
2.940000000000000000e+02
2.930000000000000000e+02
2.880000000000000000e+02
2.930000000000000000e+02
2.780000000000000000e+02
2.810000000000000000e+02
2.710000000000000000e+02
2.690000000000000000e+02
2.690000000000000000e+02
2.700000000000000000e+02
2.620000000000000000e+02
2.480000000000000000e+02
2.590000000000000000e+02
2.490000000000000000e+02
2.430000000000000000e+02
2.610000000000000000e+02
2.580000000000000000e+02
2.500000000000000000e+02
2.480000000000000000e+02
2.720000000000000000e+02
2.980000000000000000e+02
2.990000000000000000e+02
3.070000000000000000e+02
3.200000000000000000e+02
3.100000000000000000e+02
3.140000000000000000e+02
3.450000000000000000e+02
3.410000000000000000e+02
3.560000000000000000e+02
3.550000000000000000e+02
3.470000000000000000e+02
3.620000000000000000e+02
3.660000000000000000e+02
3.590000000000000000e+02
3.650000000000000000e+02
3.670000000000000000e+02
3.620000000000000000e+02
3.610000000000000000e+02
3.610000000000000000e+02
3.540000000000000000e+02
3.510000000000000000e+02
3.390000000000000000e+02
