1.000000000000000000e+02
9.900000000000000000e+01
9.600000000000000000e+01
9.400000000000000000e+01
8.400000000000000000e+01
8.700000000000000000e+01
9.000000000000000000e+01
8.800000000000000000e+01
8.300000000000000000e+01
8.200000000000000000e+01
8.400000000000000000e+01
9.100000000000000000e+01
9.000000000000000000e+01
9.100000000000000000e+01
8.800000000000000000e+01
8.500000000000000000e+01
7.700000000000000000e+01
8.000000000000000000e+01
7.900000000000000000e+01
8.000000000000000000e+01
7.700000000000000000e+01
7.200000000000000000e+01
7.100000000000000000e+01
6.300000000000000000e+01
6.200000000000000000e+01
6.100000000000000000e+01
6.300000000000000000e+01
6.700000000000000000e+01
7.000000000000000000e+01
7.500000000000000000e+01
7.900000000000000000e+01
7.900000000000000000e+01
7.100000000000000000e+01
7.600000000000000000e+01
8.200000000000000000e+01
8.500000000000000000e+01
8.700000000000000000e+01
9.000000000000000000e+01
1.020000000000000000e+02
1.020000000000000000e+02
1.190000000000000000e+02
1.260000000000000000e+02
1.410000000000000000e+02
1.410000000000000000e+02
1.540000000000000000e+02
1.710000000000000000e+02
1.880000000000000000e+02
2.060000000000000000e+02
2.260000000000000000e+02
2.460000000000000000e+02
2.410000000000000000e+02
2.630000000000000000e+02
2.750000000000000000e+02
2.840000000000000000e+02
2.920000000000000000e+02
2.850000000000000000e+02
2.880000000000000000e+02
2.870000000000000000e+02
2.900000000000000000e+02
2.780000000000000000e+02
2.790000000000000000e+02
2.740000000000000000e+02
2.670000000000000000e+02
2.610000000000000000e+02
2.430000000000000000e+02
2.520000000000000000e+02
2.440000000000000000e+02
2.330000000000000000e+02
2.370000000000000000e+02
2.240000000000000000e+02
2.200000000000000000e+02
2.170000000000000000e+02
2.180000000000000000e+02
2.160000000000000000e+02
2.160000000000000000e+02
2.150000000000000000e+02
2.020000000000000000e+02
1.940000000000000000e+02
1.720000000000000000e+02
1.620000000000000000e+02
1.610000000000000000e+02
1.720000000000000000e+02
1.690000000000000000e+02
1.770000000000000000e+02
1.900000000000000000e+02
2.000000000000000000e+02
2.110000000000000000e+02
2.150000000000000000e+02
2.320000000000000000e+02
2.470000000000000000e+02
2.370000000000000000e+02
2.580000000000000000e+02
2.710000000000000000e+02
2.620000000000000000e+02
2.690000000000000000e+02
2.790000000000000000e+02
2.680000000000000000e+02
2.640000000000000000e+02
2.670000000000000000e+02
2.610000000000000000e+02
2.490000000000000000e+02
2.280000000000000000e+02
2.160000000000000000e+02
2.010000000000000000e+02
1.910000000000000000e+02
1.860000000000000000e+02
1.810000000000000000e+02
1.770000000000000000e+02
1.700000000000000000e+02
1.680000000000000000e+02
1.660000000000000000e+02
1.690000000000000000e+02
1.590000000000000000e+02
1.600000000000000000e+02
1.580000000000000000e+02
1.600000000000000000e+02
1.470000000000000000e+02
1.400000000000000000e+02
1.380000000000000000e+02
1.280000000000000000e+02
1.340000000000000000e+02
