1.000000000000000000e+02
1.030000000000000000e+02
1.100000000000000000e+02
1.080000000000000000e+02
1.140000000000000000e+02
1.130000000000000000e+02
1.090000000000000000e+02
1.170000000000000000e+02
1.310000000000000000e+02
1.320000000000000000e+02
1.530000000000000000e+02
1.660000000000000000e+02
1.790000000000000000e+02
1.990000000000000000e+02
2.230000000000000000e+02
2.560000000000000000e+02
2.920000000000000000e+02
3.350000000000000000e+02
3.500000000000000000e+02
3.760000000000000000e+02
4.140000000000000000e+02
4.280000000000000000e+02
4.560000000000000000e+02
4.780000000000000000e+02
4.690000000000000000e+02
5.000000000000000000e+02
5.160000000000000000e+02
5.070000000000000000e+02
5.060000000000000000e+02
5.170000000000000000e+02
5.320000000000000000e+02
5.580000000000000000e+02
5.630000000000000000e+02
5.490000000000000000e+02
5.450000000000000000e+02
5.490000000000000000e+02
5.490000000000000000e+02
5.370000000000000000e+02
5.400000000000000000e+02
5.320000000000000000e+02
5.240000000000000000e+02
5.190000000000000000e+02
5.230000000000000000e+02
5.170000000000000000e+02
5.300000000000000000e+02
5.060000000000000000e+02
5.210000000000000000e+02
5.090000000000000000e+02
5.170000000000000000e+02
5.050000000000000000e+02
4.820000000000000000e+02
4.840000000000000000e+02
4.680000000000000000e+02
4.410000000000000000e+02
4.340000000000000000e+02
4.150000000000000000e+02
4.180000000000000000e+02
4.220000000000000000e+02
4.240000000000000000e+02
4.150000000000000000e+02
4.200000000000000000e+02
4.290000000000000000e+02
4.040000000000000000e+02
4.020000000000000000e+02
3.950000000000000000e+02
4.060000000000000000e+02
3.830000000000000000e+02
3.680000000000000000e+02
3.540000000000000000e+02
3.540000000000000000e+02
3.440000000000000000e+02
3.400000000000000000e+02
3.430000000000000000e+02
3.320000000000000000e+02
3.270000000000000000e+02
3.220000000000000000e+02
3.190000000000000000e+02
3.130000000000000000e+02
2.950000000000000000e+02
2.820000000000000000e+02
2.720000000000000000e+02
2.650000000000000000e+02
2.590000000000000000e+02
2.590000000000000000e+02
2.570000000000000000e+02
2.590000000000000000e+02
2.560000000000000000e+02
2.570000000000000000e+02
2.610000000000000000e+02
2.460000000000000000e+02
2.480000000000000000e+02
2.510000000000000000e+02
2.690000000000000000e+02
2.770000000000000000e+02
2.650000000000000000e+02
2.600000000000000000e+02
2.560000000000000000e+02
2.680000000000000000e+02
2.660000000000000000e+02
2.750000000000000000e+02
2.810000000000000000e+02
2.940000000000000000e+02
2.890000000000000000e+02
2.740000000000000000e+02
2.820000000000000000e+02
2.630000000000000000e+02
2.630000000000000000e+02
2.950000000000000000e+02
2.940000000000000000e+02
2.800000000000000000e+02
2.850000000000000000e+02
2.790000000000000000e+02
2.940000000000000000e+02
2.810000000000000000e+02
2.730000000000000000e+02
2.580000000000000000e+02
2.450000000000000000e+02
2.530000000000000000e+02
2.650000000000000000e+02
2.650000000000000000e+02
2.600000000000000000e+02
2.610000000000000000e+02
