1.340000000000000000e+02
1.330000000000000000e+02
1.350000000000000000e+02
1.290000000000000000e+02
1.320000000000000000e+02
1.310000000000000000e+02
1.430000000000000000e+02
1.400000000000000000e+02
1.280000000000000000e+02
1.280000000000000000e+02
1.270000000000000000e+02
1.300000000000000000e+02
1.360000000000000000e+02
1.400000000000000000e+02
1.340000000000000000e+02
1.380000000000000000e+02
1.440000000000000000e+02
1.410000000000000000e+02
1.360000000000000000e+02
1.400000000000000000e+02
1.320000000000000000e+02
1.220000000000000000e+02
1.240000000000000000e+02
1.200000000000000000e+02
1.200000000000000000e+02
1.140000000000000000e+02
1.080000000000000000e+02
1.070000000000000000e+02
1.080000000000000000e+02
1.070000000000000000e+02
1.060000000000000000e+02
1.100000000000000000e+02
1.040000000000000000e+02
1.040000000000000000e+02
1.050000000000000000e+02
1.090000000000000000e+02
1.120000000000000000e+02
1.090000000000000000e+02
1.170000000000000000e+02
1.260000000000000000e+02
1.230000000000000000e+02
1.250000000000000000e+02
1.310000000000000000e+02
1.310000000000000000e+02
1.380000000000000000e+02
1.430000000000000000e+02
1.690000000000000000e+02
1.890000000000000000e+02
2.060000000000000000e+02
2.340000000000000000e+02
2.500000000000000000e+02
2.590000000000000000e+02
2.730000000000000000e+02
2.740000000000000000e+02
2.690000000000000000e+02
2.760000000000000000e+02
2.740000000000000000e+02
2.820000000000000000e+02
2.850000000000000000e+02
2.950000000000000000e+02
2.920000000000000000e+02
2.930000000000000000e+02
2.780000000000000000e+02
2.670000000000000000e+02
2.760000000000000000e+02
2.820000000000000000e+02
2.820000000000000000e+02
2.840000000000000000e+02
2.670000000000000000e+02
2.740000000000000000e+02
2.650000000000000000e+02
2.520000000000000000e+02
2.530000000000000000e+02
2.650000000000000000e+02
2.610000000000000000e+02
2.360000000000000000e+02
2.390000000000000000e+02
2.280000000000000000e+02
2.110000000000000000e+02
2.070000000000000000e+02
1.970000000000000000e+02
2.020000000000000000e+02
1.900000000000000000e+02
1.900000000000000000e+02
1.900000000000000000e+02
2.060000000000000000e+02
2.010000000000000000e+02
2.000000000000000000e+02
2.030000000000000000e+02
2.090000000000000000e+02
2.160000000000000000e+02
2.260000000000000000e+02
2.370000000000000000e+02
2.360000000000000000e+02
2.520000000000000000e+02
2.590000000000000000e+02
2.660000000000000000e+02
2.600000000000000000e+02
2.570000000000000000e+02
2.500000000000000000e+02
2.490000000000000000e+02
2.490000000000000000e+02
2.380000000000000000e+02
2.160000000000000000e+02
2.070000000000000000e+02
2.040000000000000000e+02
1.930000000000000000e+02
1.820000000000000000e+02
1.690000000000000000e+02
1.720000000000000000e+02
1.720000000000000000e+02
1.740000000000000000e+02
1.680000000000000000e+02
1.700000000000000000e+02
1.590000000000000000e+02
1.540000000000000000e+02
1.560000000000000000e+02
1.650000000000000000e+02
1.610000000000000000e+02
1.600000000000000000e+02
1.500000000000000000e+02
