3.800000000000000000e+01
3.900000000000000000e+01
3.900000000000000000e+01
4.200000000000000000e+01
4.800000000000000000e+01
4.700000000000000000e+01
4.900000000000000000e+01
5.300000000000000000e+01
5.400000000000000000e+01
5.800000000000000000e+01
6.200000000000000000e+01
6.400000000000000000e+01
6.500000000000000000e+01
8.100000000000000000e+01
9.800000000000000000e+01
1.030000000000000000e+02
1.050000000000000000e+02
1.170000000000000000e+02
1.220000000000000000e+02
1.330000000000000000e+02
1.310000000000000000e+02
1.380000000000000000e+02
1.540000000000000000e+02
1.630000000000000000e+02
1.660000000000000000e+02
1.720000000000000000e+02
1.620000000000000000e+02
1.680000000000000000e+02
1.760000000000000000e+02
1.660000000000000000e+02
1.650000000000000000e+02
1.660000000000000000e+02
1.650000000000000000e+02
1.610000000000000000e+02
1.720000000000000000e+02
1.780000000000000000e+02
1.760000000000000000e+02
1.690000000000000000e+02
1.790000000000000000e+02
1.690000000000000000e+02
1.570000000000000000e+02
1.530000000000000000e+02
1.440000000000000000e+02
1.430000000000000000e+02
1.390000000000000000e+02
1.440000000000000000e+02
1.370000000000000000e+02
1.410000000000000000e+02
1.390000000000000000e+02
1.300000000000000000e+02
1.310000000000000000e+02
1.290000000000000000e+02
1.240000000000000000e+02
1.240000000000000000e+02
1.220000000000000000e+02
1.160000000000000000e+02
1.090000000000000000e+02
1.120000000000000000e+02
1.080000000000000000e+02
1.170000000000000000e+02
1.190000000000000000e+02
1.200000000000000000e+02
1.200000000000000000e+02
1.160000000000000000e+02
1.080000000000000000e+02
1.000000000000000000e+02
9.200000000000000000e+01
9.500000000000000000e+01
9.600000000000000000e+01
9.700000000000000000e+01
9.200000000000000000e+01
9.900000000000000000e+01
9.100000000000000000e+01
8.900000000000000000e+01
8.900000000000000000e+01
9.600000000000000000e+01
1.000000000000000000e+02
9.500000000000000000e+01
9.100000000000000000e+01
9.100000000000000000e+01
9.000000000000000000e+01
8.700000000000000000e+01
7.200000000000000000e+01
7.400000000000000000e+01
6.600000000000000000e+01
6.500000000000000000e+01
6.500000000000000000e+01
6.800000000000000000e+01
6.700000000000000000e+01
7.600000000000000000e+01
8.200000000000000000e+01
7.500000000000000000e+01
7.700000000000000000e+01
7.900000000000000000e+01
8.400000000000000000e+01
9.100000000000000000e+01
9.500000000000000000e+01
1.010000000000000000e+02
1.040000000000000000e+02
1.110000000000000000e+02
1.100000000000000000e+02
1.100000000000000000e+02
1.140000000000000000e+02
1.150000000000000000e+02
1.130000000000000000e+02
1.160000000000000000e+02
1.030000000000000000e+02
1.020000000000000000e+02
1.020000000000000000e+02
9.900000000000000000e+01
1.000000000000000000e+02
1.040000000000000000e+02
1.010000000000000000e+02
1.020000000000000000e+02
1.010000000000000000e+02
9.200000000000000000e+01
9.200000000000000000e+01
8.900000000000000000e+01
9.000000000000000000e+01
9.300000000000000000e+01
8.800000000000000000e+01
8.500000000000000000e+01
