7.200000000000000000e+01
7.600000000000000000e+01
8.100000000000000000e+01
9.000000000000000000e+01
9.600000000000000000e+01
9.800000000000000000e+01
9.600000000000000000e+01
1.100000000000000000e+02
1.180000000000000000e+02
1.240000000000000000e+02
1.350000000000000000e+02
1.350000000000000000e+02
1.430000000000000000e+02
1.520000000000000000e+02
1.700000000000000000e+02
1.810000000000000000e+02
2.050000000000000000e+02
2.390000000000000000e+02
2.570000000000000000e+02
2.610000000000000000e+02
2.920000000000000000e+02
2.870000000000000000e+02
3.050000000000000000e+02
3.160000000000000000e+02
3.300000000000000000e+02
3.520000000000000000e+02
3.590000000000000000e+02
3.760000000000000000e+02
3.800000000000000000e+02
3.760000000000000000e+02
3.770000000000000000e+02
3.740000000000000000e+02
3.870000000000000000e+02
4.110000000000000000e+02
4.220000000000000000e+02
4.250000000000000000e+02
4.150000000000000000e+02
4.060000000000000000e+02
3.930000000000000000e+02
4.000000000000000000e+02
3.960000000000000000e+02
3.820000000000000000e+02
3.800000000000000000e+02
3.760000000000000000e+02
3.610000000000000000e+02
3.530000000000000000e+02
3.620000000000000000e+02
3.480000000000000000e+02
3.460000000000000000e+02
3.320000000000000000e+02
3.300000000000000000e+02
3.390000000000000000e+02
3.200000000000000000e+02
3.130000000000000000e+02
3.170000000000000000e+02
3.090000000000000000e+02
3.060000000000000000e+02
3.160000000000000000e+02
3.020000000000000000e+02
2.930000000000000000e+02
2.970000000000000000e+02
2.940000000000000000e+02
2.780000000000000000e+02
2.590000000000000000e+02
2.730000000000000000e+02
2.660000000000000000e+02
2.480000000000000000e+02
2.610000000000000000e+02
2.510000000000000000e+02
2.530000000000000000e+02
2.580000000000000000e+02
2.640000000000000000e+02
2.730000000000000000e+02
2.590000000000000000e+02
2.550000000000000000e+02
2.480000000000000000e+02
2.530000000000000000e+02
2.550000000000000000e+02
2.500000000000000000e+02
2.520000000000000000e+02
2.590000000000000000e+02
2.570000000000000000e+02
2.700000000000000000e+02
2.740000000000000000e+02
2.800000000000000000e+02
2.770000000000000000e+02
3.060000000000000000e+02
2.940000000000000000e+02
2.830000000000000000e+02
2.760000000000000000e+02
2.980000000000000000e+02
3.020000000000000000e+02
3.000000000000000000e+02
3.230000000000000000e+02
3.260000000000000000e+02
3.190000000000000000e+02
3.120000000000000000e+02
3.140000000000000000e+02
3.050000000000000000e+02
3.000000000000000000e+02
2.850000000000000000e+02
2.740000000000000000e+02
2.780000000000000000e+02
2.720000000000000000e+02
2.780000000000000000e+02
2.610000000000000000e+02
2.660000000000000000e+02
2.700000000000000000e+02
2.670000000000000000e+02
2.530000000000000000e+02
2.370000000000000000e+02
2.460000000000000000e+02
2.420000000000000000e+02
2.350000000000000000e+02
2.390000000000000000e+02
2.430000000000000000e+02
2.480000000000000000e+02
2.480000000000000000e+02
2.530000000000000000e+02
2.620000000000000000e+02
2.660000000000000000e+02
2.730000000000000000e+02
