6.000000000000000000e+01
5.700000000000000000e+01
5.400000000000000000e+01
5.500000000000000000e+01
5.500000000000000000e+01
5.700000000000000000e+01
5.400000000000000000e+01
5.600000000000000000e+01
5.800000000000000000e+01
5.700000000000000000e+01
5.700000000000000000e+01
5.300000000000000000e+01
4.700000000000000000e+01
4.700000000000000000e+01
4.400000000000000000e+01
4.100000000000000000e+01
4.200000000000000000e+01
4.400000000000000000e+01
4.600000000000000000e+01
4.700000000000000000e+01
4.900000000000000000e+01
4.800000000000000000e+01
4.400000000000000000e+01
3.900000000000000000e+01
3.700000000000000000e+01
3.700000000000000000e+01
3.500000000000000000e+01
3.700000000000000000e+01
4.500000000000000000e+01
3.700000000000000000e+01
2.900000000000000000e+01
3.100000000000000000e+01
3.200000000000000000e+01
4.000000000000000000e+01
4.200000000000000000e+01
4.300000000000000000e+01
3.900000000000000000e+01
4.500000000000000000e+01
4.600000000000000000e+01
4.500000000000000000e+01
4.800000000000000000e+01
4.900000000000000000e+01
5.000000000000000000e+01
4.900000000000000000e+01
4.600000000000000000e+01
5.800000000000000000e+01
5.700000000000000000e+01
7.800000000000000000e+01
8.500000000000000000e+01
8.600000000000000000e+01
1.000000000000000000e+02
1.140000000000000000e+02
1.280000000000000000e+02
1.380000000000000000e+02
1.420000000000000000e+02
1.480000000000000000e+02
1.570000000000000000e+02
1.800000000000000000e+02
1.980000000000000000e+02
2.180000000000000000e+02
2.300000000000000000e+02
2.550000000000000000e+02
2.650000000000000000e+02
2.700000000000000000e+02
2.830000000000000000e+02
2.880000000000000000e+02
2.970000000000000000e+02
2.930000000000000000e+02
2.860000000000000000e+02
2.910000000000000000e+02
3.090000000000000000e+02
2.900000000000000000e+02
2.840000000000000000e+02
2.840000000000000000e+02
2.850000000000000000e+02
2.900000000000000000e+02
2.830000000000000000e+02
2.820000000000000000e+02
2.920000000000000000e+02
3.060000000000000000e+02
2.910000000000000000e+02
3.000000000000000000e+02
3.020000000000000000e+02
2.790000000000000000e+02
2.830000000000000000e+02
2.700000000000000000e+02
2.500000000000000000e+02
2.470000000000000000e+02
2.430000000000000000e+02
2.440000000000000000e+02
2.330000000000000000e+02
2.310000000000000000e+02
2.230000000000000000e+02
2.070000000000000000e+02
2.030000000000000000e+02
2.010000000000000000e+02
2.000000000000000000e+02
1.920000000000000000e+02
2.010000000000000000e+02
2.140000000000000000e+02
2.110000000000000000e+02
2.020000000000000000e+02
2.050000000000000000e+02
2.070000000000000000e+02
2.220000000000000000e+02
2.230000000000000000e+02
2.160000000000000000e+02
2.180000000000000000e+02
2.190000000000000000e+02
2.220000000000000000e+02
2.270000000000000000e+02
2.260000000000000000e+02
2.150000000000000000e+02
1.910000000000000000e+02
1.760000000000000000e+02
1.830000000000000000e+02
1.740000000000000000e+02
1.640000000000000000e+02
1.550000000000000000e+02
1.510000000000000000e+02
1.460000000000000000e+02
