1.770000000000000000e+02
1.790000000000000000e+02
1.760000000000000000e+02
1.800000000000000000e+02
1.770000000000000000e+02
1.830000000000000000e+02
1.860000000000000000e+02
2.040000000000000000e+02
2.380000000000000000e+02
2.540000000000000000e+02
2.740000000000000000e+02
2.890000000000000000e+02
2.980000000000000000e+02
3.110000000000000000e+02
3.230000000000000000e+02
3.490000000000000000e+02
3.710000000000000000e+02
3.870000000000000000e+02
3.870000000000000000e+02
3.730000000000000000e+02
3.910000000000000000e+02
3.840000000000000000e+02
3.840000000000000000e+02
3.890000000000000000e+02
3.830000000000000000e+02
3.790000000000000000e+02
3.790000000000000000e+02
3.730000000000000000e+02
3.690000000000000000e+02
3.790000000000000000e+02
3.520000000000000000e+02
3.520000000000000000e+02
3.530000000000000000e+02
3.460000000000000000e+02
3.410000000000000000e+02
3.140000000000000000e+02
3.050000000000000000e+02
3.080000000000000000e+02
3.020000000000000000e+02
2.970000000000000000e+02
2.900000000000000000e+02
2.810000000000000000e+02
2.770000000000000000e+02
2.690000000000000000e+02
2.670000000000000000e+02
2.650000000000000000e+02
2.560000000000000000e+02
2.530000000000000000e+02
2.560000000000000000e+02
2.710000000000000000e+02
2.830000000000000000e+02
2.770000000000000000e+02
2.900000000000000000e+02
2.820000000000000000e+02
2.920000000000000000e+02
2.950000000000000000e+02
3.040000000000000000e+02
3.090000000000000000e+02
3.050000000000000000e+02
3.130000000000000000e+02
3.110000000000000000e+02
3.120000000000000000e+02
3.100000000000000000e+02
3.130000000000000000e+02
3.080000000000000000e+02
2.810000000000000000e+02
2.800000000000000000e+02
2.760000000000000000e+02
2.780000000000000000e+02
2.710000000000000000e+02
2.560000000000000000e+02
2.560000000000000000e+02
2.450000000000000000e+02
2.470000000000000000e+02
2.520000000000000000e+02
2.400000000000000000e+02
2.300000000000000000e+02
2.350000000000000000e+02
2.330000000000000000e+02
2.380000000000000000e+02
2.430000000000000000e+02
2.400000000000000000e+02
2.400000000000000000e+02
2.550000000000000000e+02
2.630000000000000000e+02
2.730000000000000000e+02
2.870000000000000000e+02
2.930000000000000000e+02
2.880000000000000000e+02
2.890000000000000000e+02
2.920000000000000000e+02
3.100000000000000000e+02
3.030000000000000000e+02
3.120000000000000000e+02
3.110000000000000000e+02
3.100000000000000000e+02
3.130000000000000000e+02
3.100000000000000000e+02
3.110000000000000000e+02
3.210000000000000000e+02
3.080000000000000000e+02
3.040000000000000000e+02
2.950000000000000000e+02
2.820000000000000000e+02
2.630000000000000000e+02
2.540000000000000000e+02
2.440000000000000000e+02
2.350000000000000000e+02
2.240000000000000000e+02
2.160000000000000000e+02
2.080000000000000000e+02
2.050000000000000000e+02
2.020000000000000000e+02
2.080000000000000000e+02
2.010000000000000000e+02
1.970000000000000000e+02
1.870000000000000000e+02
1.880000000000000000e+02
1.880000000000000000e+02
1.910000000000000000e+02
1.940000000000000000e+02
