5.800000000000000000e+01
5.700000000000000000e+01
5.300000000000000000e+01
4.900000000000000000e+01
4.600000000000000000e+01
4.600000000000000000e+01
4.600000000000000000e+01
5.000000000000000000e+01
5.200000000000000000e+01
5.100000000000000000e+01
5.200000000000000000e+01
4.900000000000000000e+01
5.000000000000000000e+01
4.900000000000000000e+01
5.100000000000000000e+01
4.600000000000000000e+01
4.700000000000000000e+01
4.600000000000000000e+01
4.400000000000000000e+01
3.900000000000000000e+01
4.000000000000000000e+01
3.900000000000000000e+01
3.200000000000000000e+01
2.800000000000000000e+01
2.000000000000000000e+01
2.200000000000000000e+01
2.500000000000000000e+01
2.500000000000000000e+01
2.400000000000000000e+01
2.600000000000000000e+01
2.500000000000000000e+01
2.800000000000000000e+01
3.000000000000000000e+01
3.600000000000000000e+01
3.500000000000000000e+01
3.700000000000000000e+01
3.800000000000000000e+01
3.700000000000000000e+01
3.900000000000000000e+01
4.400000000000000000e+01
4.300000000000000000e+01
4.900000000000000000e+01
4.300000000000000000e+01
4.200000000000000000e+01
4.200000000000000000e+01
4.600000000000000000e+01
5.600000000000000000e+01
6.300000000000000000e+01
6.900000000000000000e+01
7.700000000000000000e+01
8.900000000000000000e+01
9.800000000000000000e+01
1.130000000000000000e+02
1.170000000000000000e+02
1.350000000000000000e+02
1.500000000000000000e+02
1.580000000000000000e+02
1.790000000000000000e+02
1.970000000000000000e+02
2.180000000000000000e+02
2.320000000000000000e+02
2.590000000000000000e+02
2.900000000000000000e+02
2.960000000000000000e+02
3.260000000000000000e+02
3.090000000000000000e+02
3.230000000000000000e+02
3.390000000000000000e+02
3.590000000000000000e+02
3.600000000000000000e+02
3.470000000000000000e+02
3.440000000000000000e+02
3.380000000000000000e+02
3.420000000000000000e+02
3.390000000000000000e+02
3.210000000000000000e+02
3.180000000000000000e+02
3.230000000000000000e+02
3.340000000000000000e+02
3.360000000000000000e+02
3.210000000000000000e+02
3.130000000000000000e+02
3.060000000000000000e+02
2.780000000000000000e+02
2.570000000000000000e+02
2.360000000000000000e+02
2.290000000000000000e+02
2.230000000000000000e+02
2.190000000000000000e+02
2.210000000000000000e+02
2.160000000000000000e+02
2.040000000000000000e+02
1.940000000000000000e+02
2.050000000000000000e+02
2.070000000000000000e+02
2.050000000000000000e+02
2.000000000000000000e+02
1.990000000000000000e+02
2.160000000000000000e+02
2.090000000000000000e+02
2.130000000000000000e+02
2.290000000000000000e+02
2.200000000000000000e+02
2.010000000000000000e+02
1.980000000000000000e+02
2.010000000000000000e+02
2.040000000000000000e+02
1.840000000000000000e+02
1.820000000000000000e+02
1.730000000000000000e+02
1.660000000000000000e+02
1.690000000000000000e+02
1.590000000000000000e+02
1.550000000000000000e+02
1.650000000000000000e+02
1.540000000000000000e+02
1.580000000000000000e+02
1.530000000000000000e+02
1.510000000000000000e+02
1.500000000000000000e+02
1.390000000000000000e+02
