1.080000000000000000e+02
1.070000000000000000e+02
1.010000000000000000e+02
1.110000000000000000e+02
1.140000000000000000e+02
1.170000000000000000e+02
1.230000000000000000e+02
1.260000000000000000e+02
1.310000000000000000e+02
1.380000000000000000e+02
1.460000000000000000e+02
1.600000000000000000e+02
1.740000000000000000e+02
2.030000000000000000e+02
2.190000000000000000e+02
2.510000000000000000e+02
2.750000000000000000e+02
2.930000000000000000e+02
3.130000000000000000e+02
3.490000000000000000e+02
3.600000000000000000e+02
3.780000000000000000e+02
4.130000000000000000e+02
4.130000000000000000e+02
4.330000000000000000e+02
4.360000000000000000e+02
4.480000000000000000e+02
4.550000000000000000e+02
4.520000000000000000e+02
4.610000000000000000e+02
4.780000000000000000e+02
4.850000000000000000e+02
4.750000000000000000e+02
4.810000000000000000e+02
4.680000000000000000e+02
4.770000000000000000e+02
4.790000000000000000e+02
4.910000000000000000e+02
4.680000000000000000e+02
4.460000000000000000e+02
4.540000000000000000e+02
4.400000000000000000e+02
4.400000000000000000e+02
4.210000000000000000e+02
4.320000000000000000e+02
4.120000000000000000e+02
4.260000000000000000e+02
4.270000000000000000e+02
4.280000000000000000e+02
4.190000000000000000e+02
4.270000000000000000e+02
4.150000000000000000e+02
4.220000000000000000e+02
4.270000000000000000e+02
4.050000000000000000e+02
3.910000000000000000e+02
3.940000000000000000e+02
4.030000000000000000e+02
4.040000000000000000e+02
3.840000000000000000e+02
3.720000000000000000e+02
3.690000000000000000e+02
3.490000000000000000e+02
3.420000000000000000e+02
3.300000000000000000e+02
3.370000000000000000e+02
3.360000000000000000e+02
3.300000000000000000e+02
3.330000000000000000e+02
3.220000000000000000e+02
3.190000000000000000e+02
3.150000000000000000e+02
3.150000000000000000e+02
3.210000000000000000e+02
3.060000000000000000e+02
3.070000000000000000e+02
2.970000000000000000e+02
3.000000000000000000e+02
3.010000000000000000e+02
3.050000000000000000e+02
2.910000000000000000e+02
2.990000000000000000e+02
2.930000000000000000e+02
2.960000000000000000e+02
2.850000000000000000e+02
2.880000000000000000e+02
2.770000000000000000e+02
2.890000000000000000e+02
2.810000000000000000e+02
2.760000000000000000e+02
2.690000000000000000e+02
2.650000000000000000e+02
2.630000000000000000e+02
2.580000000000000000e+02
2.540000000000000000e+02
2.600000000000000000e+02
2.480000000000000000e+02
2.610000000000000000e+02
2.850000000000000000e+02
3.030000000000000000e+02
3.180000000000000000e+02
3.250000000000000000e+02
3.200000000000000000e+02
3.180000000000000000e+02
3.180000000000000000e+02
3.190000000000000000e+02
3.160000000000000000e+02
3.100000000000000000e+02
2.960000000000000000e+02
3.180000000000000000e+02
3.040000000000000000e+02
3.010000000000000000e+02
3.030000000000000000e+02
2.940000000000000000e+02
3.000000000000000000e+02
2.960000000000000000e+02
2.920000000000000000e+02
2.930000000000000000e+02
2.920000000000000000e+02
2.830000000000000000e+02
2.970000000000000000e+02
2.890000000000000000e+02
