3.500000000000000000e+01
3.300000000000000000e+01
4.100000000000000000e+01
3.800000000000000000e+01
3.600000000000000000e+01
3.900000000000000000e+01
4.700000000000000000e+01
4.800000000000000000e+01
4.800000000000000000e+01
4.900000000000000000e+01
5.300000000000000000e+01
5.700000000000000000e+01
5.700000000000000000e+01
6.400000000000000000e+01
6.900000000000000000e+01
7.100000000000000000e+01
7.500000000000000000e+01
9.500000000000000000e+01
9.300000000000000000e+01
1.070000000000000000e+02
1.230000000000000000e+02
1.290000000000000000e+02
1.370000000000000000e+02
1.400000000000000000e+02
1.500000000000000000e+02
1.600000000000000000e+02
1.650000000000000000e+02
1.750000000000000000e+02
1.780000000000000000e+02
1.790000000000000000e+02
1.850000000000000000e+02
1.850000000000000000e+02
1.810000000000000000e+02
1.850000000000000000e+02
1.790000000000000000e+02
1.820000000000000000e+02
1.770000000000000000e+02
1.780000000000000000e+02
1.760000000000000000e+02
1.620000000000000000e+02
1.650000000000000000e+02
1.670000000000000000e+02
1.550000000000000000e+02
1.570000000000000000e+02
1.490000000000000000e+02
1.490000000000000000e+02
1.400000000000000000e+02
1.390000000000000000e+02
1.480000000000000000e+02
1.490000000000000000e+02
1.490000000000000000e+02
1.430000000000000000e+02
1.340000000000000000e+02
1.410000000000000000e+02
1.440000000000000000e+02
1.350000000000000000e+02
1.320000000000000000e+02
1.320000000000000000e+02
1.360000000000000000e+02
1.260000000000000000e+02
1.340000000000000000e+02
1.340000000000000000e+02
1.370000000000000000e+02
1.380000000000000000e+02
1.340000000000000000e+02
1.320000000000000000e+02
1.270000000000000000e+02
1.330000000000000000e+02
1.380000000000000000e+02
1.330000000000000000e+02
1.250000000000000000e+02
1.220000000000000000e+02
1.210000000000000000e+02
1.090000000000000000e+02
1.030000000000000000e+02
1.000000000000000000e+02
9.400000000000000000e+01
9.100000000000000000e+01
9.200000000000000000e+01
9.000000000000000000e+01
9.400000000000000000e+01
8.900000000000000000e+01
9.100000000000000000e+01
9.000000000000000000e+01
9.100000000000000000e+01
8.600000000000000000e+01
9.200000000000000000e+01
9.600000000000000000e+01
9.300000000000000000e+01
9.200000000000000000e+01
9.100000000000000000e+01
8.300000000000000000e+01
9.000000000000000000e+01
8.900000000000000000e+01
1.000000000000000000e+02
9.600000000000000000e+01
1.000000000000000000e+02
9.600000000000000000e+01
9.100000000000000000e+01
9.500000000000000000e+01
9.300000000000000000e+01
9.000000000000000000e+01
8.500000000000000000e+01
8.700000000000000000e+01
9.000000000000000000e+01
8.900000000000000000e+01
8.900000000000000000e+01
8.300000000000000000e+01
7.800000000000000000e+01
8.700000000000000000e+01
8.400000000000000000e+01
8.400000000000000000e+01
9.100000000000000000e+01
8.600000000000000000e+01
9.300000000000000000e+01
8.500000000000000000e+01
9.000000000000000000e+01
9.100000000000000000e+01
8.800000000000000000e+01
9.300000000000000000e+01
9.100000000000000000e+01
9.100000000000000000e+01
