1.020000000000000000e+02
1.010000000000000000e+02
9.900000000000000000e+01
1.040000000000000000e+02
1.060000000000000000e+02
1.040000000000000000e+02
9.800000000000000000e+01
9.400000000000000000e+01
9.700000000000000000e+01
9.100000000000000000e+01
8.800000000000000000e+01
8.300000000000000000e+01
7.900000000000000000e+01
8.300000000000000000e+01
8.800000000000000000e+01
8.600000000000000000e+01
8.900000000000000000e+01
8.600000000000000000e+01
8.600000000000000000e+01
9.000000000000000000e+01
8.700000000000000000e+01
8.600000000000000000e+01
7.700000000000000000e+01
7.100000000000000000e+01
5.900000000000000000e+01
5.700000000000000000e+01
5.600000000000000000e+01
5.800000000000000000e+01
5.900000000000000000e+01
5.800000000000000000e+01
7.000000000000000000e+01
7.100000000000000000e+01
7.400000000000000000e+01
7.200000000000000000e+01
7.700000000000000000e+01
8.200000000000000000e+01
9.100000000000000000e+01
9.600000000000000000e+01
1.100000000000000000e+02
1.160000000000000000e+02
1.290000000000000000e+02
1.360000000000000000e+02
1.380000000000000000e+02
1.510000000000000000e+02
1.620000000000000000e+02
1.740000000000000000e+02
1.710000000000000000e+02
2.060000000000000000e+02
2.120000000000000000e+02
2.200000000000000000e+02
2.430000000000000000e+02
2.630000000000000000e+02
2.760000000000000000e+02
2.760000000000000000e+02
2.870000000000000000e+02
2.870000000000000000e+02
2.860000000000000000e+02
2.670000000000000000e+02
2.720000000000000000e+02
2.730000000000000000e+02
2.720000000000000000e+02
2.620000000000000000e+02
2.680000000000000000e+02
2.690000000000000000e+02
2.640000000000000000e+02
2.730000000000000000e+02
2.690000000000000000e+02
2.600000000000000000e+02
2.480000000000000000e+02
2.360000000000000000e+02
2.260000000000000000e+02
2.140000000000000000e+02
2.130000000000000000e+02
1.980000000000000000e+02
1.990000000000000000e+02
1.970000000000000000e+02
1.860000000000000000e+02
1.970000000000000000e+02
1.950000000000000000e+02
2.100000000000000000e+02
2.140000000000000000e+02
2.000000000000000000e+02
2.080000000000000000e+02
2.240000000000000000e+02
2.360000000000000000e+02
2.390000000000000000e+02
2.510000000000000000e+02
2.650000000000000000e+02
2.460000000000000000e+02
2.480000000000000000e+02
2.520000000000000000e+02
2.470000000000000000e+02
2.570000000000000000e+02
2.310000000000000000e+02
2.310000000000000000e+02
2.230000000000000000e+02
2.200000000000000000e+02
2.190000000000000000e+02
2.120000000000000000e+02
1.990000000000000000e+02
1.920000000000000000e+02
1.850000000000000000e+02
1.850000000000000000e+02
1.780000000000000000e+02
1.730000000000000000e+02
1.730000000000000000e+02
1.780000000000000000e+02
1.610000000000000000e+02
1.720000000000000000e+02
1.690000000000000000e+02
1.710000000000000000e+02
1.630000000000000000e+02
1.710000000000000000e+02
1.660000000000000000e+02
1.650000000000000000e+02
1.690000000000000000e+02
1.710000000000000000e+02
1.750000000000000000e+02
1.750000000000000000e+02
1.660000000000000000e+02
1.690000000000000000e+02
