8.500000000000000000e+01
7.900000000000000000e+01
8.200000000000000000e+01
8.500000000000000000e+01
8.700000000000000000e+01
9.000000000000000000e+01
9.600000000000000000e+01
9.300000000000000000e+01
8.900000000000000000e+01
8.300000000000000000e+01
9.000000000000000000e+01
8.300000000000000000e+01
8.100000000000000000e+01
7.900000000000000000e+01
7.200000000000000000e+01
6.700000000000000000e+01
6.600000000000000000e+01
6.200000000000000000e+01
5.700000000000000000e+01
5.900000000000000000e+01
5.700000000000000000e+01
4.900000000000000000e+01
4.700000000000000000e+01
4.600000000000000000e+01
4.200000000000000000e+01
3.900000000000000000e+01
3.500000000000000000e+01
3.100000000000000000e+01
3.000000000000000000e+01
3.200000000000000000e+01
3.500000000000000000e+01
3.600000000000000000e+01
3.400000000000000000e+01
3.000000000000000000e+01
3.100000000000000000e+01
3.500000000000000000e+01
3.600000000000000000e+01
4.100000000000000000e+01
5.300000000000000000e+01
6.100000000000000000e+01
7.200000000000000000e+01
8.000000000000000000e+01
8.400000000000000000e+01
9.500000000000000000e+01
1.060000000000000000e+02
1.030000000000000000e+02
1.200000000000000000e+02
1.320000000000000000e+02
1.460000000000000000e+02
1.670000000000000000e+02
1.830000000000000000e+02
1.960000000000000000e+02
2.140000000000000000e+02
2.310000000000000000e+02
2.530000000000000000e+02
2.760000000000000000e+02
2.760000000000000000e+02
2.680000000000000000e+02
2.800000000000000000e+02
2.900000000000000000e+02
2.810000000000000000e+02
2.830000000000000000e+02
2.850000000000000000e+02
2.990000000000000000e+02
3.090000000000000000e+02
3.180000000000000000e+02
3.100000000000000000e+02
3.190000000000000000e+02
3.190000000000000000e+02
3.180000000000000000e+02
3.220000000000000000e+02
3.120000000000000000e+02
2.950000000000000000e+02
2.830000000000000000e+02
2.570000000000000000e+02
2.590000000000000000e+02
2.570000000000000000e+02
2.420000000000000000e+02
2.360000000000000000e+02
2.420000000000000000e+02
2.410000000000000000e+02
2.400000000000000000e+02
2.260000000000000000e+02
2.200000000000000000e+02
2.090000000000000000e+02
2.030000000000000000e+02
1.880000000000000000e+02
1.760000000000000000e+02
1.710000000000000000e+02
1.810000000000000000e+02
1.720000000000000000e+02
1.650000000000000000e+02
1.620000000000000000e+02
1.670000000000000000e+02
1.800000000000000000e+02
1.810000000000000000e+02
1.810000000000000000e+02
2.020000000000000000e+02
2.090000000000000000e+02
2.050000000000000000e+02
2.300000000000000000e+02
2.300000000000000000e+02
2.290000000000000000e+02
2.360000000000000000e+02
2.330000000000000000e+02
2.410000000000000000e+02
2.380000000000000000e+02
2.110000000000000000e+02
2.050000000000000000e+02
2.060000000000000000e+02
2.110000000000000000e+02
1.930000000000000000e+02
1.840000000000000000e+02
1.880000000000000000e+02
1.840000000000000000e+02
1.820000000000000000e+02
1.650000000000000000e+02
1.720000000000000000e+02
1.750000000000000000e+02
1.610000000000000000e+02
1.520000000000000000e+02
