1.450000000000000000e+02
1.460000000000000000e+02
1.470000000000000000e+02
1.450000000000000000e+02
1.490000000000000000e+02
1.630000000000000000e+02
1.650000000000000000e+02
1.650000000000000000e+02
1.730000000000000000e+02
1.720000000000000000e+02
1.670000000000000000e+02
1.560000000000000000e+02
1.510000000000000000e+02
1.570000000000000000e+02
1.530000000000000000e+02
1.490000000000000000e+02
1.280000000000000000e+02
1.330000000000000000e+02
1.250000000000000000e+02
1.230000000000000000e+02
1.110000000000000000e+02
1.060000000000000000e+02
1.150000000000000000e+02
1.090000000000000000e+02
1.090000000000000000e+02
1.050000000000000000e+02
1.040000000000000000e+02
1.050000000000000000e+02
1.000000000000000000e+02
9.300000000000000000e+01
9.500000000000000000e+01
1.110000000000000000e+02
1.150000000000000000e+02
1.220000000000000000e+02
1.200000000000000000e+02
1.220000000000000000e+02
1.310000000000000000e+02
1.420000000000000000e+02
1.420000000000000000e+02
1.420000000000000000e+02
1.440000000000000000e+02
1.520000000000000000e+02
1.630000000000000000e+02
1.930000000000000000e+02
2.040000000000000000e+02
2.140000000000000000e+02
2.190000000000000000e+02
2.190000000000000000e+02
2.340000000000000000e+02
2.620000000000000000e+02
2.750000000000000000e+02
2.700000000000000000e+02
2.640000000000000000e+02
2.260000000000000000e+02
2.260000000000000000e+02
2.430000000000000000e+02
2.400000000000000000e+02
2.430000000000000000e+02
2.460000000000000000e+02
2.560000000000000000e+02
2.610000000000000000e+02
2.610000000000000000e+02
2.470000000000000000e+02
2.570000000000000000e+02
2.530000000000000000e+02
2.440000000000000000e+02
2.450000000000000000e+02
2.390000000000000000e+02
2.280000000000000000e+02
2.290000000000000000e+02
2.310000000000000000e+02
2.280000000000000000e+02
2.070000000000000000e+02
2.020000000000000000e+02
2.060000000000000000e+02
2.150000000000000000e+02
2.040000000000000000e+02
2.050000000000000000e+02
2.080000000000000000e+02
2.080000000000000000e+02
2.120000000000000000e+02
2.260000000000000000e+02
2.300000000000000000e+02
2.200000000000000000e+02
2.370000000000000000e+02
2.680000000000000000e+02
2.860000000000000000e+02
2.840000000000000000e+02
2.610000000000000000e+02
2.570000000000000000e+02
2.570000000000000000e+02
2.590000000000000000e+02
2.620000000000000000e+02
2.700000000000000000e+02
2.680000000000000000e+02
2.530000000000000000e+02
2.310000000000000000e+02
2.190000000000000000e+02
2.100000000000000000e+02
1.980000000000000000e+02
1.960000000000000000e+02
1.870000000000000000e+02
1.890000000000000000e+02
1.780000000000000000e+02
1.700000000000000000e+02
1.720000000000000000e+02
1.590000000000000000e+02
1.560000000000000000e+02
1.570000000000000000e+02
1.390000000000000000e+02
1.450000000000000000e+02
1.460000000000000000e+02
1.510000000000000000e+02
1.440000000000000000e+02
1.450000000000000000e+02
1.420000000000000000e+02
1.430000000000000000e+02
1.490000000000000000e+02
1.470000000000000000e+02
1.500000000000000000e+02
1.460000000000000000e+02
