1.000000000000000000e+02
1.040000000000000000e+02
1.010000000000000000e+02
9.700000000000000000e+01
9.400000000000000000e+01
9.100000000000000000e+01
9.000000000000000000e+01
8.900000000000000000e+01
8.400000000000000000e+01
7.200000000000000000e+01
7.600000000000000000e+01
7.700000000000000000e+01
8.000000000000000000e+01
8.300000000000000000e+01
7.700000000000000000e+01
8.000000000000000000e+01
6.900000000000000000e+01
6.800000000000000000e+01
6.000000000000000000e+01
6.400000000000000000e+01
6.000000000000000000e+01
5.600000000000000000e+01
5.700000000000000000e+01
5.100000000000000000e+01
5.000000000000000000e+01
4.400000000000000000e+01
3.600000000000000000e+01
3.200000000000000000e+01
3.300000000000000000e+01
3.600000000000000000e+01
3.300000000000000000e+01
2.900000000000000000e+01
3.200000000000000000e+01
3.300000000000000000e+01
3.300000000000000000e+01
4.000000000000000000e+01
4.400000000000000000e+01
4.600000000000000000e+01
4.700000000000000000e+01
4.400000000000000000e+01
4.800000000000000000e+01
4.500000000000000000e+01
5.500000000000000000e+01
5.800000000000000000e+01
5.800000000000000000e+01
6.000000000000000000e+01
6.800000000000000000e+01
6.700000000000000000e+01
7.900000000000000000e+01
9.100000000000000000e+01
1.000000000000000000e+02
1.000000000000000000e+02
1.100000000000000000e+02
1.200000000000000000e+02
1.280000000000000000e+02
1.310000000000000000e+02
1.330000000000000000e+02
1.450000000000000000e+02
1.630000000000000000e+02
1.680000000000000000e+02
1.950000000000000000e+02
2.140000000000000000e+02
2.210000000000000000e+02
2.520000000000000000e+02
2.720000000000000000e+02
2.860000000000000000e+02
2.960000000000000000e+02
3.270000000000000000e+02
3.300000000000000000e+02
3.310000000000000000e+02
3.360000000000000000e+02
3.460000000000000000e+02
3.350000000000000000e+02
3.230000000000000000e+02
3.170000000000000000e+02
3.140000000000000000e+02
3.040000000000000000e+02
2.950000000000000000e+02
3.090000000000000000e+02
2.990000000000000000e+02
2.980000000000000000e+02
2.870000000000000000e+02
2.740000000000000000e+02
2.720000000000000000e+02
2.700000000000000000e+02
2.640000000000000000e+02
2.490000000000000000e+02
2.440000000000000000e+02
2.420000000000000000e+02
2.360000000000000000e+02
2.370000000000000000e+02
2.210000000000000000e+02
2.170000000000000000e+02
2.190000000000000000e+02
2.120000000000000000e+02
1.990000000000000000e+02
1.860000000000000000e+02
1.670000000000000000e+02
1.560000000000000000e+02
1.510000000000000000e+02
1.420000000000000000e+02
1.390000000000000000e+02
1.480000000000000000e+02
1.540000000000000000e+02
1.510000000000000000e+02
1.610000000000000000e+02
1.580000000000000000e+02
1.670000000000000000e+02
1.710000000000000000e+02
1.800000000000000000e+02
1.740000000000000000e+02
1.780000000000000000e+02
1.870000000000000000e+02
1.960000000000000000e+02
2.020000000000000000e+02
1.940000000000000000e+02
1.890000000000000000e+02
1.930000000000000000e+02
1.870000000000000000e+02
1.880000000000000000e+02
1.890000000000000000e+02
