7.900000000000000000e+01
7.900000000000000000e+01
7.800000000000000000e+01
7.900000000000000000e+01
7.600000000000000000e+01
7.300000000000000000e+01
7.000000000000000000e+01
6.400000000000000000e+01
6.500000000000000000e+01
6.700000000000000000e+01
6.400000000000000000e+01
6.600000000000000000e+01
6.100000000000000000e+01
6.400000000000000000e+01
6.000000000000000000e+01
5.900000000000000000e+01
5.900000000000000000e+01
5.700000000000000000e+01
5.200000000000000000e+01
4.600000000000000000e+01
4.300000000000000000e+01
4.300000000000000000e+01
4.200000000000000000e+01
4.000000000000000000e+01
4.000000000000000000e+01
3.900000000000000000e+01
3.500000000000000000e+01
3.700000000000000000e+01
3.400000000000000000e+01
3.400000000000000000e+01
3.600000000000000000e+01
3.700000000000000000e+01
3.500000000000000000e+01
3.000000000000000000e+01
3.200000000000000000e+01
3.300000000000000000e+01
3.000000000000000000e+01
3.100000000000000000e+01
3.100000000000000000e+01
2.900000000000000000e+01
2.800000000000000000e+01
2.600000000000000000e+01
2.700000000000000000e+01
3.000000000000000000e+01
3.700000000000000000e+01
4.600000000000000000e+01
4.500000000000000000e+01
4.800000000000000000e+01
5.200000000000000000e+01
5.800000000000000000e+01
5.900000000000000000e+01
6.200000000000000000e+01
6.800000000000000000e+01
7.400000000000000000e+01
7.500000000000000000e+01
8.600000000000000000e+01
8.900000000000000000e+01
9.000000000000000000e+01
1.080000000000000000e+02
1.100000000000000000e+02
1.400000000000000000e+02
1.560000000000000000e+02
1.880000000000000000e+02
2.250000000000000000e+02
2.460000000000000000e+02
2.580000000000000000e+02
2.650000000000000000e+02
2.720000000000000000e+02
2.930000000000000000e+02
2.970000000000000000e+02
3.100000000000000000e+02
3.250000000000000000e+02
3.190000000000000000e+02
3.400000000000000000e+02
3.460000000000000000e+02
3.450000000000000000e+02
3.620000000000000000e+02
3.380000000000000000e+02
3.190000000000000000e+02
3.210000000000000000e+02
3.330000000000000000e+02
3.220000000000000000e+02
3.240000000000000000e+02
3.110000000000000000e+02
3.070000000000000000e+02
3.020000000000000000e+02
2.880000000000000000e+02
2.850000000000000000e+02
2.730000000000000000e+02
2.600000000000000000e+02
2.550000000000000000e+02
2.550000000000000000e+02
2.500000000000000000e+02
2.370000000000000000e+02
2.250000000000000000e+02
2.190000000000000000e+02
2.050000000000000000e+02
1.970000000000000000e+02
1.850000000000000000e+02
1.870000000000000000e+02
1.800000000000000000e+02
1.700000000000000000e+02
1.640000000000000000e+02
1.700000000000000000e+02
1.770000000000000000e+02
1.810000000000000000e+02
1.970000000000000000e+02
1.980000000000000000e+02
1.990000000000000000e+02
2.080000000000000000e+02
2.120000000000000000e+02
2.020000000000000000e+02
2.040000000000000000e+02
2.050000000000000000e+02
1.980000000000000000e+02
1.920000000000000000e+02
1.820000000000000000e+02
1.750000000000000000e+02
1.730000000000000000e+02
1.670000000000000000e+02
1.580000000000000000e+02
