8.500000000000000000e+01
9.700000000000000000e+01
1.040000000000000000e+02
1.060000000000000000e+02
1.110000000000000000e+02
1.080000000000000000e+02
1.050000000000000000e+02
1.150000000000000000e+02
1.250000000000000000e+02
1.250000000000000000e+02
1.440000000000000000e+02
1.500000000000000000e+02
1.710000000000000000e+02
1.960000000000000000e+02
2.310000000000000000e+02
2.500000000000000000e+02
2.800000000000000000e+02
3.210000000000000000e+02
3.380000000000000000e+02
3.770000000000000000e+02
4.030000000000000000e+02
4.020000000000000000e+02
3.920000000000000000e+02
4.200000000000000000e+02
4.210000000000000000e+02
4.170000000000000000e+02
4.200000000000000000e+02
4.120000000000000000e+02
4.350000000000000000e+02
4.250000000000000000e+02
4.130000000000000000e+02
4.200000000000000000e+02
4.310000000000000000e+02
4.330000000000000000e+02
4.430000000000000000e+02
4.390000000000000000e+02
4.370000000000000000e+02
4.360000000000000000e+02
4.240000000000000000e+02
4.170000000000000000e+02
4.180000000000000000e+02
4.260000000000000000e+02
4.370000000000000000e+02
4.340000000000000000e+02
4.350000000000000000e+02
4.190000000000000000e+02
4.210000000000000000e+02
4.260000000000000000e+02
4.390000000000000000e+02
4.520000000000000000e+02
4.430000000000000000e+02
4.410000000000000000e+02
4.110000000000000000e+02
4.010000000000000000e+02
4.030000000000000000e+02
4.130000000000000000e+02
4.150000000000000000e+02
4.260000000000000000e+02
3.990000000000000000e+02
3.890000000000000000e+02
3.750000000000000000e+02
3.660000000000000000e+02
3.590000000000000000e+02
3.590000000000000000e+02
3.620000000000000000e+02
3.560000000000000000e+02
3.450000000000000000e+02
3.380000000000000000e+02
3.380000000000000000e+02
3.180000000000000000e+02
3.180000000000000000e+02
3.300000000000000000e+02
3.270000000000000000e+02
3.180000000000000000e+02
3.070000000000000000e+02
3.020000000000000000e+02
3.050000000000000000e+02
3.200000000000000000e+02
3.020000000000000000e+02
3.100000000000000000e+02
2.970000000000000000e+02
2.820000000000000000e+02
2.800000000000000000e+02
2.660000000000000000e+02
2.730000000000000000e+02
2.670000000000000000e+02
2.730000000000000000e+02
2.680000000000000000e+02
2.670000000000000000e+02
2.620000000000000000e+02
2.630000000000000000e+02
2.560000000000000000e+02
2.640000000000000000e+02
2.650000000000000000e+02
2.850000000000000000e+02
2.920000000000000000e+02
3.110000000000000000e+02
3.110000000000000000e+02
3.060000000000000000e+02
3.160000000000000000e+02
3.160000000000000000e+02
3.170000000000000000e+02
3.280000000000000000e+02
3.370000000000000000e+02
3.390000000000000000e+02
3.200000000000000000e+02
3.170000000000000000e+02
3.230000000000000000e+02
3.030000000000000000e+02
2.970000000000000000e+02
2.950000000000000000e+02
2.960000000000000000e+02
2.820000000000000000e+02
2.670000000000000000e+02
2.680000000000000000e+02
2.590000000000000000e+02
2.590000000000000000e+02
2.410000000000000000e+02
2.290000000000000000e+02
2.280000000000000000e+02
2.320000000000000000e+02
2.360000000000000000e+02
