8.300000000000000000e+01
8.400000000000000000e+01
8.000000000000000000e+01
7.900000000000000000e+01
7.700000000000000000e+01
8.000000000000000000e+01
7.700000000000000000e+01
8.100000000000000000e+01
7.500000000000000000e+01
7.600000000000000000e+01
7.600000000000000000e+01
7.200000000000000000e+01
7.000000000000000000e+01
6.600000000000000000e+01
6.600000000000000000e+01
6.100000000000000000e+01
6.300000000000000000e+01
6.000000000000000000e+01
5.700000000000000000e+01
5.700000000000000000e+01
5.600000000000000000e+01
5.400000000000000000e+01
4.800000000000000000e+01
4.300000000000000000e+01
4.000000000000000000e+01
4.000000000000000000e+01
4.000000000000000000e+01
4.400000000000000000e+01
3.900000000000000000e+01
4.100000000000000000e+01
4.000000000000000000e+01
3.700000000000000000e+01
3.600000000000000000e+01
3.500000000000000000e+01
3.500000000000000000e+01
3.400000000000000000e+01
3.200000000000000000e+01
2.800000000000000000e+01
3.400000000000000000e+01
4.200000000000000000e+01
4.500000000000000000e+01
4.600000000000000000e+01
4.900000000000000000e+01
5.000000000000000000e+01
5.700000000000000000e+01
6.400000000000000000e+01
7.800000000000000000e+01
7.700000000000000000e+01
8.100000000000000000e+01
9.300000000000000000e+01
9.300000000000000000e+01
9.900000000000000000e+01
1.110000000000000000e+02
1.260000000000000000e+02
1.470000000000000000e+02
1.560000000000000000e+02
1.690000000000000000e+02
1.720000000000000000e+02
1.940000000000000000e+02
2.060000000000000000e+02
2.310000000000000000e+02
2.420000000000000000e+02
2.730000000000000000e+02
2.990000000000000000e+02
3.240000000000000000e+02
3.170000000000000000e+02
3.160000000000000000e+02
3.360000000000000000e+02
3.470000000000000000e+02
3.640000000000000000e+02
3.800000000000000000e+02
3.770000000000000000e+02
3.650000000000000000e+02
3.630000000000000000e+02
3.550000000000000000e+02
3.520000000000000000e+02
3.390000000000000000e+02
3.350000000000000000e+02
3.220000000000000000e+02
3.190000000000000000e+02
2.950000000000000000e+02
2.910000000000000000e+02
2.860000000000000000e+02
2.790000000000000000e+02
2.650000000000000000e+02
2.560000000000000000e+02
2.630000000000000000e+02
2.510000000000000000e+02
2.410000000000000000e+02
2.330000000000000000e+02
2.210000000000000000e+02
2.140000000000000000e+02
2.080000000000000000e+02
2.150000000000000000e+02
1.940000000000000000e+02
1.890000000000000000e+02
1.850000000000000000e+02
1.790000000000000000e+02
1.890000000000000000e+02
1.850000000000000000e+02
1.760000000000000000e+02
1.790000000000000000e+02
1.810000000000000000e+02
1.810000000000000000e+02
1.750000000000000000e+02
1.800000000000000000e+02
1.930000000000000000e+02
2.090000000000000000e+02
2.300000000000000000e+02
2.400000000000000000e+02
2.330000000000000000e+02
2.400000000000000000e+02
2.330000000000000000e+02
2.270000000000000000e+02
2.130000000000000000e+02
2.010000000000000000e+02
1.940000000000000000e+02
1.890000000000000000e+02
1.830000000000000000e+02
1.820000000000000000e+02
1.730000000000000000e+02
