9.300000000000000000e+01
9.100000000000000000e+01
7.900000000000000000e+01
7.400000000000000000e+01
6.800000000000000000e+01
6.700000000000000000e+01
6.400000000000000000e+01
6.700000000000000000e+01
7.400000000000000000e+01
7.700000000000000000e+01
8.400000000000000000e+01
9.600000000000000000e+01
9.800000000000000000e+01
1.140000000000000000e+02
1.220000000000000000e+02
1.300000000000000000e+02
1.400000000000000000e+02
1.480000000000000000e+02
1.630000000000000000e+02
1.780000000000000000e+02
1.900000000000000000e+02
2.160000000000000000e+02
2.290000000000000000e+02
2.440000000000000000e+02
2.690000000000000000e+02
2.830000000000000000e+02
3.090000000000000000e+02
3.220000000000000000e+02
3.300000000000000000e+02
3.270000000000000000e+02
3.470000000000000000e+02
3.500000000000000000e+02
3.630000000000000000e+02
3.660000000000000000e+02
3.700000000000000000e+02
3.730000000000000000e+02
3.610000000000000000e+02
3.720000000000000000e+02
3.570000000000000000e+02
3.610000000000000000e+02
3.720000000000000000e+02
3.780000000000000000e+02
3.720000000000000000e+02
3.930000000000000000e+02
3.670000000000000000e+02
3.540000000000000000e+02
3.620000000000000000e+02
3.720000000000000000e+02
3.910000000000000000e+02
3.800000000000000000e+02
3.690000000000000000e+02
3.580000000000000000e+02
3.560000000000000000e+02
3.540000000000000000e+02
3.450000000000000000e+02
3.580000000000000000e+02
3.530000000000000000e+02
3.580000000000000000e+02
3.610000000000000000e+02
3.530000000000000000e+02
3.400000000000000000e+02
3.360000000000000000e+02
3.180000000000000000e+02
3.120000000000000000e+02
3.040000000000000000e+02
2.960000000000000000e+02
2.960000000000000000e+02
3.030000000000000000e+02
2.940000000000000000e+02
2.900000000000000000e+02
2.850000000000000000e+02
2.830000000000000000e+02
2.670000000000000000e+02
2.560000000000000000e+02
2.410000000000000000e+02
2.350000000000000000e+02
2.240000000000000000e+02
2.250000000000000000e+02
2.170000000000000000e+02
2.180000000000000000e+02
2.420000000000000000e+02
2.560000000000000000e+02
2.730000000000000000e+02
2.950000000000000000e+02
3.130000000000000000e+02
3.140000000000000000e+02
3.180000000000000000e+02
3.280000000000000000e+02
3.540000000000000000e+02
3.880000000000000000e+02
4.010000000000000000e+02
4.050000000000000000e+02
3.950000000000000000e+02
3.970000000000000000e+02
3.910000000000000000e+02
3.880000000000000000e+02
3.670000000000000000e+02
3.750000000000000000e+02
3.730000000000000000e+02
3.710000000000000000e+02
3.640000000000000000e+02
3.690000000000000000e+02
3.580000000000000000e+02
3.550000000000000000e+02
3.310000000000000000e+02
3.380000000000000000e+02
3.460000000000000000e+02
3.390000000000000000e+02
3.210000000000000000e+02
3.130000000000000000e+02
3.240000000000000000e+02
3.280000000000000000e+02
3.140000000000000000e+02
3.030000000000000000e+02
3.000000000000000000e+02
2.810000000000000000e+02
2.790000000000000000e+02
2.790000000000000000e+02
2.680000000000000000e+02
2.590000000000000000e+02
2.710000000000000000e+02
2.660000000000000000e+02
