7.200000000000000000e+01
7.100000000000000000e+01
7.300000000000000000e+01
7.500000000000000000e+01
8.600000000000000000e+01
9.100000000000000000e+01
9.900000000000000000e+01
9.900000000000000000e+01
1.010000000000000000e+02
9.900000000000000000e+01
1.160000000000000000e+02
1.190000000000000000e+02
1.220000000000000000e+02
1.320000000000000000e+02
1.460000000000000000e+02
1.610000000000000000e+02
1.810000000000000000e+02
2.010000000000000000e+02
2.100000000000000000e+02
2.380000000000000000e+02
2.570000000000000000e+02
2.840000000000000000e+02
3.200000000000000000e+02
3.310000000000000000e+02
3.520000000000000000e+02
3.490000000000000000e+02
3.540000000000000000e+02
3.650000000000000000e+02
3.750000000000000000e+02
3.970000000000000000e+02
4.140000000000000000e+02
4.330000000000000000e+02
4.350000000000000000e+02
4.520000000000000000e+02
4.540000000000000000e+02
4.450000000000000000e+02
4.440000000000000000e+02
4.200000000000000000e+02
4.150000000000000000e+02
4.110000000000000000e+02
4.120000000000000000e+02
4.080000000000000000e+02
4.050000000000000000e+02
4.000000000000000000e+02
3.990000000000000000e+02
3.780000000000000000e+02
4.090000000000000000e+02
4.110000000000000000e+02
3.860000000000000000e+02
3.990000000000000000e+02
3.970000000000000000e+02
3.930000000000000000e+02
3.820000000000000000e+02
3.640000000000000000e+02
3.640000000000000000e+02
3.530000000000000000e+02
3.460000000000000000e+02
3.440000000000000000e+02
3.290000000000000000e+02
3.120000000000000000e+02
3.120000000000000000e+02
3.110000000000000000e+02
3.120000000000000000e+02
3.160000000000000000e+02
3.100000000000000000e+02
2.990000000000000000e+02
2.920000000000000000e+02
2.850000000000000000e+02
2.810000000000000000e+02
2.740000000000000000e+02
2.840000000000000000e+02
2.920000000000000000e+02
2.970000000000000000e+02
2.840000000000000000e+02
2.620000000000000000e+02
2.450000000000000000e+02
2.200000000000000000e+02
2.200000000000000000e+02
2.120000000000000000e+02
2.170000000000000000e+02
2.280000000000000000e+02
2.390000000000000000e+02
2.380000000000000000e+02
2.460000000000000000e+02
2.710000000000000000e+02
2.760000000000000000e+02
2.630000000000000000e+02
2.660000000000000000e+02
2.900000000000000000e+02
2.870000000000000000e+02
2.870000000000000000e+02
2.950000000000000000e+02
2.970000000000000000e+02
2.980000000000000000e+02
3.040000000000000000e+02
3.030000000000000000e+02
3.110000000000000000e+02
3.160000000000000000e+02
3.180000000000000000e+02
3.060000000000000000e+02
3.200000000000000000e+02
3.200000000000000000e+02
3.230000000000000000e+02
3.250000000000000000e+02
3.180000000000000000e+02
3.010000000000000000e+02
2.920000000000000000e+02
2.930000000000000000e+02
2.920000000000000000e+02
2.940000000000000000e+02
2.990000000000000000e+02
2.910000000000000000e+02
3.030000000000000000e+02
2.840000000000000000e+02
2.790000000000000000e+02
2.590000000000000000e+02
2.610000000000000000e+02
2.770000000000000000e+02
2.800000000000000000e+02
2.850000000000000000e+02
2.860000000000000000e+02
2.870000000000000000e+02
