9.400000000000000000e+01
9.500000000000000000e+01
9.200000000000000000e+01
9.900000000000000000e+01
9.200000000000000000e+01
9.000000000000000000e+01
8.500000000000000000e+01
8.600000000000000000e+01
9.100000000000000000e+01
8.600000000000000000e+01
8.200000000000000000e+01
8.200000000000000000e+01
7.600000000000000000e+01
6.700000000000000000e+01
7.100000000000000000e+01
7.900000000000000000e+01
7.300000000000000000e+01
7.300000000000000000e+01
7.500000000000000000e+01
7.300000000000000000e+01
6.900000000000000000e+01
6.300000000000000000e+01
6.700000000000000000e+01
6.500000000000000000e+01
6.000000000000000000e+01
5.900000000000000000e+01
5.700000000000000000e+01
5.900000000000000000e+01
6.300000000000000000e+01
7.000000000000000000e+01
7.600000000000000000e+01
8.900000000000000000e+01
9.500000000000000000e+01
9.700000000000000000e+01
1.000000000000000000e+02
1.050000000000000000e+02
1.200000000000000000e+02
1.270000000000000000e+02
1.330000000000000000e+02
1.410000000000000000e+02
1.550000000000000000e+02
1.610000000000000000e+02
1.850000000000000000e+02
2.060000000000000000e+02
2.140000000000000000e+02
2.550000000000000000e+02
2.670000000000000000e+02
2.710000000000000000e+02
2.710000000000000000e+02
2.870000000000000000e+02
2.920000000000000000e+02
2.850000000000000000e+02
2.950000000000000000e+02
3.050000000000000000e+02
2.940000000000000000e+02
2.840000000000000000e+02
2.740000000000000000e+02
2.660000000000000000e+02
2.550000000000000000e+02
2.630000000000000000e+02
2.600000000000000000e+02
2.560000000000000000e+02
2.540000000000000000e+02
2.490000000000000000e+02
2.540000000000000000e+02
2.530000000000000000e+02
2.410000000000000000e+02
2.360000000000000000e+02
2.260000000000000000e+02
2.060000000000000000e+02
2.160000000000000000e+02
2.040000000000000000e+02
2.090000000000000000e+02
2.080000000000000000e+02
1.950000000000000000e+02
1.960000000000000000e+02
2.000000000000000000e+02
2.010000000000000000e+02
2.080000000000000000e+02
2.050000000000000000e+02
2.140000000000000000e+02
2.300000000000000000e+02
2.400000000000000000e+02
2.480000000000000000e+02
2.550000000000000000e+02
2.580000000000000000e+02
2.710000000000000000e+02
2.750000000000000000e+02
2.720000000000000000e+02
2.760000000000000000e+02
2.840000000000000000e+02
2.680000000000000000e+02
2.640000000000000000e+02
2.940000000000000000e+02
2.750000000000000000e+02
2.620000000000000000e+02
2.600000000000000000e+02
2.550000000000000000e+02
2.380000000000000000e+02
2.320000000000000000e+02
2.210000000000000000e+02
2.050000000000000000e+02
1.830000000000000000e+02
1.780000000000000000e+02
1.690000000000000000e+02
1.630000000000000000e+02
1.540000000000000000e+02
1.600000000000000000e+02
1.460000000000000000e+02
1.440000000000000000e+02
1.430000000000000000e+02
1.400000000000000000e+02
1.460000000000000000e+02
1.400000000000000000e+02
1.410000000000000000e+02
1.380000000000000000e+02
1.410000000000000000e+02
1.400000000000000000e+02
1.330000000000000000e+02
1.380000000000000000e+02
1.430000000000000000e+02
