8.700000000000000000e+01
8.700000000000000000e+01
9.400000000000000000e+01
9.500000000000000000e+01
9.300000000000000000e+01
9.800000000000000000e+01
1.120000000000000000e+02
1.200000000000000000e+02
1.220000000000000000e+02
1.280000000000000000e+02
1.330000000000000000e+02
1.460000000000000000e+02
1.650000000000000000e+02
1.750000000000000000e+02
1.700000000000000000e+02
2.100000000000000000e+02
2.070000000000000000e+02
2.240000000000000000e+02
2.470000000000000000e+02
2.860000000000000000e+02
3.240000000000000000e+02
3.370000000000000000e+02
3.560000000000000000e+02
3.790000000000000000e+02
3.850000000000000000e+02
4.010000000000000000e+02
4.090000000000000000e+02
4.190000000000000000e+02
4.400000000000000000e+02
4.460000000000000000e+02
4.320000000000000000e+02
4.310000000000000000e+02
4.460000000000000000e+02
4.430000000000000000e+02
4.320000000000000000e+02
4.430000000000000000e+02
4.560000000000000000e+02
4.530000000000000000e+02
4.500000000000000000e+02
4.420000000000000000e+02
4.590000000000000000e+02
4.680000000000000000e+02
4.780000000000000000e+02
4.770000000000000000e+02
4.680000000000000000e+02
4.560000000000000000e+02
4.540000000000000000e+02
4.610000000000000000e+02
4.640000000000000000e+02
4.540000000000000000e+02
4.490000000000000000e+02
4.260000000000000000e+02
4.180000000000000000e+02
4.120000000000000000e+02
4.180000000000000000e+02
3.950000000000000000e+02
3.780000000000000000e+02
3.710000000000000000e+02
3.470000000000000000e+02
3.440000000000000000e+02
3.460000000000000000e+02
3.400000000000000000e+02
3.620000000000000000e+02
3.560000000000000000e+02
3.550000000000000000e+02
3.550000000000000000e+02
3.500000000000000000e+02
3.510000000000000000e+02
3.510000000000000000e+02
3.440000000000000000e+02
3.300000000000000000e+02
3.100000000000000000e+02
3.130000000000000000e+02
3.140000000000000000e+02
3.260000000000000000e+02
3.270000000000000000e+02
3.220000000000000000e+02
3.180000000000000000e+02
3.200000000000000000e+02
3.090000000000000000e+02
3.090000000000000000e+02
2.940000000000000000e+02
2.780000000000000000e+02
2.870000000000000000e+02
2.950000000000000000e+02
2.870000000000000000e+02
2.810000000000000000e+02
2.870000000000000000e+02
2.890000000000000000e+02
2.770000000000000000e+02
2.780000000000000000e+02
2.910000000000000000e+02
2.920000000000000000e+02
2.920000000000000000e+02
2.890000000000000000e+02
2.920000000000000000e+02
2.810000000000000000e+02
2.630000000000000000e+02
2.590000000000000000e+02
2.490000000000000000e+02
2.690000000000000000e+02
2.740000000000000000e+02
2.760000000000000000e+02
2.860000000000000000e+02
2.880000000000000000e+02
2.950000000000000000e+02
2.940000000000000000e+02
3.050000000000000000e+02
3.000000000000000000e+02
3.050000000000000000e+02
2.950000000000000000e+02
2.910000000000000000e+02
2.800000000000000000e+02
2.820000000000000000e+02
2.740000000000000000e+02
2.670000000000000000e+02
2.620000000000000000e+02
2.610000000000000000e+02
2.670000000000000000e+02
2.690000000000000000e+02
2.760000000000000000e+02
2.730000000000000000e+02
