5.400000000000000000e+01
5.300000000000000000e+01
5.100000000000000000e+01
5.200000000000000000e+01
4.800000000000000000e+01
4.200000000000000000e+01
4.200000000000000000e+01
4.600000000000000000e+01
4.400000000000000000e+01
5.200000000000000000e+01
4.600000000000000000e+01
5.000000000000000000e+01
4.600000000000000000e+01
4.000000000000000000e+01
4.100000000000000000e+01
4.200000000000000000e+01
3.700000000000000000e+01
3.200000000000000000e+01
3.000000000000000000e+01
2.900000000000000000e+01
2.400000000000000000e+01
2.500000000000000000e+01
2.700000000000000000e+01
2.500000000000000000e+01
2.400000000000000000e+01
2.300000000000000000e+01
2.300000000000000000e+01
2.600000000000000000e+01
2.400000000000000000e+01
2.700000000000000000e+01
2.700000000000000000e+01
2.500000000000000000e+01
3.000000000000000000e+01
2.900000000000000000e+01
3.000000000000000000e+01
3.100000000000000000e+01
3.000000000000000000e+01
3.400000000000000000e+01
3.000000000000000000e+01
2.500000000000000000e+01
2.900000000000000000e+01
2.900000000000000000e+01
3.200000000000000000e+01
3.700000000000000000e+01
3.300000000000000000e+01
4.500000000000000000e+01
4.900000000000000000e+01
5.600000000000000000e+01
6.500000000000000000e+01
6.500000000000000000e+01
7.100000000000000000e+01
7.700000000000000000e+01
8.100000000000000000e+01
8.500000000000000000e+01
9.200000000000000000e+01
1.050000000000000000e+02
1.120000000000000000e+02
1.190000000000000000e+02
1.360000000000000000e+02
1.400000000000000000e+02
1.560000000000000000e+02
1.850000000000000000e+02
2.070000000000000000e+02
2.160000000000000000e+02
2.450000000000000000e+02
2.610000000000000000e+02
2.660000000000000000e+02
2.750000000000000000e+02
2.870000000000000000e+02
2.890000000000000000e+02
3.120000000000000000e+02
3.310000000000000000e+02
3.430000000000000000e+02
3.400000000000000000e+02
3.480000000000000000e+02
3.500000000000000000e+02
3.640000000000000000e+02
3.510000000000000000e+02
3.470000000000000000e+02
3.360000000000000000e+02
3.470000000000000000e+02
3.440000000000000000e+02
3.450000000000000000e+02
3.270000000000000000e+02
3.210000000000000000e+02
3.180000000000000000e+02
3.070000000000000000e+02
3.070000000000000000e+02
3.040000000000000000e+02
2.870000000000000000e+02
2.870000000000000000e+02
2.770000000000000000e+02
2.740000000000000000e+02
2.560000000000000000e+02
2.500000000000000000e+02
2.330000000000000000e+02
2.270000000000000000e+02
2.130000000000000000e+02
1.810000000000000000e+02
1.810000000000000000e+02
1.740000000000000000e+02
1.680000000000000000e+02
1.710000000000000000e+02
1.690000000000000000e+02
1.650000000000000000e+02
1.680000000000000000e+02
1.730000000000000000e+02
1.710000000000000000e+02
1.770000000000000000e+02
1.950000000000000000e+02
1.940000000000000000e+02
1.990000000000000000e+02
1.980000000000000000e+02
1.880000000000000000e+02
1.960000000000000000e+02
1.920000000000000000e+02
1.910000000000000000e+02
1.910000000000000000e+02
2.050000000000000000e+02
2.030000000000000000e+02
2.030000000000000000e+02
