5.800000000000000000e+01
6.700000000000000000e+01
6.300000000000000000e+01
6.100000000000000000e+01
6.400000000000000000e+01
5.900000000000000000e+01
6.000000000000000000e+01
6.400000000000000000e+01
5.700000000000000000e+01
5.300000000000000000e+01
5.000000000000000000e+01
5.300000000000000000e+01
5.100000000000000000e+01
4.800000000000000000e+01
5.000000000000000000e+01
4.800000000000000000e+01
4.400000000000000000e+01
4.600000000000000000e+01
4.500000000000000000e+01
3.900000000000000000e+01
3.400000000000000000e+01
3.700000000000000000e+01
3.300000000000000000e+01
3.400000000000000000e+01
2.700000000000000000e+01
2.000000000000000000e+01
2.000000000000000000e+01
2.000000000000000000e+01
2.100000000000000000e+01
1.900000000000000000e+01
2.100000000000000000e+01
2.100000000000000000e+01
2.100000000000000000e+01
2.000000000000000000e+01
2.800000000000000000e+01
2.800000000000000000e+01
3.100000000000000000e+01
3.300000000000000000e+01
3.400000000000000000e+01
3.600000000000000000e+01
4.300000000000000000e+01
4.600000000000000000e+01
4.800000000000000000e+01
5.000000000000000000e+01
5.500000000000000000e+01
6.200000000000000000e+01
7.800000000000000000e+01
9.300000000000000000e+01
1.050000000000000000e+02
1.100000000000000000e+02
1.220000000000000000e+02
1.290000000000000000e+02
1.420000000000000000e+02
1.450000000000000000e+02
1.580000000000000000e+02
1.880000000000000000e+02
1.900000000000000000e+02
2.220000000000000000e+02
2.440000000000000000e+02
2.620000000000000000e+02
2.950000000000000000e+02
3.110000000000000000e+02
3.410000000000000000e+02
3.420000000000000000e+02
3.560000000000000000e+02
3.710000000000000000e+02
3.760000000000000000e+02
3.530000000000000000e+02
3.620000000000000000e+02
3.670000000000000000e+02
3.540000000000000000e+02
3.540000000000000000e+02
3.450000000000000000e+02
3.530000000000000000e+02
3.430000000000000000e+02
3.440000000000000000e+02
3.170000000000000000e+02
3.050000000000000000e+02
2.930000000000000000e+02
2.910000000000000000e+02
2.970000000000000000e+02
2.720000000000000000e+02
2.580000000000000000e+02
2.660000000000000000e+02
2.500000000000000000e+02
2.520000000000000000e+02
2.530000000000000000e+02
2.430000000000000000e+02
2.220000000000000000e+02
2.090000000000000000e+02
1.920000000000000000e+02
1.850000000000000000e+02
1.850000000000000000e+02
1.860000000000000000e+02
1.720000000000000000e+02
1.650000000000000000e+02
1.740000000000000000e+02
1.850000000000000000e+02
1.790000000000000000e+02
1.840000000000000000e+02
1.920000000000000000e+02
1.980000000000000000e+02
2.120000000000000000e+02
2.240000000000000000e+02
2.350000000000000000e+02
2.410000000000000000e+02
2.540000000000000000e+02
2.610000000000000000e+02
2.590000000000000000e+02
2.510000000000000000e+02
2.540000000000000000e+02
2.400000000000000000e+02
2.240000000000000000e+02
2.110000000000000000e+02
1.970000000000000000e+02
1.810000000000000000e+02
1.790000000000000000e+02
1.650000000000000000e+02
1.530000000000000000e+02
1.480000000000000000e+02
1.470000000000000000e+02
