6.400000000000000000e+01
6.300000000000000000e+01
7.400000000000000000e+01
7.900000000000000000e+01
8.500000000000000000e+01
9.000000000000000000e+01
8.800000000000000000e+01
9.100000000000000000e+01
9.900000000000000000e+01
9.500000000000000000e+01
1.050000000000000000e+02
1.100000000000000000e+02
1.170000000000000000e+02
1.280000000000000000e+02
1.460000000000000000e+02
1.600000000000000000e+02
1.800000000000000000e+02
1.940000000000000000e+02
2.150000000000000000e+02
2.320000000000000000e+02
2.500000000000000000e+02
2.820000000000000000e+02
2.990000000000000000e+02
3.210000000000000000e+02
3.490000000000000000e+02
3.610000000000000000e+02
3.850000000000000000e+02
3.960000000000000000e+02
3.940000000000000000e+02
3.930000000000000000e+02
4.010000000000000000e+02
4.170000000000000000e+02
4.180000000000000000e+02
4.400000000000000000e+02
4.450000000000000000e+02
4.380000000000000000e+02
4.350000000000000000e+02
4.360000000000000000e+02
4.330000000000000000e+02
4.310000000000000000e+02
4.190000000000000000e+02
4.160000000000000000e+02
4.330000000000000000e+02
4.320000000000000000e+02
4.360000000000000000e+02
4.430000000000000000e+02
4.260000000000000000e+02
4.180000000000000000e+02
4.060000000000000000e+02
4.000000000000000000e+02
4.100000000000000000e+02
4.040000000000000000e+02
3.880000000000000000e+02
4.030000000000000000e+02
4.010000000000000000e+02
3.900000000000000000e+02
3.970000000000000000e+02
3.910000000000000000e+02
4.030000000000000000e+02
4.000000000000000000e+02
3.860000000000000000e+02
3.880000000000000000e+02
3.840000000000000000e+02
3.800000000000000000e+02
3.850000000000000000e+02
3.920000000000000000e+02
3.720000000000000000e+02
3.750000000000000000e+02
3.730000000000000000e+02
3.680000000000000000e+02
3.720000000000000000e+02
3.620000000000000000e+02
3.520000000000000000e+02
3.480000000000000000e+02
3.290000000000000000e+02
3.230000000000000000e+02
3.170000000000000000e+02
3.080000000000000000e+02
3.010000000000000000e+02
2.970000000000000000e+02
2.990000000000000000e+02
3.040000000000000000e+02
3.220000000000000000e+02
3.050000000000000000e+02
2.890000000000000000e+02
2.770000000000000000e+02
2.860000000000000000e+02
2.610000000000000000e+02
2.710000000000000000e+02
2.690000000000000000e+02
2.710000000000000000e+02
2.560000000000000000e+02
2.690000000000000000e+02
2.640000000000000000e+02
2.660000000000000000e+02
2.590000000000000000e+02
2.660000000000000000e+02
2.770000000000000000e+02
2.760000000000000000e+02
2.710000000000000000e+02
2.750000000000000000e+02
2.910000000000000000e+02
2.790000000000000000e+02
2.780000000000000000e+02
2.900000000000000000e+02
2.960000000000000000e+02
3.030000000000000000e+02
3.140000000000000000e+02
3.100000000000000000e+02
3.160000000000000000e+02
3.050000000000000000e+02
3.120000000000000000e+02
3.110000000000000000e+02
3.150000000000000000e+02
3.140000000000000000e+02
3.090000000000000000e+02
3.040000000000000000e+02
3.000000000000000000e+02
2.860000000000000000e+02
2.960000000000000000e+02
2.990000000000000000e+02
2.880000000000000000e+02
