5.400000000000000000e+01
5.300000000000000000e+01
5.400000000000000000e+01
5.400000000000000000e+01
5.500000000000000000e+01
5.000000000000000000e+01
5.100000000000000000e+01
5.100000000000000000e+01
5.200000000000000000e+01
5.100000000000000000e+01
4.800000000000000000e+01
4.500000000000000000e+01
4.300000000000000000e+01
4.300000000000000000e+01
4.600000000000000000e+01
4.500000000000000000e+01
4.400000000000000000e+01
4.100000000000000000e+01
3.900000000000000000e+01
3.400000000000000000e+01
2.800000000000000000e+01
2.700000000000000000e+01
2.400000000000000000e+01
2.500000000000000000e+01
2.200000000000000000e+01
2.100000000000000000e+01
2.000000000000000000e+01
1.800000000000000000e+01
1.800000000000000000e+01
1.800000000000000000e+01
1.600000000000000000e+01
1.500000000000000000e+01
1.400000000000000000e+01
1.500000000000000000e+01
1.700000000000000000e+01
2.400000000000000000e+01
2.600000000000000000e+01
2.900000000000000000e+01
3.300000000000000000e+01
3.600000000000000000e+01
3.500000000000000000e+01
3.400000000000000000e+01
3.700000000000000000e+01
3.800000000000000000e+01
4.200000000000000000e+01
4.700000000000000000e+01
4.700000000000000000e+01
4.700000000000000000e+01
4.700000000000000000e+01
5.900000000000000000e+01
6.500000000000000000e+01
7.500000000000000000e+01
7.900000000000000000e+01
9.100000000000000000e+01
1.060000000000000000e+02
1.250000000000000000e+02
1.230000000000000000e+02
1.460000000000000000e+02
1.710000000000000000e+02
1.990000000000000000e+02
2.120000000000000000e+02
2.310000000000000000e+02
2.440000000000000000e+02
2.660000000000000000e+02
2.730000000000000000e+02
2.910000000000000000e+02
3.150000000000000000e+02
3.140000000000000000e+02
3.160000000000000000e+02
3.240000000000000000e+02
3.280000000000000000e+02
3.390000000000000000e+02
3.560000000000000000e+02
3.550000000000000000e+02
3.480000000000000000e+02
3.450000000000000000e+02
3.370000000000000000e+02
3.180000000000000000e+02
3.100000000000000000e+02
3.020000000000000000e+02
3.040000000000000000e+02
3.020000000000000000e+02
3.000000000000000000e+02
3.030000000000000000e+02
2.850000000000000000e+02
2.870000000000000000e+02
2.830000000000000000e+02
2.730000000000000000e+02
2.660000000000000000e+02
2.640000000000000000e+02
2.460000000000000000e+02
2.460000000000000000e+02
2.350000000000000000e+02
2.230000000000000000e+02
2.220000000000000000e+02
2.170000000000000000e+02
2.050000000000000000e+02
2.060000000000000000e+02
1.920000000000000000e+02
1.800000000000000000e+02
1.740000000000000000e+02
1.830000000000000000e+02
1.750000000000000000e+02
1.710000000000000000e+02
1.630000000000000000e+02
1.650000000000000000e+02
1.640000000000000000e+02
1.680000000000000000e+02
1.670000000000000000e+02
1.680000000000000000e+02
1.770000000000000000e+02
1.800000000000000000e+02
1.730000000000000000e+02
1.830000000000000000e+02
1.780000000000000000e+02
1.740000000000000000e+02
1.910000000000000000e+02
2.070000000000000000e+02
2.060000000000000000e+02
2.070000000000000000e+02
1.840000000000000000e+02
