7.400000000000000000e+01
7.600000000000000000e+01
6.900000000000000000e+01
6.800000000000000000e+01
6.900000000000000000e+01
6.300000000000000000e+01
6.700000000000000000e+01
6.500000000000000000e+01
6.100000000000000000e+01
7.200000000000000000e+01
7.300000000000000000e+01
6.500000000000000000e+01
5.900000000000000000e+01
6.300000000000000000e+01
5.900000000000000000e+01
5.700000000000000000e+01
6.100000000000000000e+01
5.900000000000000000e+01
5.800000000000000000e+01
5.300000000000000000e+01
5.100000000000000000e+01
4.500000000000000000e+01
4.300000000000000000e+01
4.700000000000000000e+01
4.400000000000000000e+01
4.000000000000000000e+01
4.300000000000000000e+01
4.900000000000000000e+01
4.800000000000000000e+01
4.300000000000000000e+01
4.000000000000000000e+01
4.200000000000000000e+01
3.900000000000000000e+01
3.600000000000000000e+01
3.400000000000000000e+01
3.800000000000000000e+01
3.800000000000000000e+01
4.700000000000000000e+01
5.300000000000000000e+01
5.300000000000000000e+01
4.800000000000000000e+01
5.100000000000000000e+01
4.700000000000000000e+01
5.500000000000000000e+01
5.700000000000000000e+01
6.200000000000000000e+01
6.700000000000000000e+01
6.800000000000000000e+01
8.200000000000000000e+01
8.600000000000000000e+01
9.000000000000000000e+01
9.300000000000000000e+01
1.070000000000000000e+02
1.080000000000000000e+02
1.220000000000000000e+02
1.530000000000000000e+02
1.650000000000000000e+02
1.850000000000000000e+02
1.960000000000000000e+02
2.080000000000000000e+02
2.310000000000000000e+02
2.470000000000000000e+02
2.660000000000000000e+02
3.060000000000000000e+02
3.280000000000000000e+02
3.350000000000000000e+02
3.290000000000000000e+02
3.380000000000000000e+02
3.500000000000000000e+02
3.450000000000000000e+02
3.420000000000000000e+02
3.300000000000000000e+02
3.270000000000000000e+02
3.080000000000000000e+02
3.040000000000000000e+02
3.190000000000000000e+02
3.050000000000000000e+02
3.110000000000000000e+02
3.200000000000000000e+02
3.090000000000000000e+02
2.860000000000000000e+02
2.830000000000000000e+02
2.720000000000000000e+02
2.520000000000000000e+02
2.420000000000000000e+02
2.460000000000000000e+02
2.420000000000000000e+02
2.460000000000000000e+02
2.370000000000000000e+02
2.380000000000000000e+02
2.230000000000000000e+02
2.200000000000000000e+02
2.170000000000000000e+02
2.160000000000000000e+02
2.220000000000000000e+02
2.030000000000000000e+02
1.950000000000000000e+02
1.840000000000000000e+02
1.770000000000000000e+02
1.790000000000000000e+02
1.760000000000000000e+02
1.730000000000000000e+02
1.640000000000000000e+02
1.730000000000000000e+02
1.800000000000000000e+02
1.970000000000000000e+02
1.970000000000000000e+02
2.000000000000000000e+02
2.030000000000000000e+02
2.030000000000000000e+02
1.920000000000000000e+02
1.890000000000000000e+02
1.890000000000000000e+02
1.860000000000000000e+02
1.870000000000000000e+02
1.740000000000000000e+02
1.770000000000000000e+02
1.750000000000000000e+02
1.580000000000000000e+02
1.580000000000000000e+02
1.640000000000000000e+02
