9.500000000000000000e+01
9.900000000000000000e+01
9.400000000000000000e+01
1.010000000000000000e+02
9.300000000000000000e+01
9.800000000000000000e+01
1.060000000000000000e+02
1.150000000000000000e+02
1.340000000000000000e+02
1.460000000000000000e+02
1.500000000000000000e+02
1.520000000000000000e+02
1.630000000000000000e+02
1.790000000000000000e+02
1.940000000000000000e+02
1.970000000000000000e+02
1.980000000000000000e+02
2.140000000000000000e+02
2.530000000000000000e+02
3.010000000000000000e+02
3.180000000000000000e+02
3.480000000000000000e+02
3.800000000000000000e+02
3.810000000000000000e+02
3.940000000000000000e+02
4.230000000000000000e+02
4.370000000000000000e+02
4.600000000000000000e+02
4.520000000000000000e+02
4.530000000000000000e+02
4.620000000000000000e+02
4.650000000000000000e+02
4.510000000000000000e+02
4.430000000000000000e+02
4.320000000000000000e+02
4.250000000000000000e+02
4.410000000000000000e+02
4.410000000000000000e+02
4.490000000000000000e+02
4.490000000000000000e+02
4.460000000000000000e+02
4.370000000000000000e+02
4.340000000000000000e+02
4.450000000000000000e+02
4.440000000000000000e+02
4.420000000000000000e+02
4.320000000000000000e+02
4.260000000000000000e+02
4.110000000000000000e+02
4.080000000000000000e+02
4.060000000000000000e+02
4.000000000000000000e+02
4.150000000000000000e+02
4.010000000000000000e+02
3.970000000000000000e+02
3.940000000000000000e+02
3.910000000000000000e+02
4.060000000000000000e+02
3.840000000000000000e+02
3.740000000000000000e+02
3.710000000000000000e+02
3.690000000000000000e+02
3.890000000000000000e+02
3.830000000000000000e+02
3.620000000000000000e+02
3.510000000000000000e+02
3.390000000000000000e+02
3.260000000000000000e+02
3.200000000000000000e+02
3.220000000000000000e+02
3.060000000000000000e+02
3.050000000000000000e+02
3.060000000000000000e+02
2.950000000000000000e+02
2.880000000000000000e+02
2.850000000000000000e+02
2.910000000000000000e+02
2.840000000000000000e+02
2.810000000000000000e+02
2.840000000000000000e+02
2.750000000000000000e+02
2.630000000000000000e+02
2.710000000000000000e+02
2.710000000000000000e+02
2.720000000000000000e+02
2.640000000000000000e+02
2.610000000000000000e+02
2.610000000000000000e+02
2.640000000000000000e+02
2.650000000000000000e+02
2.690000000000000000e+02
2.790000000000000000e+02
2.900000000000000000e+02
3.040000000000000000e+02
3.060000000000000000e+02
3.000000000000000000e+02
3.100000000000000000e+02
3.250000000000000000e+02
3.330000000000000000e+02
3.400000000000000000e+02
3.430000000000000000e+02
3.560000000000000000e+02
3.630000000000000000e+02
3.830000000000000000e+02
3.640000000000000000e+02
3.620000000000000000e+02
3.450000000000000000e+02
3.400000000000000000e+02
3.660000000000000000e+02
3.420000000000000000e+02
3.370000000000000000e+02
3.480000000000000000e+02
3.470000000000000000e+02
3.320000000000000000e+02
3.200000000000000000e+02
3.180000000000000000e+02
3.180000000000000000e+02
3.080000000000000000e+02
2.940000000000000000e+02
2.850000000000000000e+02
2.780000000000000000e+02
2.730000000000000000e+02
