4.100000000000000000e+01
3.800000000000000000e+01
3.600000000000000000e+01
3.200000000000000000e+01
3.000000000000000000e+01
3.200000000000000000e+01
3.600000000000000000e+01
4.400000000000000000e+01
4.400000000000000000e+01
4.400000000000000000e+01
4.700000000000000000e+01
5.400000000000000000e+01
5.200000000000000000e+01
5.300000000000000000e+01
5.100000000000000000e+01
6.500000000000000000e+01
7.100000000000000000e+01
8.300000000000000000e+01
8.300000000000000000e+01
8.200000000000000000e+01
8.300000000000000000e+01
8.500000000000000000e+01
8.900000000000000000e+01
1.100000000000000000e+02
1.100000000000000000e+02
1.150000000000000000e+02
1.260000000000000000e+02
1.310000000000000000e+02
1.290000000000000000e+02
1.400000000000000000e+02
1.340000000000000000e+02
1.330000000000000000e+02
1.440000000000000000e+02
1.530000000000000000e+02
1.650000000000000000e+02
1.660000000000000000e+02
1.660000000000000000e+02
1.700000000000000000e+02
1.660000000000000000e+02
1.610000000000000000e+02
1.630000000000000000e+02
1.660000000000000000e+02
1.620000000000000000e+02
1.570000000000000000e+02
1.570000000000000000e+02
1.580000000000000000e+02
1.530000000000000000e+02
1.540000000000000000e+02
1.530000000000000000e+02
1.570000000000000000e+02
1.480000000000000000e+02
1.420000000000000000e+02
1.400000000000000000e+02
1.360000000000000000e+02
1.320000000000000000e+02
1.330000000000000000e+02
1.340000000000000000e+02
1.340000000000000000e+02
1.340000000000000000e+02
1.350000000000000000e+02
1.330000000000000000e+02
1.330000000000000000e+02
1.330000000000000000e+02
1.350000000000000000e+02
1.320000000000000000e+02
1.330000000000000000e+02
1.340000000000000000e+02
1.330000000000000000e+02
1.280000000000000000e+02
1.270000000000000000e+02
1.280000000000000000e+02
1.090000000000000000e+02
1.110000000000000000e+02
1.090000000000000000e+02
1.050000000000000000e+02
9.800000000000000000e+01
9.800000000000000000e+01
1.000000000000000000e+02
1.020000000000000000e+02
1.020000000000000000e+02
9.900000000000000000e+01
9.800000000000000000e+01
9.800000000000000000e+01
9.200000000000000000e+01
9.700000000000000000e+01
9.700000000000000000e+01
9.400000000000000000e+01
9.100000000000000000e+01
9.400000000000000000e+01
8.700000000000000000e+01
8.800000000000000000e+01
8.900000000000000000e+01
8.500000000000000000e+01
8.800000000000000000e+01
9.400000000000000000e+01
8.500000000000000000e+01
8.700000000000000000e+01
8.700000000000000000e+01
8.600000000000000000e+01
8.800000000000000000e+01
8.500000000000000000e+01
8.900000000000000000e+01
8.700000000000000000e+01
8.800000000000000000e+01
9.400000000000000000e+01
1.070000000000000000e+02
1.090000000000000000e+02
1.050000000000000000e+02
1.000000000000000000e+02
1.070000000000000000e+02
1.100000000000000000e+02
1.110000000000000000e+02
1.040000000000000000e+02
1.110000000000000000e+02
1.120000000000000000e+02
1.110000000000000000e+02
1.150000000000000000e+02
1.060000000000000000e+02
1.130000000000000000e+02
1.120000000000000000e+02
1.070000000000000000e+02
1.020000000000000000e+02
