1.170000000000000000e+02
1.110000000000000000e+02
1.130000000000000000e+02
1.120000000000000000e+02
1.150000000000000000e+02
1.170000000000000000e+02
1.210000000000000000e+02
1.350000000000000000e+02
1.540000000000000000e+02
1.680000000000000000e+02
1.890000000000000000e+02
2.140000000000000000e+02
2.420000000000000000e+02
2.600000000000000000e+02
2.750000000000000000e+02
3.070000000000000000e+02
3.120000000000000000e+02
3.400000000000000000e+02
3.530000000000000000e+02
3.680000000000000000e+02
3.830000000000000000e+02
3.980000000000000000e+02
4.150000000000000000e+02
4.330000000000000000e+02
4.310000000000000000e+02
4.370000000000000000e+02
4.510000000000000000e+02
4.660000000000000000e+02
4.700000000000000000e+02
4.830000000000000000e+02
4.850000000000000000e+02
4.760000000000000000e+02
4.990000000000000000e+02
5.080000000000000000e+02
4.800000000000000000e+02
4.820000000000000000e+02
4.750000000000000000e+02
4.790000000000000000e+02
4.750000000000000000e+02
4.650000000000000000e+02
4.670000000000000000e+02
4.520000000000000000e+02
4.610000000000000000e+02
4.460000000000000000e+02
4.490000000000000000e+02
4.520000000000000000e+02
4.400000000000000000e+02
4.250000000000000000e+02
4.170000000000000000e+02
4.140000000000000000e+02
4.250000000000000000e+02
4.170000000000000000e+02
3.980000000000000000e+02
3.930000000000000000e+02
3.940000000000000000e+02
3.810000000000000000e+02
3.770000000000000000e+02
3.990000000000000000e+02
3.910000000000000000e+02
3.760000000000000000e+02
3.590000000000000000e+02
3.520000000000000000e+02
3.300000000000000000e+02
3.410000000000000000e+02
3.200000000000000000e+02
3.050000000000000000e+02
3.160000000000000000e+02
3.200000000000000000e+02
3.210000000000000000e+02
3.130000000000000000e+02
3.190000000000000000e+02
3.210000000000000000e+02
3.180000000000000000e+02
3.160000000000000000e+02
3.120000000000000000e+02
3.060000000000000000e+02
3.010000000000000000e+02
3.010000000000000000e+02
2.990000000000000000e+02
2.980000000000000000e+02
2.940000000000000000e+02
2.860000000000000000e+02
2.710000000000000000e+02
2.500000000000000000e+02
2.530000000000000000e+02
2.520000000000000000e+02
2.570000000000000000e+02
2.510000000000000000e+02
2.580000000000000000e+02
2.670000000000000000e+02
2.790000000000000000e+02
2.930000000000000000e+02
2.960000000000000000e+02
2.920000000000000000e+02
2.940000000000000000e+02
3.040000000000000000e+02
3.060000000000000000e+02
3.190000000000000000e+02
3.290000000000000000e+02
3.430000000000000000e+02
3.450000000000000000e+02
3.650000000000000000e+02
3.500000000000000000e+02
3.500000000000000000e+02
3.620000000000000000e+02
3.870000000000000000e+02
3.940000000000000000e+02
3.880000000000000000e+02
3.820000000000000000e+02
3.760000000000000000e+02
3.600000000000000000e+02
3.820000000000000000e+02
3.660000000000000000e+02
3.850000000000000000e+02
3.820000000000000000e+02
3.650000000000000000e+02
3.540000000000000000e+02
3.660000000000000000e+02
3.520000000000000000e+02
3.490000000000000000e+02
3.340000000000000000e+02
3.400000000000000000e+02
