8.500000000000000000e+01
9.000000000000000000e+01
8.200000000000000000e+01
8.600000000000000000e+01
8.900000000000000000e+01
9.100000000000000000e+01
9.600000000000000000e+01
1.040000000000000000e+02
1.020000000000000000e+02
1.100000000000000000e+02
1.110000000000000000e+02
1.240000000000000000e+02
1.390000000000000000e+02
1.640000000000000000e+02
1.780000000000000000e+02
1.880000000000000000e+02
2.000000000000000000e+02
2.140000000000000000e+02
2.210000000000000000e+02
2.230000000000000000e+02
2.430000000000000000e+02
2.650000000000000000e+02
2.860000000000000000e+02
3.090000000000000000e+02
3.210000000000000000e+02
3.310000000000000000e+02
3.640000000000000000e+02
3.710000000000000000e+02
3.830000000000000000e+02
3.870000000000000000e+02
3.940000000000000000e+02
3.860000000000000000e+02
3.890000000000000000e+02
4.050000000000000000e+02
4.230000000000000000e+02
4.310000000000000000e+02
4.200000000000000000e+02
4.190000000000000000e+02
4.180000000000000000e+02
4.350000000000000000e+02
4.420000000000000000e+02
4.430000000000000000e+02
4.520000000000000000e+02
4.510000000000000000e+02
4.460000000000000000e+02
4.380000000000000000e+02
4.350000000000000000e+02
4.330000000000000000e+02
4.520000000000000000e+02
4.460000000000000000e+02
4.410000000000000000e+02
4.310000000000000000e+02
4.130000000000000000e+02
4.160000000000000000e+02
4.220000000000000000e+02
3.970000000000000000e+02
3.990000000000000000e+02
4.070000000000000000e+02
3.920000000000000000e+02
3.780000000000000000e+02
3.820000000000000000e+02
3.620000000000000000e+02
3.610000000000000000e+02
3.590000000000000000e+02
3.690000000000000000e+02
3.670000000000000000e+02
3.690000000000000000e+02
3.600000000000000000e+02
3.470000000000000000e+02
3.510000000000000000e+02
3.570000000000000000e+02
3.580000000000000000e+02
3.520000000000000000e+02
3.520000000000000000e+02
3.300000000000000000e+02
3.280000000000000000e+02
3.200000000000000000e+02
3.120000000000000000e+02
3.070000000000000000e+02
3.000000000000000000e+02
2.920000000000000000e+02
2.990000000000000000e+02
3.030000000000000000e+02
2.900000000000000000e+02
2.690000000000000000e+02
2.600000000000000000e+02
2.570000000000000000e+02
2.650000000000000000e+02
2.620000000000000000e+02
2.500000000000000000e+02
2.660000000000000000e+02
2.740000000000000000e+02
2.830000000000000000e+02
2.710000000000000000e+02
2.740000000000000000e+02
2.640000000000000000e+02
2.660000000000000000e+02
2.640000000000000000e+02
2.550000000000000000e+02
2.630000000000000000e+02
2.600000000000000000e+02
2.450000000000000000e+02
2.530000000000000000e+02
2.560000000000000000e+02
2.710000000000000000e+02
2.880000000000000000e+02
3.030000000000000000e+02
3.090000000000000000e+02
3.330000000000000000e+02
3.540000000000000000e+02
3.670000000000000000e+02
3.730000000000000000e+02
3.700000000000000000e+02
3.860000000000000000e+02
4.120000000000000000e+02
4.100000000000000000e+02
4.320000000000000000e+02
4.280000000000000000e+02
4.250000000000000000e+02
4.250000000000000000e+02
4.230000000000000000e+02
4.220000000000000000e+02
