1.010000000000000000e+02
9.600000000000000000e+01
9.200000000000000000e+01
9.600000000000000000e+01
1.030000000000000000e+02
1.120000000000000000e+02
1.170000000000000000e+02
1.150000000000000000e+02
1.190000000000000000e+02
1.220000000000000000e+02
1.380000000000000000e+02
1.360000000000000000e+02
1.320000000000000000e+02
1.330000000000000000e+02
1.240000000000000000e+02
1.220000000000000000e+02
1.310000000000000000e+02
1.180000000000000000e+02
1.210000000000000000e+02
1.150000000000000000e+02
1.050000000000000000e+02
9.500000000000000000e+01
9.000000000000000000e+01
8.600000000000000000e+01
8.400000000000000000e+01
7.700000000000000000e+01
8.400000000000000000e+01
8.600000000000000000e+01
9.200000000000000000e+01
9.700000000000000000e+01
1.000000000000000000e+02
9.000000000000000000e+01
9.300000000000000000e+01
1.000000000000000000e+02
9.900000000000000000e+01
9.000000000000000000e+01
9.900000000000000000e+01
1.100000000000000000e+02
1.220000000000000000e+02
1.290000000000000000e+02
1.320000000000000000e+02
1.340000000000000000e+02
1.510000000000000000e+02
1.720000000000000000e+02
1.850000000000000000e+02
1.800000000000000000e+02
1.960000000000000000e+02
2.120000000000000000e+02
2.290000000000000000e+02
2.290000000000000000e+02
2.310000000000000000e+02
2.380000000000000000e+02
2.480000000000000000e+02
2.370000000000000000e+02
2.450000000000000000e+02
2.490000000000000000e+02
2.550000000000000000e+02
2.440000000000000000e+02
2.370000000000000000e+02
2.500000000000000000e+02
2.510000000000000000e+02
2.430000000000000000e+02
2.320000000000000000e+02
2.200000000000000000e+02
2.270000000000000000e+02
2.300000000000000000e+02
2.380000000000000000e+02
2.340000000000000000e+02
2.250000000000000000e+02
2.000000000000000000e+02
1.910000000000000000e+02
1.770000000000000000e+02
1.690000000000000000e+02
1.670000000000000000e+02
1.720000000000000000e+02
1.790000000000000000e+02
1.760000000000000000e+02
1.780000000000000000e+02
1.750000000000000000e+02
1.820000000000000000e+02
1.910000000000000000e+02
2.130000000000000000e+02
2.130000000000000000e+02
2.060000000000000000e+02
2.120000000000000000e+02
2.240000000000000000e+02
2.360000000000000000e+02
2.440000000000000000e+02
2.380000000000000000e+02
2.280000000000000000e+02
2.300000000000000000e+02
2.350000000000000000e+02
2.250000000000000000e+02
2.150000000000000000e+02
2.050000000000000000e+02
2.080000000000000000e+02
2.010000000000000000e+02
1.890000000000000000e+02
2.040000000000000000e+02
1.910000000000000000e+02
1.830000000000000000e+02
1.750000000000000000e+02
1.730000000000000000e+02
1.760000000000000000e+02
1.670000000000000000e+02
1.700000000000000000e+02
1.760000000000000000e+02
1.720000000000000000e+02
1.690000000000000000e+02
1.750000000000000000e+02
1.770000000000000000e+02
1.820000000000000000e+02
1.760000000000000000e+02
1.820000000000000000e+02
1.760000000000000000e+02
1.750000000000000000e+02
1.820000000000000000e+02
1.690000000000000000e+02
1.770000000000000000e+02
1.890000000000000000e+02
1.900000000000000000e+02
