9.400000000000000000e+01
1.000000000000000000e+02
1.050000000000000000e+02
1.090000000000000000e+02
1.080000000000000000e+02
1.240000000000000000e+02
1.340000000000000000e+02
1.510000000000000000e+02
1.460000000000000000e+02
1.530000000000000000e+02
1.610000000000000000e+02
1.750000000000000000e+02
1.830000000000000000e+02
2.110000000000000000e+02
2.250000000000000000e+02
2.370000000000000000e+02
2.570000000000000000e+02
2.720000000000000000e+02
2.940000000000000000e+02
3.100000000000000000e+02
3.100000000000000000e+02
3.120000000000000000e+02
3.090000000000000000e+02
3.110000000000000000e+02
3.220000000000000000e+02
3.290000000000000000e+02
3.340000000000000000e+02
3.480000000000000000e+02
3.660000000000000000e+02
3.550000000000000000e+02
3.400000000000000000e+02
3.300000000000000000e+02
3.450000000000000000e+02
3.430000000000000000e+02
3.410000000000000000e+02
3.470000000000000000e+02
3.400000000000000000e+02
3.500000000000000000e+02
3.480000000000000000e+02
3.390000000000000000e+02
3.280000000000000000e+02
3.260000000000000000e+02
3.360000000000000000e+02
3.300000000000000000e+02
3.230000000000000000e+02
3.000000000000000000e+02
2.900000000000000000e+02
2.800000000000000000e+02
2.740000000000000000e+02
2.650000000000000000e+02
2.530000000000000000e+02
2.550000000000000000e+02
2.470000000000000000e+02
2.550000000000000000e+02
2.640000000000000000e+02
2.720000000000000000e+02
2.700000000000000000e+02
2.840000000000000000e+02
3.040000000000000000e+02
3.180000000000000000e+02
3.340000000000000000e+02
3.330000000000000000e+02
3.230000000000000000e+02
3.390000000000000000e+02
3.510000000000000000e+02
3.490000000000000000e+02
3.380000000000000000e+02
3.480000000000000000e+02
3.470000000000000000e+02
3.450000000000000000e+02
3.490000000000000000e+02
3.380000000000000000e+02
3.200000000000000000e+02
3.180000000000000000e+02
3.060000000000000000e+02
3.000000000000000000e+02
2.940000000000000000e+02
2.980000000000000000e+02
2.930000000000000000e+02
2.730000000000000000e+02
2.660000000000000000e+02
2.740000000000000000e+02
2.550000000000000000e+02
2.480000000000000000e+02
2.330000000000000000e+02
2.150000000000000000e+02
2.130000000000000000e+02
2.130000000000000000e+02
2.080000000000000000e+02
2.090000000000000000e+02
2.080000000000000000e+02
2.090000000000000000e+02
2.200000000000000000e+02
2.140000000000000000e+02
2.120000000000000000e+02
2.110000000000000000e+02
2.090000000000000000e+02
2.190000000000000000e+02
2.220000000000000000e+02
2.230000000000000000e+02
2.260000000000000000e+02
2.400000000000000000e+02
2.370000000000000000e+02
2.400000000000000000e+02
2.510000000000000000e+02
2.480000000000000000e+02
2.510000000000000000e+02
2.520000000000000000e+02
2.550000000000000000e+02
2.490000000000000000e+02
2.290000000000000000e+02
2.290000000000000000e+02
2.290000000000000000e+02
2.270000000000000000e+02
2.200000000000000000e+02
2.170000000000000000e+02
2.090000000000000000e+02
2.070000000000000000e+02
2.170000000000000000e+02
2.080000000000000000e+02
2.080000000000000000e+02
2.080000000000000000e+02
2.050000000000000000e+02
