5.500000000000000000e+01
5.700000000000000000e+01
5.400000000000000000e+01
5.100000000000000000e+01
5.400000000000000000e+01
6.300000000000000000e+01
6.400000000000000000e+01
6.200000000000000000e+01
5.800000000000000000e+01
4.900000000000000000e+01
4.800000000000000000e+01
4.400000000000000000e+01
4.200000000000000000e+01
4.500000000000000000e+01
4.100000000000000000e+01
4.600000000000000000e+01
3.900000000000000000e+01
3.900000000000000000e+01
3.900000000000000000e+01
3.900000000000000000e+01
4.500000000000000000e+01
3.900000000000000000e+01
4.100000000000000000e+01
3.900000000000000000e+01
3.900000000000000000e+01
3.900000000000000000e+01
3.900000000000000000e+01
3.800000000000000000e+01
3.800000000000000000e+01
3.500000000000000000e+01
3.400000000000000000e+01
3.000000000000000000e+01
2.500000000000000000e+01
3.200000000000000000e+01
3.200000000000000000e+01
3.300000000000000000e+01
3.300000000000000000e+01
3.200000000000000000e+01
3.800000000000000000e+01
4.000000000000000000e+01
4.100000000000000000e+01
3.800000000000000000e+01
3.700000000000000000e+01
3.800000000000000000e+01
4.700000000000000000e+01
5.200000000000000000e+01
5.100000000000000000e+01
6.100000000000000000e+01
7.200000000000000000e+01
7.400000000000000000e+01
8.600000000000000000e+01
9.500000000000000000e+01
1.180000000000000000e+02
1.330000000000000000e+02
1.450000000000000000e+02
1.490000000000000000e+02
1.820000000000000000e+02
1.900000000000000000e+02
2.240000000000000000e+02
2.500000000000000000e+02
2.700000000000000000e+02
2.900000000000000000e+02
2.990000000000000000e+02
3.130000000000000000e+02
3.170000000000000000e+02
3.260000000000000000e+02
3.120000000000000000e+02
3.150000000000000000e+02
3.180000000000000000e+02
3.140000000000000000e+02
3.140000000000000000e+02
3.140000000000000000e+02
3.180000000000000000e+02
3.090000000000000000e+02
3.180000000000000000e+02
3.310000000000000000e+02
3.380000000000000000e+02
3.330000000000000000e+02
3.140000000000000000e+02
3.160000000000000000e+02
3.130000000000000000e+02
3.100000000000000000e+02
3.090000000000000000e+02
3.100000000000000000e+02
3.020000000000000000e+02
2.840000000000000000e+02
2.780000000000000000e+02
2.710000000000000000e+02
2.540000000000000000e+02
2.440000000000000000e+02
2.340000000000000000e+02
2.230000000000000000e+02
2.110000000000000000e+02
2.050000000000000000e+02
1.980000000000000000e+02
2.020000000000000000e+02
1.940000000000000000e+02
1.950000000000000000e+02
1.930000000000000000e+02
1.980000000000000000e+02
2.040000000000000000e+02
1.970000000000000000e+02
1.930000000000000000e+02
1.970000000000000000e+02
2.030000000000000000e+02
2.130000000000000000e+02
2.190000000000000000e+02
2.080000000000000000e+02
2.140000000000000000e+02
2.250000000000000000e+02
2.040000000000000000e+02
1.990000000000000000e+02
1.950000000000000000e+02
1.830000000000000000e+02
1.720000000000000000e+02
1.500000000000000000e+02
1.540000000000000000e+02
1.450000000000000000e+02
1.360000000000000000e+02
1.270000000000000000e+02
1.160000000000000000e+02
