6.300000000000000000e+01
6.900000000000000000e+01
6.700000000000000000e+01
7.200000000000000000e+01
7.500000000000000000e+01
7.800000000000000000e+01
8.200000000000000000e+01
9.200000000000000000e+01
9.700000000000000000e+01
1.090000000000000000e+02
1.060000000000000000e+02
1.160000000000000000e+02
1.250000000000000000e+02
1.190000000000000000e+02
1.350000000000000000e+02
1.640000000000000000e+02
1.830000000000000000e+02
2.040000000000000000e+02
2.240000000000000000e+02
2.290000000000000000e+02
2.460000000000000000e+02
2.820000000000000000e+02
3.190000000000000000e+02
3.340000000000000000e+02
3.560000000000000000e+02
3.650000000000000000e+02
3.900000000000000000e+02
4.170000000000000000e+02
4.360000000000000000e+02
4.560000000000000000e+02
4.550000000000000000e+02
4.590000000000000000e+02
4.550000000000000000e+02
4.400000000000000000e+02
4.560000000000000000e+02
4.730000000000000000e+02
4.740000000000000000e+02
4.810000000000000000e+02
4.630000000000000000e+02
4.620000000000000000e+02
4.590000000000000000e+02
4.640000000000000000e+02
4.580000000000000000e+02
4.580000000000000000e+02
4.550000000000000000e+02
4.390000000000000000e+02
4.370000000000000000e+02
4.270000000000000000e+02
4.210000000000000000e+02
4.180000000000000000e+02
4.240000000000000000e+02
4.160000000000000000e+02
4.120000000000000000e+02
3.900000000000000000e+02
3.780000000000000000e+02
3.740000000000000000e+02
3.930000000000000000e+02
4.010000000000000000e+02
3.930000000000000000e+02
3.720000000000000000e+02
3.670000000000000000e+02
3.560000000000000000e+02
3.520000000000000000e+02
3.480000000000000000e+02
3.330000000000000000e+02
3.360000000000000000e+02
3.300000000000000000e+02
3.270000000000000000e+02
3.110000000000000000e+02
2.960000000000000000e+02
2.950000000000000000e+02
2.970000000000000000e+02
2.960000000000000000e+02
3.040000000000000000e+02
3.100000000000000000e+02
3.130000000000000000e+02
2.950000000000000000e+02
3.090000000000000000e+02
2.970000000000000000e+02
2.890000000000000000e+02
2.680000000000000000e+02
2.630000000000000000e+02
2.660000000000000000e+02
2.720000000000000000e+02
2.650000000000000000e+02
2.530000000000000000e+02
2.490000000000000000e+02
2.510000000000000000e+02
2.380000000000000000e+02
2.360000000000000000e+02
2.380000000000000000e+02
2.460000000000000000e+02
2.490000000000000000e+02
2.530000000000000000e+02
2.480000000000000000e+02
2.530000000000000000e+02
2.600000000000000000e+02
2.810000000000000000e+02
2.950000000000000000e+02
3.010000000000000000e+02
3.070000000000000000e+02
3.240000000000000000e+02
3.390000000000000000e+02
3.350000000000000000e+02
3.150000000000000000e+02
3.230000000000000000e+02
3.150000000000000000e+02
3.170000000000000000e+02
3.030000000000000000e+02
3.030000000000000000e+02
3.170000000000000000e+02
3.110000000000000000e+02
3.150000000000000000e+02
3.050000000000000000e+02
2.930000000000000000e+02
2.970000000000000000e+02
3.080000000000000000e+02
3.140000000000000000e+02
3.100000000000000000e+02
3.130000000000000000e+02
3.040000000000000000e+02
2.850000000000000000e+02
