8.100000000000000000e+01
7.700000000000000000e+01
7.500000000000000000e+01
8.100000000000000000e+01
7.900000000000000000e+01
7.700000000000000000e+01
8.800000000000000000e+01
8.200000000000000000e+01
8.200000000000000000e+01
8.000000000000000000e+01
8.300000000000000000e+01
8.200000000000000000e+01
9.000000000000000000e+01
9.800000000000000000e+01
9.400000000000000000e+01
9.100000000000000000e+01
8.300000000000000000e+01
8.500000000000000000e+01
7.700000000000000000e+01
8.300000000000000000e+01
8.500000000000000000e+01
7.600000000000000000e+01
7.300000000000000000e+01
7.500000000000000000e+01
7.400000000000000000e+01
6.700000000000000000e+01
6.900000000000000000e+01
7.400000000000000000e+01
7.000000000000000000e+01
6.400000000000000000e+01
7.300000000000000000e+01
8.000000000000000000e+01
1.020000000000000000e+02
9.800000000000000000e+01
1.020000000000000000e+02
1.160000000000000000e+02
1.270000000000000000e+02
1.390000000000000000e+02
1.480000000000000000e+02
1.570000000000000000e+02
1.760000000000000000e+02
1.840000000000000000e+02
1.920000000000000000e+02
2.040000000000000000e+02
1.950000000000000000e+02
2.030000000000000000e+02
2.030000000000000000e+02
2.200000000000000000e+02
2.170000000000000000e+02
2.140000000000000000e+02
2.060000000000000000e+02
2.040000000000000000e+02
2.090000000000000000e+02
2.090000000000000000e+02
2.160000000000000000e+02
2.120000000000000000e+02
2.050000000000000000e+02
2.110000000000000000e+02
2.020000000000000000e+02
1.910000000000000000e+02
1.920000000000000000e+02
1.940000000000000000e+02
1.930000000000000000e+02
1.770000000000000000e+02
1.850000000000000000e+02
1.960000000000000000e+02
1.970000000000000000e+02
2.090000000000000000e+02
2.210000000000000000e+02
2.390000000000000000e+02
2.430000000000000000e+02
2.530000000000000000e+02
2.580000000000000000e+02
2.800000000000000000e+02
2.810000000000000000e+02
2.790000000000000000e+02
2.740000000000000000e+02
2.730000000000000000e+02
2.720000000000000000e+02
2.510000000000000000e+02
2.440000000000000000e+02
2.370000000000000000e+02
2.380000000000000000e+02
2.350000000000000000e+02
2.270000000000000000e+02
2.290000000000000000e+02
2.230000000000000000e+02
2.290000000000000000e+02
2.220000000000000000e+02
2.210000000000000000e+02
2.040000000000000000e+02
1.990000000000000000e+02
1.980000000000000000e+02
1.860000000000000000e+02
1.790000000000000000e+02
1.630000000000000000e+02
1.620000000000000000e+02
1.640000000000000000e+02
1.640000000000000000e+02
1.680000000000000000e+02
1.550000000000000000e+02
1.550000000000000000e+02
1.440000000000000000e+02
1.510000000000000000e+02
1.410000000000000000e+02
1.510000000000000000e+02
1.620000000000000000e+02
1.640000000000000000e+02
1.790000000000000000e+02
1.930000000000000000e+02
1.890000000000000000e+02
1.900000000000000000e+02
1.840000000000000000e+02
1.770000000000000000e+02
1.950000000000000000e+02
2.040000000000000000e+02
2.190000000000000000e+02
2.030000000000000000e+02
1.870000000000000000e+02
1.930000000000000000e+02
1.780000000000000000e+02
