8.100000000000000000e+01
8.200000000000000000e+01
8.200000000000000000e+01
8.600000000000000000e+01
9.500000000000000000e+01
9.700000000000000000e+01
9.900000000000000000e+01
1.100000000000000000e+02
1.140000000000000000e+02
1.170000000000000000e+02
1.260000000000000000e+02
1.330000000000000000e+02
1.430000000000000000e+02
1.590000000000000000e+02
1.740000000000000000e+02
1.930000000000000000e+02
2.100000000000000000e+02
2.280000000000000000e+02
2.550000000000000000e+02
2.850000000000000000e+02
3.150000000000000000e+02
3.250000000000000000e+02
3.370000000000000000e+02
3.670000000000000000e+02
3.870000000000000000e+02
3.850000000000000000e+02
4.050000000000000000e+02
4.080000000000000000e+02
4.310000000000000000e+02
4.550000000000000000e+02
4.500000000000000000e+02
4.430000000000000000e+02
4.280000000000000000e+02
4.430000000000000000e+02
4.350000000000000000e+02
4.440000000000000000e+02
4.450000000000000000e+02
4.530000000000000000e+02
4.540000000000000000e+02
4.420000000000000000e+02
4.440000000000000000e+02
4.270000000000000000e+02
4.390000000000000000e+02
4.440000000000000000e+02
4.430000000000000000e+02
4.190000000000000000e+02
4.100000000000000000e+02
4.130000000000000000e+02
4.030000000000000000e+02
4.100000000000000000e+02
4.070000000000000000e+02
4.120000000000000000e+02
4.090000000000000000e+02
4.020000000000000000e+02
3.970000000000000000e+02
3.890000000000000000e+02
3.810000000000000000e+02
3.800000000000000000e+02
3.710000000000000000e+02
3.610000000000000000e+02
3.460000000000000000e+02
3.410000000000000000e+02
3.300000000000000000e+02
3.240000000000000000e+02
3.280000000000000000e+02
3.350000000000000000e+02
3.280000000000000000e+02
3.060000000000000000e+02
3.020000000000000000e+02
3.010000000000000000e+02
2.950000000000000000e+02
2.960000000000000000e+02
2.870000000000000000e+02
2.710000000000000000e+02
2.720000000000000000e+02
2.600000000000000000e+02
2.440000000000000000e+02
2.410000000000000000e+02
2.540000000000000000e+02
2.490000000000000000e+02
2.470000000000000000e+02
2.450000000000000000e+02
2.380000000000000000e+02
2.390000000000000000e+02
2.360000000000000000e+02
2.310000000000000000e+02
2.340000000000000000e+02
2.240000000000000000e+02
2.400000000000000000e+02
2.510000000000000000e+02
2.660000000000000000e+02
2.610000000000000000e+02
2.570000000000000000e+02
2.660000000000000000e+02
2.700000000000000000e+02
2.770000000000000000e+02
2.850000000000000000e+02
2.860000000000000000e+02
3.000000000000000000e+02
2.950000000000000000e+02
2.760000000000000000e+02
2.750000000000000000e+02
2.900000000000000000e+02
2.840000000000000000e+02
2.730000000000000000e+02
2.770000000000000000e+02
2.800000000000000000e+02
2.810000000000000000e+02
2.580000000000000000e+02
2.640000000000000000e+02
2.650000000000000000e+02
2.650000000000000000e+02
2.570000000000000000e+02
2.440000000000000000e+02
2.540000000000000000e+02
2.510000000000000000e+02
2.440000000000000000e+02
2.640000000000000000e+02
2.630000000000000000e+02
2.680000000000000000e+02
2.800000000000000000e+02
2.930000000000000000e+02
