7.200000000000000000e+01
7.200000000000000000e+01
7.000000000000000000e+01
7.700000000000000000e+01
8.400000000000000000e+01
8.700000000000000000e+01
9.300000000000000000e+01
9.100000000000000000e+01
9.800000000000000000e+01
1.040000000000000000e+02
1.110000000000000000e+02
1.250000000000000000e+02
1.370000000000000000e+02
1.420000000000000000e+02
1.580000000000000000e+02
1.880000000000000000e+02
2.210000000000000000e+02
2.530000000000000000e+02
2.910000000000000000e+02
3.080000000000000000e+02
3.300000000000000000e+02
3.690000000000000000e+02
3.960000000000000000e+02
4.230000000000000000e+02
4.510000000000000000e+02
4.430000000000000000e+02
4.370000000000000000e+02
4.340000000000000000e+02
4.590000000000000000e+02
4.640000000000000000e+02
4.750000000000000000e+02
4.830000000000000000e+02
4.710000000000000000e+02
4.870000000000000000e+02
4.770000000000000000e+02
4.960000000000000000e+02
4.760000000000000000e+02
4.720000000000000000e+02
4.630000000000000000e+02
4.600000000000000000e+02
4.630000000000000000e+02
4.600000000000000000e+02
4.640000000000000000e+02
4.850000000000000000e+02
4.850000000000000000e+02
4.890000000000000000e+02
4.650000000000000000e+02
4.620000000000000000e+02
4.470000000000000000e+02
4.320000000000000000e+02
4.260000000000000000e+02
4.230000000000000000e+02
4.130000000000000000e+02
3.980000000000000000e+02
3.920000000000000000e+02
3.840000000000000000e+02
3.880000000000000000e+02
3.920000000000000000e+02
3.890000000000000000e+02
3.770000000000000000e+02
3.640000000000000000e+02
3.530000000000000000e+02
3.400000000000000000e+02
3.320000000000000000e+02
3.330000000000000000e+02
3.350000000000000000e+02
3.350000000000000000e+02
3.360000000000000000e+02
3.290000000000000000e+02
3.210000000000000000e+02
3.200000000000000000e+02
3.190000000000000000e+02
3.190000000000000000e+02
3.070000000000000000e+02
3.090000000000000000e+02
3.180000000000000000e+02
3.040000000000000000e+02
3.010000000000000000e+02
2.930000000000000000e+02
2.890000000000000000e+02
2.910000000000000000e+02
2.860000000000000000e+02
2.800000000000000000e+02
2.730000000000000000e+02
2.710000000000000000e+02
2.670000000000000000e+02
2.530000000000000000e+02
2.510000000000000000e+02
2.600000000000000000e+02
2.580000000000000000e+02
2.640000000000000000e+02
2.620000000000000000e+02
2.820000000000000000e+02
2.870000000000000000e+02
2.990000000000000000e+02
3.130000000000000000e+02
3.000000000000000000e+02
3.130000000000000000e+02
3.140000000000000000e+02
3.110000000000000000e+02
3.090000000000000000e+02
3.070000000000000000e+02
3.030000000000000000e+02
3.030000000000000000e+02
3.150000000000000000e+02
3.120000000000000000e+02
3.080000000000000000e+02
3.070000000000000000e+02
2.990000000000000000e+02
2.850000000000000000e+02
2.930000000000000000e+02
2.890000000000000000e+02
2.900000000000000000e+02
2.910000000000000000e+02
2.760000000000000000e+02
2.590000000000000000e+02
2.590000000000000000e+02
2.590000000000000000e+02
2.510000000000000000e+02
2.360000000000000000e+02
2.300000000000000000e+02
2.350000000000000000e+02
