8.200000000000000000e+01
8.600000000000000000e+01
9.200000000000000000e+01
9.600000000000000000e+01
1.000000000000000000e+02
1.090000000000000000e+02
1.090000000000000000e+02
1.170000000000000000e+02
1.290000000000000000e+02
1.410000000000000000e+02
1.500000000000000000e+02
1.500000000000000000e+02
1.650000000000000000e+02
1.810000000000000000e+02
1.920000000000000000e+02
2.290000000000000000e+02
2.390000000000000000e+02
2.570000000000000000e+02
2.830000000000000000e+02
3.040000000000000000e+02
3.080000000000000000e+02
3.310000000000000000e+02
3.440000000000000000e+02
3.620000000000000000e+02
3.590000000000000000e+02
3.620000000000000000e+02
3.620000000000000000e+02
3.730000000000000000e+02
3.960000000000000000e+02
4.180000000000000000e+02
4.280000000000000000e+02
4.330000000000000000e+02
4.420000000000000000e+02
4.420000000000000000e+02
4.230000000000000000e+02
4.150000000000000000e+02
4.180000000000000000e+02
4.240000000000000000e+02
4.250000000000000000e+02
4.400000000000000000e+02
4.450000000000000000e+02
4.430000000000000000e+02
4.400000000000000000e+02
4.200000000000000000e+02
4.200000000000000000e+02
4.130000000000000000e+02
4.140000000000000000e+02
4.180000000000000000e+02
4.190000000000000000e+02
4.130000000000000000e+02
4.050000000000000000e+02
4.130000000000000000e+02
3.990000000000000000e+02
3.890000000000000000e+02
3.820000000000000000e+02
3.820000000000000000e+02
3.940000000000000000e+02
4.020000000000000000e+02
4.010000000000000000e+02
3.950000000000000000e+02
3.910000000000000000e+02
3.850000000000000000e+02
3.670000000000000000e+02
3.500000000000000000e+02
3.620000000000000000e+02
3.500000000000000000e+02
3.550000000000000000e+02
3.420000000000000000e+02
3.310000000000000000e+02
3.120000000000000000e+02
3.170000000000000000e+02
3.250000000000000000e+02
3.360000000000000000e+02
3.240000000000000000e+02
3.140000000000000000e+02
3.200000000000000000e+02
3.240000000000000000e+02
3.130000000000000000e+02
3.240000000000000000e+02
3.080000000000000000e+02
2.970000000000000000e+02
2.870000000000000000e+02
2.890000000000000000e+02
3.000000000000000000e+02
2.990000000000000000e+02
2.870000000000000000e+02
2.790000000000000000e+02
2.920000000000000000e+02
2.800000000000000000e+02
2.740000000000000000e+02
2.570000000000000000e+02
2.600000000000000000e+02
2.680000000000000000e+02
2.840000000000000000e+02
2.910000000000000000e+02
2.900000000000000000e+02
3.030000000000000000e+02
3.110000000000000000e+02
3.180000000000000000e+02
3.180000000000000000e+02
3.240000000000000000e+02
3.130000000000000000e+02
3.130000000000000000e+02
3.220000000000000000e+02
3.220000000000000000e+02
3.240000000000000000e+02
3.370000000000000000e+02
3.330000000000000000e+02
3.190000000000000000e+02
3.320000000000000000e+02
3.340000000000000000e+02
3.180000000000000000e+02
3.190000000000000000e+02
3.100000000000000000e+02
3.040000000000000000e+02
3.010000000000000000e+02
3.030000000000000000e+02
3.020000000000000000e+02
3.090000000000000000e+02
2.840000000000000000e+02
2.740000000000000000e+02
2.670000000000000000e+02
