1.250000000000000000e+02
1.220000000000000000e+02
1.230000000000000000e+02
1.260000000000000000e+02
1.290000000000000000e+02
1.230000000000000000e+02
1.270000000000000000e+02
1.230000000000000000e+02
1.220000000000000000e+02
1.270000000000000000e+02
1.230000000000000000e+02
1.240000000000000000e+02
1.220000000000000000e+02
1.240000000000000000e+02
1.170000000000000000e+02
1.160000000000000000e+02
1.080000000000000000e+02
9.900000000000000000e+01
9.600000000000000000e+01
9.300000000000000000e+01
9.500000000000000000e+01
9.000000000000000000e+01
8.600000000000000000e+01
8.900000000000000000e+01
8.000000000000000000e+01
8.100000000000000000e+01
7.700000000000000000e+01
7.800000000000000000e+01
7.600000000000000000e+01
7.500000000000000000e+01
7.700000000000000000e+01
8.100000000000000000e+01
9.500000000000000000e+01
9.400000000000000000e+01
9.500000000000000000e+01
1.110000000000000000e+02
1.200000000000000000e+02
1.240000000000000000e+02
1.280000000000000000e+02
1.300000000000000000e+02
1.370000000000000000e+02
1.360000000000000000e+02
1.380000000000000000e+02
1.410000000000000000e+02
1.470000000000000000e+02
1.640000000000000000e+02
1.730000000000000000e+02
1.790000000000000000e+02
1.990000000000000000e+02
2.030000000000000000e+02
2.200000000000000000e+02
2.400000000000000000e+02
2.580000000000000000e+02
2.670000000000000000e+02
2.680000000000000000e+02
2.860000000000000000e+02
3.100000000000000000e+02
3.090000000000000000e+02
3.050000000000000000e+02
3.050000000000000000e+02
3.070000000000000000e+02
2.960000000000000000e+02
2.870000000000000000e+02
2.890000000000000000e+02
2.990000000000000000e+02
2.980000000000000000e+02
3.080000000000000000e+02
2.850000000000000000e+02
2.830000000000000000e+02
2.700000000000000000e+02
2.530000000000000000e+02
2.460000000000000000e+02
2.290000000000000000e+02
2.290000000000000000e+02
2.180000000000000000e+02
2.160000000000000000e+02
2.200000000000000000e+02
2.170000000000000000e+02
2.120000000000000000e+02
2.090000000000000000e+02
2.090000000000000000e+02
1.920000000000000000e+02
2.050000000000000000e+02
1.930000000000000000e+02
2.030000000000000000e+02
2.110000000000000000e+02
2.100000000000000000e+02
2.090000000000000000e+02
2.200000000000000000e+02
2.260000000000000000e+02
2.390000000000000000e+02
2.340000000000000000e+02
2.250000000000000000e+02
2.240000000000000000e+02
2.240000000000000000e+02
2.250000000000000000e+02
2.250000000000000000e+02
2.230000000000000000e+02
2.130000000000000000e+02
2.190000000000000000e+02
2.100000000000000000e+02
2.000000000000000000e+02
1.790000000000000000e+02
1.610000000000000000e+02
1.660000000000000000e+02
1.600000000000000000e+02
1.580000000000000000e+02
1.540000000000000000e+02
1.470000000000000000e+02
1.580000000000000000e+02
1.710000000000000000e+02
1.570000000000000000e+02
1.730000000000000000e+02
1.870000000000000000e+02
1.930000000000000000e+02
1.940000000000000000e+02
1.960000000000000000e+02
1.970000000000000000e+02
1.970000000000000000e+02
1.770000000000000000e+02
1.820000000000000000e+02
