5.200000000000000000e+01
5.700000000000000000e+01
6.300000000000000000e+01
7.000000000000000000e+01
7.500000000000000000e+01
7.700000000000000000e+01
7.800000000000000000e+01
8.300000000000000000e+01
9.000000000000000000e+01
9.300000000000000000e+01
9.000000000000000000e+01
9.700000000000000000e+01
1.010000000000000000e+02
1.040000000000000000e+02
1.130000000000000000e+02
1.210000000000000000e+02
1.230000000000000000e+02
1.350000000000000000e+02
1.370000000000000000e+02
1.400000000000000000e+02
1.430000000000000000e+02
1.460000000000000000e+02
1.550000000000000000e+02
1.520000000000000000e+02
1.580000000000000000e+02
1.600000000000000000e+02
1.620000000000000000e+02
1.690000000000000000e+02
1.660000000000000000e+02
1.690000000000000000e+02
1.710000000000000000e+02
1.750000000000000000e+02
1.680000000000000000e+02
1.670000000000000000e+02
1.590000000000000000e+02
1.510000000000000000e+02
1.570000000000000000e+02
1.550000000000000000e+02
1.450000000000000000e+02
1.480000000000000000e+02
1.480000000000000000e+02
1.460000000000000000e+02
1.440000000000000000e+02
1.430000000000000000e+02
1.470000000000000000e+02
1.470000000000000000e+02
1.460000000000000000e+02
1.400000000000000000e+02
1.310000000000000000e+02
1.280000000000000000e+02
1.210000000000000000e+02
1.110000000000000000e+02
1.090000000000000000e+02
1.030000000000000000e+02
1.020000000000000000e+02
1.030000000000000000e+02
1.000000000000000000e+02
9.700000000000000000e+01
9.600000000000000000e+01
9.100000000000000000e+01
9.300000000000000000e+01
9.600000000000000000e+01
9.800000000000000000e+01
9.900000000000000000e+01
9.800000000000000000e+01
1.030000000000000000e+02
1.020000000000000000e+02
1.040000000000000000e+02
1.030000000000000000e+02
1.020000000000000000e+02
1.090000000000000000e+02
1.040000000000000000e+02
9.800000000000000000e+01
9.000000000000000000e+01
9.200000000000000000e+01
9.500000000000000000e+01
9.100000000000000000e+01
8.900000000000000000e+01
9.000000000000000000e+01
8.900000000000000000e+01
9.100000000000000000e+01
9.700000000000000000e+01
1.020000000000000000e+02
1.010000000000000000e+02
1.010000000000000000e+02
9.300000000000000000e+01
9.400000000000000000e+01
9.500000000000000000e+01
9.300000000000000000e+01
9.300000000000000000e+01
8.900000000000000000e+01
8.800000000000000000e+01
8.800000000000000000e+01
9.400000000000000000e+01
9.500000000000000000e+01
1.000000000000000000e+02
1.010000000000000000e+02
1.030000000000000000e+02
9.900000000000000000e+01
9.800000000000000000e+01
9.600000000000000000e+01
9.600000000000000000e+01
1.000000000000000000e+02
1.010000000000000000e+02
1.100000000000000000e+02
1.070000000000000000e+02
1.080000000000000000e+02
1.030000000000000000e+02
1.020000000000000000e+02
9.900000000000000000e+01
1.010000000000000000e+02
9.900000000000000000e+01
9.900000000000000000e+01
1.000000000000000000e+02
1.000000000000000000e+02
9.800000000000000000e+01
9.500000000000000000e+01
1.010000000000000000e+02
1.000000000000000000e+02
9.700000000000000000e+01
1.020000000000000000e+02
1.020000000000000000e+02
1.050000000000000000e+02
