1.070000000000000000e+02
1.030000000000000000e+02
1.060000000000000000e+02
9.700000000000000000e+01
9.400000000000000000e+01
9.700000000000000000e+01
9.900000000000000000e+01
9.800000000000000000e+01
1.050000000000000000e+02
1.130000000000000000e+02
1.140000000000000000e+02
1.050000000000000000e+02
1.060000000000000000e+02
1.040000000000000000e+02
9.600000000000000000e+01
9.800000000000000000e+01
9.900000000000000000e+01
9.400000000000000000e+01
8.700000000000000000e+01
7.700000000000000000e+01
7.100000000000000000e+01
7.000000000000000000e+01
6.700000000000000000e+01
6.800000000000000000e+01
7.400000000000000000e+01
7.500000000000000000e+01
7.100000000000000000e+01
7.000000000000000000e+01
6.200000000000000000e+01
6.600000000000000000e+01
8.100000000000000000e+01
8.900000000000000000e+01
9.800000000000000000e+01
1.040000000000000000e+02
1.070000000000000000e+02
1.120000000000000000e+02
1.080000000000000000e+02
1.160000000000000000e+02
1.230000000000000000e+02
1.290000000000000000e+02
1.350000000000000000e+02
1.340000000000000000e+02
1.380000000000000000e+02
1.360000000000000000e+02
1.490000000000000000e+02
1.650000000000000000e+02
1.770000000000000000e+02
1.990000000000000000e+02
2.260000000000000000e+02
2.440000000000000000e+02
2.670000000000000000e+02
2.650000000000000000e+02
2.790000000000000000e+02
2.850000000000000000e+02
3.050000000000000000e+02
3.050000000000000000e+02
3.150000000000000000e+02
3.400000000000000000e+02
3.320000000000000000e+02
3.320000000000000000e+02
3.310000000000000000e+02
3.210000000000000000e+02
3.240000000000000000e+02
3.130000000000000000e+02
2.970000000000000000e+02
2.910000000000000000e+02
2.810000000000000000e+02
2.810000000000000000e+02
2.630000000000000000e+02
2.580000000000000000e+02
2.500000000000000000e+02
2.470000000000000000e+02
2.440000000000000000e+02
2.350000000000000000e+02
2.250000000000000000e+02
2.070000000000000000e+02
2.000000000000000000e+02
2.060000000000000000e+02
2.040000000000000000e+02
2.060000000000000000e+02
2.060000000000000000e+02
2.110000000000000000e+02
2.150000000000000000e+02
2.110000000000000000e+02
2.100000000000000000e+02
2.140000000000000000e+02
2.190000000000000000e+02
2.310000000000000000e+02
2.240000000000000000e+02
2.030000000000000000e+02
2.120000000000000000e+02
2.110000000000000000e+02
2.000000000000000000e+02
2.050000000000000000e+02
1.930000000000000000e+02
1.870000000000000000e+02
1.840000000000000000e+02
1.720000000000000000e+02
1.630000000000000000e+02
1.560000000000000000e+02
1.560000000000000000e+02
1.510000000000000000e+02
1.570000000000000000e+02
1.610000000000000000e+02
1.710000000000000000e+02
1.690000000000000000e+02
1.650000000000000000e+02
1.620000000000000000e+02
1.670000000000000000e+02
1.700000000000000000e+02
1.610000000000000000e+02
1.560000000000000000e+02
1.630000000000000000e+02
1.540000000000000000e+02
1.470000000000000000e+02
1.480000000000000000e+02
1.410000000000000000e+02
1.430000000000000000e+02
1.420000000000000000e+02
1.580000000000000000e+02
1.680000000000000000e+02
