8.600000000000000000e+01
8.600000000000000000e+01
8.700000000000000000e+01
9.600000000000000000e+01
1.100000000000000000e+02
1.120000000000000000e+02
1.210000000000000000e+02
1.200000000000000000e+02
1.220000000000000000e+02
1.320000000000000000e+02
1.580000000000000000e+02
1.710000000000000000e+02
1.920000000000000000e+02
2.080000000000000000e+02
2.180000000000000000e+02
2.440000000000000000e+02
2.620000000000000000e+02
3.020000000000000000e+02
3.130000000000000000e+02
3.150000000000000000e+02
3.260000000000000000e+02
3.340000000000000000e+02
3.600000000000000000e+02
3.760000000000000000e+02
3.650000000000000000e+02
3.780000000000000000e+02
3.760000000000000000e+02
3.790000000000000000e+02
4.090000000000000000e+02
4.160000000000000000e+02
4.090000000000000000e+02
4.200000000000000000e+02
4.410000000000000000e+02
4.490000000000000000e+02
4.520000000000000000e+02
4.520000000000000000e+02
4.480000000000000000e+02
4.640000000000000000e+02
4.700000000000000000e+02
4.490000000000000000e+02
4.600000000000000000e+02
4.400000000000000000e+02
4.160000000000000000e+02
4.090000000000000000e+02
3.950000000000000000e+02
3.880000000000000000e+02
3.860000000000000000e+02
3.830000000000000000e+02
3.880000000000000000e+02
3.760000000000000000e+02
3.720000000000000000e+02
3.650000000000000000e+02
3.380000000000000000e+02
3.450000000000000000e+02
3.500000000000000000e+02
3.430000000000000000e+02
3.420000000000000000e+02
3.240000000000000000e+02
3.290000000000000000e+02
3.170000000000000000e+02
3.160000000000000000e+02
3.090000000000000000e+02
3.080000000000000000e+02
3.000000000000000000e+02
2.920000000000000000e+02
2.830000000000000000e+02
2.730000000000000000e+02
2.740000000000000000e+02
2.780000000000000000e+02
2.810000000000000000e+02
2.790000000000000000e+02
2.710000000000000000e+02
2.470000000000000000e+02
2.520000000000000000e+02
2.580000000000000000e+02
2.490000000000000000e+02
2.420000000000000000e+02
2.470000000000000000e+02
2.530000000000000000e+02
2.430000000000000000e+02
2.490000000000000000e+02
2.470000000000000000e+02
2.440000000000000000e+02
2.450000000000000000e+02
2.500000000000000000e+02
2.600000000000000000e+02
2.760000000000000000e+02
2.880000000000000000e+02
3.090000000000000000e+02
3.210000000000000000e+02
3.190000000000000000e+02
3.280000000000000000e+02
3.220000000000000000e+02
3.220000000000000000e+02
3.300000000000000000e+02
3.300000000000000000e+02
3.390000000000000000e+02
3.380000000000000000e+02
3.260000000000000000e+02
3.190000000000000000e+02
3.060000000000000000e+02
3.010000000000000000e+02
3.050000000000000000e+02
3.050000000000000000e+02
2.930000000000000000e+02
3.010000000000000000e+02
2.890000000000000000e+02
3.040000000000000000e+02
3.080000000000000000e+02
2.970000000000000000e+02
2.950000000000000000e+02
2.920000000000000000e+02
2.920000000000000000e+02
2.970000000000000000e+02
2.860000000000000000e+02
2.800000000000000000e+02
2.680000000000000000e+02
2.650000000000000000e+02
2.640000000000000000e+02
2.680000000000000000e+02
2.630000000000000000e+02
2.540000000000000000e+02
