8.300000000000000000e+01
8.700000000000000000e+01
9.100000000000000000e+01
9.400000000000000000e+01
8.800000000000000000e+01
9.100000000000000000e+01
9.500000000000000000e+01
1.030000000000000000e+02
1.120000000000000000e+02
1.180000000000000000e+02
1.250000000000000000e+02
1.290000000000000000e+02
1.380000000000000000e+02
1.600000000000000000e+02
1.730000000000000000e+02
1.840000000000000000e+02
2.000000000000000000e+02
2.270000000000000000e+02
2.430000000000000000e+02
2.540000000000000000e+02
2.640000000000000000e+02
2.920000000000000000e+02
3.190000000000000000e+02
3.340000000000000000e+02
3.630000000000000000e+02
3.880000000000000000e+02
4.080000000000000000e+02
4.110000000000000000e+02
4.220000000000000000e+02
4.400000000000000000e+02
4.630000000000000000e+02
4.840000000000000000e+02
5.010000000000000000e+02
4.950000000000000000e+02
4.880000000000000000e+02
4.910000000000000000e+02
4.760000000000000000e+02
4.480000000000000000e+02
4.410000000000000000e+02
4.360000000000000000e+02
4.510000000000000000e+02
4.320000000000000000e+02
4.320000000000000000e+02
4.470000000000000000e+02
4.420000000000000000e+02
4.400000000000000000e+02
4.220000000000000000e+02
4.320000000000000000e+02
4.360000000000000000e+02
4.420000000000000000e+02
4.280000000000000000e+02
4.150000000000000000e+02
4.250000000000000000e+02
4.030000000000000000e+02
3.910000000000000000e+02
4.050000000000000000e+02
4.000000000000000000e+02
4.020000000000000000e+02
3.960000000000000000e+02
3.900000000000000000e+02
3.840000000000000000e+02
3.810000000000000000e+02
3.800000000000000000e+02
3.570000000000000000e+02
3.580000000000000000e+02
3.470000000000000000e+02
3.360000000000000000e+02
3.150000000000000000e+02
3.130000000000000000e+02
3.020000000000000000e+02
2.910000000000000000e+02
2.900000000000000000e+02
2.840000000000000000e+02
2.740000000000000000e+02
2.660000000000000000e+02
2.700000000000000000e+02
2.710000000000000000e+02
2.720000000000000000e+02
2.660000000000000000e+02
2.660000000000000000e+02
2.600000000000000000e+02
2.590000000000000000e+02
2.690000000000000000e+02
2.770000000000000000e+02
2.990000000000000000e+02
3.040000000000000000e+02
3.340000000000000000e+02
3.420000000000000000e+02
3.330000000000000000e+02
3.520000000000000000e+02
3.610000000000000000e+02
3.650000000000000000e+02
3.610000000000000000e+02
3.670000000000000000e+02
3.530000000000000000e+02
3.460000000000000000e+02
3.460000000000000000e+02
3.450000000000000000e+02
3.410000000000000000e+02
3.260000000000000000e+02
3.350000000000000000e+02
3.310000000000000000e+02
3.270000000000000000e+02
3.130000000000000000e+02
2.990000000000000000e+02
3.000000000000000000e+02
2.940000000000000000e+02
2.920000000000000000e+02
2.870000000000000000e+02
2.920000000000000000e+02
2.810000000000000000e+02
2.740000000000000000e+02
2.660000000000000000e+02
2.610000000000000000e+02
2.720000000000000000e+02
2.610000000000000000e+02
2.640000000000000000e+02
2.480000000000000000e+02
2.580000000000000000e+02
2.690000000000000000e+02
2.740000000000000000e+02
2.780000000000000000e+02
