7.400000000000000000e+01
7.400000000000000000e+01
6.900000000000000000e+01
7.300000000000000000e+01
7.500000000000000000e+01
8.300000000000000000e+01
7.700000000000000000e+01
8.200000000000000000e+01
8.800000000000000000e+01
9.400000000000000000e+01
1.050000000000000000e+02
1.150000000000000000e+02
1.240000000000000000e+02
1.360000000000000000e+02
1.490000000000000000e+02
1.610000000000000000e+02
1.710000000000000000e+02
1.780000000000000000e+02
2.000000000000000000e+02
2.340000000000000000e+02
2.510000000000000000e+02
2.850000000000000000e+02
3.000000000000000000e+02
3.200000000000000000e+02
3.310000000000000000e+02
3.470000000000000000e+02
3.590000000000000000e+02
3.530000000000000000e+02
3.680000000000000000e+02
3.750000000000000000e+02
3.790000000000000000e+02
3.850000000000000000e+02
4.010000000000000000e+02
4.100000000000000000e+02
4.070000000000000000e+02
4.200000000000000000e+02
4.260000000000000000e+02
4.280000000000000000e+02
4.370000000000000000e+02
4.510000000000000000e+02
4.530000000000000000e+02
4.490000000000000000e+02
4.560000000000000000e+02
4.240000000000000000e+02
4.310000000000000000e+02
4.420000000000000000e+02
4.290000000000000000e+02
4.260000000000000000e+02
4.210000000000000000e+02
4.100000000000000000e+02
4.070000000000000000e+02
4.030000000000000000e+02
3.930000000000000000e+02
3.620000000000000000e+02
3.530000000000000000e+02
3.470000000000000000e+02
3.300000000000000000e+02
3.250000000000000000e+02
3.280000000000000000e+02
3.190000000000000000e+02
3.220000000000000000e+02
3.130000000000000000e+02
3.070000000000000000e+02
3.040000000000000000e+02
3.090000000000000000e+02
3.000000000000000000e+02
2.970000000000000000e+02
2.990000000000000000e+02
2.860000000000000000e+02
2.900000000000000000e+02
2.640000000000000000e+02
2.470000000000000000e+02
2.290000000000000000e+02
2.200000000000000000e+02
2.210000000000000000e+02
2.160000000000000000e+02
2.130000000000000000e+02
2.190000000000000000e+02
2.230000000000000000e+02
2.440000000000000000e+02
2.430000000000000000e+02
2.470000000000000000e+02
2.580000000000000000e+02
2.680000000000000000e+02
2.730000000000000000e+02
2.880000000000000000e+02
2.810000000000000000e+02
2.790000000000000000e+02
2.860000000000000000e+02
2.950000000000000000e+02
3.230000000000000000e+02
3.290000000000000000e+02
3.280000000000000000e+02
3.260000000000000000e+02
3.200000000000000000e+02
3.270000000000000000e+02
3.390000000000000000e+02
3.470000000000000000e+02
3.480000000000000000e+02
3.550000000000000000e+02
3.450000000000000000e+02
3.330000000000000000e+02
3.230000000000000000e+02
3.010000000000000000e+02
3.020000000000000000e+02
2.870000000000000000e+02
2.870000000000000000e+02
2.960000000000000000e+02
2.930000000000000000e+02
2.880000000000000000e+02
2.740000000000000000e+02
2.710000000000000000e+02
2.710000000000000000e+02
2.690000000000000000e+02
2.470000000000000000e+02
2.300000000000000000e+02
2.440000000000000000e+02
2.400000000000000000e+02
2.520000000000000000e+02
2.650000000000000000e+02
2.810000000000000000e+02
2.950000000000000000e+02
