7.300000000000000000e+01
7.300000000000000000e+01
7.500000000000000000e+01
7.300000000000000000e+01
7.400000000000000000e+01
6.800000000000000000e+01
7.000000000000000000e+01
7.200000000000000000e+01
7.200000000000000000e+01
6.800000000000000000e+01
6.000000000000000000e+01
6.200000000000000000e+01
6.400000000000000000e+01
6.300000000000000000e+01
6.400000000000000000e+01
5.900000000000000000e+01
5.600000000000000000e+01
5.200000000000000000e+01
5.400000000000000000e+01
5.100000000000000000e+01
4.900000000000000000e+01
5.000000000000000000e+01
5.200000000000000000e+01
5.200000000000000000e+01
4.700000000000000000e+01
4.600000000000000000e+01
3.900000000000000000e+01
4.200000000000000000e+01
4.300000000000000000e+01
3.900000000000000000e+01
3.500000000000000000e+01
3.900000000000000000e+01
3.900000000000000000e+01
4.500000000000000000e+01
4.200000000000000000e+01
4.100000000000000000e+01
3.700000000000000000e+01
3.600000000000000000e+01
3.800000000000000000e+01
4.700000000000000000e+01
5.100000000000000000e+01
5.700000000000000000e+01
5.900000000000000000e+01
5.600000000000000000e+01
5.900000000000000000e+01
7.000000000000000000e+01
7.600000000000000000e+01
9.100000000000000000e+01
9.500000000000000000e+01
1.040000000000000000e+02
1.060000000000000000e+02
1.150000000000000000e+02
1.250000000000000000e+02
1.320000000000000000e+02
1.470000000000000000e+02
1.590000000000000000e+02
1.680000000000000000e+02
1.720000000000000000e+02
1.900000000000000000e+02
2.150000000000000000e+02
2.460000000000000000e+02
2.580000000000000000e+02
2.860000000000000000e+02
3.160000000000000000e+02
3.360000000000000000e+02
3.280000000000000000e+02
3.140000000000000000e+02
3.500000000000000000e+02
3.640000000000000000e+02
3.710000000000000000e+02
3.610000000000000000e+02
3.620000000000000000e+02
3.540000000000000000e+02
3.520000000000000000e+02
3.430000000000000000e+02
3.390000000000000000e+02
3.470000000000000000e+02
3.560000000000000000e+02
3.400000000000000000e+02
3.220000000000000000e+02
3.140000000000000000e+02
3.020000000000000000e+02
2.930000000000000000e+02
2.900000000000000000e+02
2.960000000000000000e+02
2.760000000000000000e+02
2.690000000000000000e+02
2.650000000000000000e+02
2.670000000000000000e+02
2.590000000000000000e+02
2.470000000000000000e+02
2.430000000000000000e+02
2.310000000000000000e+02
2.370000000000000000e+02
2.390000000000000000e+02
2.090000000000000000e+02
2.060000000000000000e+02
1.830000000000000000e+02
1.780000000000000000e+02
1.840000000000000000e+02
1.930000000000000000e+02
1.930000000000000000e+02
1.880000000000000000e+02
2.040000000000000000e+02
1.950000000000000000e+02
1.920000000000000000e+02
1.940000000000000000e+02
1.970000000000000000e+02
1.950000000000000000e+02
2.010000000000000000e+02
2.010000000000000000e+02
2.030000000000000000e+02
1.950000000000000000e+02
1.930000000000000000e+02
1.770000000000000000e+02
1.880000000000000000e+02
1.840000000000000000e+02
1.770000000000000000e+02
1.820000000000000000e+02
1.850000000000000000e+02
1.860000000000000000e+02
