5.100000000000000000e+01
5.200000000000000000e+01
5.200000000000000000e+01
5.600000000000000000e+01
6.300000000000000000e+01
6.600000000000000000e+01
6.300000000000000000e+01
6.100000000000000000e+01
6.100000000000000000e+01
5.500000000000000000e+01
5.300000000000000000e+01
5.100000000000000000e+01
4.900000000000000000e+01
4.700000000000000000e+01
4.400000000000000000e+01
4.200000000000000000e+01
4.200000000000000000e+01
3.900000000000000000e+01
3.400000000000000000e+01
3.300000000000000000e+01
3.600000000000000000e+01
3.100000000000000000e+01
3.100000000000000000e+01
2.900000000000000000e+01
2.800000000000000000e+01
2.700000000000000000e+01
2.500000000000000000e+01
2.600000000000000000e+01
2.700000000000000000e+01
1.900000000000000000e+01
2.000000000000000000e+01
1.700000000000000000e+01
1.200000000000000000e+01
1.200000000000000000e+01
1.900000000000000000e+01
2.200000000000000000e+01
2.800000000000000000e+01
3.100000000000000000e+01
3.500000000000000000e+01
3.600000000000000000e+01
4.000000000000000000e+01
4.200000000000000000e+01
4.300000000000000000e+01
4.800000000000000000e+01
4.900000000000000000e+01
5.500000000000000000e+01
5.900000000000000000e+01
7.300000000000000000e+01
7.800000000000000000e+01
8.400000000000000000e+01
9.100000000000000000e+01
9.500000000000000000e+01
1.070000000000000000e+02
1.170000000000000000e+02
1.370000000000000000e+02
1.430000000000000000e+02
1.550000000000000000e+02
1.920000000000000000e+02
2.200000000000000000e+02
2.520000000000000000e+02
2.720000000000000000e+02
2.850000000000000000e+02
3.130000000000000000e+02
3.130000000000000000e+02
3.400000000000000000e+02
3.420000000000000000e+02
3.540000000000000000e+02
3.590000000000000000e+02
3.630000000000000000e+02
3.690000000000000000e+02
3.650000000000000000e+02
3.810000000000000000e+02
3.790000000000000000e+02
3.750000000000000000e+02
3.910000000000000000e+02
3.980000000000000000e+02
4.030000000000000000e+02
3.820000000000000000e+02
3.660000000000000000e+02
3.610000000000000000e+02
3.460000000000000000e+02
3.470000000000000000e+02
3.420000000000000000e+02
3.380000000000000000e+02
3.240000000000000000e+02
3.200000000000000000e+02
3.090000000000000000e+02
3.020000000000000000e+02
2.810000000000000000e+02
2.650000000000000000e+02
2.600000000000000000e+02
2.430000000000000000e+02
2.290000000000000000e+02
2.100000000000000000e+02
2.030000000000000000e+02
1.890000000000000000e+02
1.930000000000000000e+02
1.990000000000000000e+02
1.900000000000000000e+02
2.020000000000000000e+02
2.000000000000000000e+02
2.030000000000000000e+02
2.070000000000000000e+02
2.210000000000000000e+02
2.360000000000000000e+02
2.380000000000000000e+02
2.530000000000000000e+02
2.460000000000000000e+02
2.300000000000000000e+02
2.190000000000000000e+02
2.210000000000000000e+02
2.090000000000000000e+02
2.000000000000000000e+02
1.730000000000000000e+02
1.620000000000000000e+02
1.600000000000000000e+02
1.550000000000000000e+02
1.450000000000000000e+02
1.470000000000000000e+02
1.380000000000000000e+02
1.270000000000000000e+02
