9.200000000000000000e+01
8.900000000000000000e+01
8.800000000000000000e+01
8.400000000000000000e+01
8.300000000000000000e+01
8.100000000000000000e+01
7.800000000000000000e+01
7.900000000000000000e+01
8.200000000000000000e+01
8.200000000000000000e+01
8.000000000000000000e+01
7.400000000000000000e+01
7.700000000000000000e+01
7.200000000000000000e+01
7.000000000000000000e+01
6.800000000000000000e+01
6.800000000000000000e+01
6.000000000000000000e+01
5.900000000000000000e+01
6.200000000000000000e+01
6.100000000000000000e+01
5.800000000000000000e+01
5.000000000000000000e+01
5.000000000000000000e+01
4.100000000000000000e+01
3.600000000000000000e+01
3.100000000000000000e+01
2.900000000000000000e+01
2.900000000000000000e+01
3.000000000000000000e+01
3.400000000000000000e+01
3.200000000000000000e+01
3.800000000000000000e+01
3.700000000000000000e+01
3.500000000000000000e+01
3.700000000000000000e+01
3.600000000000000000e+01
4.000000000000000000e+01
4.100000000000000000e+01
4.600000000000000000e+01
4.100000000000000000e+01
4.000000000000000000e+01
4.600000000000000000e+01
4.900000000000000000e+01
5.100000000000000000e+01
5.700000000000000000e+01
6.900000000000000000e+01
7.600000000000000000e+01
7.700000000000000000e+01
8.100000000000000000e+01
9.300000000000000000e+01
1.030000000000000000e+02
1.130000000000000000e+02
1.220000000000000000e+02
1.260000000000000000e+02
1.510000000000000000e+02
1.700000000000000000e+02
1.730000000000000000e+02
1.780000000000000000e+02
2.040000000000000000e+02
2.160000000000000000e+02
2.360000000000000000e+02
2.590000000000000000e+02
2.700000000000000000e+02
2.820000000000000000e+02
2.850000000000000000e+02
2.880000000000000000e+02
3.010000000000000000e+02
3.310000000000000000e+02
3.370000000000000000e+02
3.280000000000000000e+02
3.310000000000000000e+02
3.290000000000000000e+02
3.290000000000000000e+02
3.270000000000000000e+02
3.200000000000000000e+02
3.150000000000000000e+02
3.100000000000000000e+02
3.140000000000000000e+02
3.160000000000000000e+02
3.240000000000000000e+02
3.170000000000000000e+02
3.090000000000000000e+02
2.970000000000000000e+02
2.870000000000000000e+02
2.690000000000000000e+02
2.580000000000000000e+02
2.360000000000000000e+02
2.390000000000000000e+02
2.230000000000000000e+02
2.100000000000000000e+02
2.070000000000000000e+02
2.040000000000000000e+02
2.020000000000000000e+02
1.960000000000000000e+02
1.950000000000000000e+02
2.000000000000000000e+02
2.130000000000000000e+02
2.040000000000000000e+02
2.130000000000000000e+02
2.070000000000000000e+02
2.270000000000000000e+02
2.250000000000000000e+02
2.080000000000000000e+02
2.070000000000000000e+02
2.010000000000000000e+02
1.960000000000000000e+02
1.910000000000000000e+02
1.900000000000000000e+02
1.900000000000000000e+02
2.000000000000000000e+02
1.850000000000000000e+02
1.750000000000000000e+02
1.640000000000000000e+02
1.600000000000000000e+02
1.530000000000000000e+02
1.580000000000000000e+02
1.610000000000000000e+02
1.720000000000000000e+02
1.650000000000000000e+02
1.630000000000000000e+02
