6.500000000000000000e+01
6.800000000000000000e+01
7.300000000000000000e+01
7.100000000000000000e+01
7.500000000000000000e+01
7.700000000000000000e+01
7.700000000000000000e+01
8.800000000000000000e+01
8.800000000000000000e+01
9.100000000000000000e+01
9.900000000000000000e+01
9.700000000000000000e+01
1.170000000000000000e+02
1.250000000000000000e+02
1.420000000000000000e+02
1.500000000000000000e+02
1.540000000000000000e+02
1.560000000000000000e+02
1.850000000000000000e+02
1.930000000000000000e+02
1.950000000000000000e+02
2.240000000000000000e+02
2.470000000000000000e+02
2.640000000000000000e+02
2.790000000000000000e+02
3.020000000000000000e+02
3.110000000000000000e+02
3.310000000000000000e+02
3.520000000000000000e+02
3.650000000000000000e+02
3.810000000000000000e+02
3.900000000000000000e+02
3.970000000000000000e+02
4.030000000000000000e+02
3.940000000000000000e+02
4.070000000000000000e+02
3.960000000000000000e+02
3.870000000000000000e+02
3.860000000000000000e+02
3.860000000000000000e+02
3.830000000000000000e+02
3.790000000000000000e+02
3.680000000000000000e+02
3.520000000000000000e+02
3.630000000000000000e+02
3.580000000000000000e+02
3.610000000000000000e+02
3.570000000000000000e+02
3.700000000000000000e+02
3.430000000000000000e+02
3.410000000000000000e+02
3.440000000000000000e+02
3.400000000000000000e+02
3.360000000000000000e+02
3.380000000000000000e+02
3.350000000000000000e+02
3.430000000000000000e+02
3.280000000000000000e+02
3.120000000000000000e+02
2.990000000000000000e+02
3.000000000000000000e+02
3.060000000000000000e+02
2.980000000000000000e+02
3.100000000000000000e+02
2.850000000000000000e+02
2.840000000000000000e+02
2.840000000000000000e+02
2.840000000000000000e+02
2.960000000000000000e+02
2.900000000000000000e+02
2.770000000000000000e+02
2.680000000000000000e+02
2.750000000000000000e+02
2.720000000000000000e+02
2.670000000000000000e+02
2.560000000000000000e+02
2.450000000000000000e+02
2.450000000000000000e+02
2.310000000000000000e+02
2.250000000000000000e+02
2.210000000000000000e+02
2.230000000000000000e+02
2.330000000000000000e+02
2.610000000000000000e+02
2.630000000000000000e+02
2.900000000000000000e+02
2.990000000000000000e+02
3.250000000000000000e+02
3.180000000000000000e+02
3.180000000000000000e+02
3.360000000000000000e+02
3.350000000000000000e+02
3.530000000000000000e+02
3.370000000000000000e+02
3.420000000000000000e+02
3.500000000000000000e+02
3.620000000000000000e+02
3.740000000000000000e+02
3.910000000000000000e+02
3.700000000000000000e+02
3.540000000000000000e+02
3.560000000000000000e+02
3.390000000000000000e+02
3.470000000000000000e+02
3.570000000000000000e+02
3.420000000000000000e+02
3.440000000000000000e+02
3.310000000000000000e+02
3.330000000000000000e+02
3.190000000000000000e+02
3.030000000000000000e+02
2.960000000000000000e+02
2.980000000000000000e+02
3.010000000000000000e+02
2.910000000000000000e+02
2.910000000000000000e+02
2.950000000000000000e+02
2.740000000000000000e+02
2.630000000000000000e+02
2.570000000000000000e+02
2.430000000000000000e+02
2.430000000000000000e+02
