6.400000000000000000e+01
7.300000000000000000e+01
7.100000000000000000e+01
7.200000000000000000e+01
7.900000000000000000e+01
8.500000000000000000e+01
8.200000000000000000e+01
8.700000000000000000e+01
9.500000000000000000e+01
1.030000000000000000e+02
1.030000000000000000e+02
1.010000000000000000e+02
1.100000000000000000e+02
1.140000000000000000e+02
1.330000000000000000e+02
1.390000000000000000e+02
1.580000000000000000e+02
1.760000000000000000e+02
1.870000000000000000e+02
1.950000000000000000e+02
2.230000000000000000e+02
2.460000000000000000e+02
2.680000000000000000e+02
2.760000000000000000e+02
2.840000000000000000e+02
2.990000000000000000e+02
3.040000000000000000e+02
3.150000000000000000e+02
3.360000000000000000e+02
3.620000000000000000e+02
3.710000000000000000e+02
3.640000000000000000e+02
3.850000000000000000e+02
3.800000000000000000e+02
3.850000000000000000e+02
3.740000000000000000e+02
3.690000000000000000e+02
3.830000000000000000e+02
3.940000000000000000e+02
3.970000000000000000e+02
4.050000000000000000e+02
3.900000000000000000e+02
3.870000000000000000e+02
3.790000000000000000e+02
3.650000000000000000e+02
3.640000000000000000e+02
3.550000000000000000e+02
3.570000000000000000e+02
3.660000000000000000e+02
3.600000000000000000e+02
3.520000000000000000e+02
3.600000000000000000e+02
3.460000000000000000e+02
3.550000000000000000e+02
3.710000000000000000e+02
3.550000000000000000e+02
3.450000000000000000e+02
3.280000000000000000e+02
3.340000000000000000e+02
3.260000000000000000e+02
3.260000000000000000e+02
3.170000000000000000e+02
3.140000000000000000e+02
2.990000000000000000e+02
3.040000000000000000e+02
2.960000000000000000e+02
2.680000000000000000e+02
2.710000000000000000e+02
2.690000000000000000e+02
2.690000000000000000e+02
2.520000000000000000e+02
2.340000000000000000e+02
2.230000000000000000e+02
2.400000000000000000e+02
2.290000000000000000e+02
2.460000000000000000e+02
2.440000000000000000e+02
2.410000000000000000e+02
2.630000000000000000e+02
2.680000000000000000e+02
2.740000000000000000e+02
2.770000000000000000e+02
2.760000000000000000e+02
2.800000000000000000e+02
2.860000000000000000e+02
2.800000000000000000e+02
2.830000000000000000e+02
2.790000000000000000e+02
2.900000000000000000e+02
2.920000000000000000e+02
2.940000000000000000e+02
3.160000000000000000e+02
3.110000000000000000e+02
3.050000000000000000e+02
3.030000000000000000e+02
3.070000000000000000e+02
3.140000000000000000e+02
3.160000000000000000e+02
3.140000000000000000e+02
3.040000000000000000e+02
2.910000000000000000e+02
2.940000000000000000e+02
2.940000000000000000e+02
2.940000000000000000e+02
2.820000000000000000e+02
2.760000000000000000e+02
2.740000000000000000e+02
2.500000000000000000e+02
2.470000000000000000e+02
2.640000000000000000e+02
2.710000000000000000e+02
2.710000000000000000e+02
2.870000000000000000e+02
2.880000000000000000e+02
2.930000000000000000e+02
3.120000000000000000e+02
3.280000000000000000e+02
3.370000000000000000e+02
3.410000000000000000e+02
3.570000000000000000e+02
3.630000000000000000e+02
3.640000000000000000e+02
