7.600000000000000000e+01
8.300000000000000000e+01
8.300000000000000000e+01
7.900000000000000000e+01
7.200000000000000000e+01
7.500000000000000000e+01
8.400000000000000000e+01
9.200000000000000000e+01
1.050000000000000000e+02
1.070000000000000000e+02
1.140000000000000000e+02
1.320000000000000000e+02
1.510000000000000000e+02
1.620000000000000000e+02
1.630000000000000000e+02
1.580000000000000000e+02
1.740000000000000000e+02
2.030000000000000000e+02
2.200000000000000000e+02
2.530000000000000000e+02
2.780000000000000000e+02
3.080000000000000000e+02
3.370000000000000000e+02
3.480000000000000000e+02
3.460000000000000000e+02
3.800000000000000000e+02
4.130000000000000000e+02
4.300000000000000000e+02
4.350000000000000000e+02
4.300000000000000000e+02
4.510000000000000000e+02
4.580000000000000000e+02
4.400000000000000000e+02
4.480000000000000000e+02
4.540000000000000000e+02
4.460000000000000000e+02
4.480000000000000000e+02
4.350000000000000000e+02
4.260000000000000000e+02
4.330000000000000000e+02
4.410000000000000000e+02
4.380000000000000000e+02
4.250000000000000000e+02
4.210000000000000000e+02
4.310000000000000000e+02
4.380000000000000000e+02
4.450000000000000000e+02
4.620000000000000000e+02
4.560000000000000000e+02
4.480000000000000000e+02
4.550000000000000000e+02
4.500000000000000000e+02
4.380000000000000000e+02
4.400000000000000000e+02
4.380000000000000000e+02
4.290000000000000000e+02
4.280000000000000000e+02
4.350000000000000000e+02
4.350000000000000000e+02
4.180000000000000000e+02
4.090000000000000000e+02
4.290000000000000000e+02
4.250000000000000000e+02
4.030000000000000000e+02
3.900000000000000000e+02
3.900000000000000000e+02
3.890000000000000000e+02
3.830000000000000000e+02
3.780000000000000000e+02
3.780000000000000000e+02
3.640000000000000000e+02
3.680000000000000000e+02
3.480000000000000000e+02
3.420000000000000000e+02
3.370000000000000000e+02
3.360000000000000000e+02
3.280000000000000000e+02
3.260000000000000000e+02
3.280000000000000000e+02
3.220000000000000000e+02
3.150000000000000000e+02
3.120000000000000000e+02
3.230000000000000000e+02
3.130000000000000000e+02
3.000000000000000000e+02
3.040000000000000000e+02
2.810000000000000000e+02
2.860000000000000000e+02
2.810000000000000000e+02
2.710000000000000000e+02
2.740000000000000000e+02
2.790000000000000000e+02
2.750000000000000000e+02
2.740000000000000000e+02
2.700000000000000000e+02
2.630000000000000000e+02
2.500000000000000000e+02
2.520000000000000000e+02
2.490000000000000000e+02
2.520000000000000000e+02
2.500000000000000000e+02
2.480000000000000000e+02
2.480000000000000000e+02
2.620000000000000000e+02
2.670000000000000000e+02
2.600000000000000000e+02
2.750000000000000000e+02
2.720000000000000000e+02
2.670000000000000000e+02
2.680000000000000000e+02
2.700000000000000000e+02
2.670000000000000000e+02
2.570000000000000000e+02
2.840000000000000000e+02
2.910000000000000000e+02
2.880000000000000000e+02
2.710000000000000000e+02
2.640000000000000000e+02
2.780000000000000000e+02
2.650000000000000000e+02
2.510000000000000000e+02
2.640000000000000000e+02
