1.180000000000000000e+02
1.140000000000000000e+02
1.150000000000000000e+02
1.110000000000000000e+02
1.180000000000000000e+02
1.240000000000000000e+02
1.290000000000000000e+02
1.520000000000000000e+02
1.620000000000000000e+02
1.800000000000000000e+02
1.990000000000000000e+02
2.210000000000000000e+02
2.480000000000000000e+02
2.730000000000000000e+02
2.960000000000000000e+02
3.240000000000000000e+02
3.540000000000000000e+02
3.810000000000000000e+02
3.830000000000000000e+02
4.250000000000000000e+02
4.380000000000000000e+02
4.590000000000000000e+02
4.780000000000000000e+02
4.830000000000000000e+02
4.830000000000000000e+02
4.790000000000000000e+02
4.680000000000000000e+02
4.790000000000000000e+02
4.700000000000000000e+02
4.780000000000000000e+02
4.660000000000000000e+02
4.710000000000000000e+02
4.720000000000000000e+02
4.620000000000000000e+02
4.680000000000000000e+02
4.690000000000000000e+02
4.670000000000000000e+02
4.730000000000000000e+02
4.640000000000000000e+02
4.800000000000000000e+02
4.810000000000000000e+02
4.740000000000000000e+02
4.630000000000000000e+02
4.510000000000000000e+02
4.380000000000000000e+02
4.400000000000000000e+02
4.440000000000000000e+02
4.380000000000000000e+02
4.500000000000000000e+02
4.430000000000000000e+02
4.500000000000000000e+02
4.540000000000000000e+02
4.490000000000000000e+02
4.460000000000000000e+02
4.250000000000000000e+02
4.310000000000000000e+02
4.280000000000000000e+02
4.210000000000000000e+02
3.960000000000000000e+02
3.730000000000000000e+02
3.750000000000000000e+02
3.820000000000000000e+02
3.790000000000000000e+02
3.930000000000000000e+02
3.770000000000000000e+02
3.590000000000000000e+02
3.560000000000000000e+02
3.380000000000000000e+02
3.280000000000000000e+02
3.240000000000000000e+02
3.120000000000000000e+02
3.350000000000000000e+02
3.260000000000000000e+02
3.170000000000000000e+02
3.410000000000000000e+02
3.210000000000000000e+02
3.110000000000000000e+02
3.030000000000000000e+02
2.880000000000000000e+02
2.820000000000000000e+02
2.920000000000000000e+02
2.920000000000000000e+02
2.950000000000000000e+02
2.870000000000000000e+02
2.860000000000000000e+02
2.760000000000000000e+02
2.730000000000000000e+02
2.790000000000000000e+02
2.830000000000000000e+02
2.620000000000000000e+02
2.620000000000000000e+02
2.630000000000000000e+02
2.600000000000000000e+02
2.590000000000000000e+02
2.660000000000000000e+02
2.740000000000000000e+02
2.860000000000000000e+02
2.910000000000000000e+02
3.110000000000000000e+02
3.090000000000000000e+02
3.120000000000000000e+02
3.150000000000000000e+02
3.140000000000000000e+02
3.200000000000000000e+02
3.140000000000000000e+02
3.130000000000000000e+02
3.200000000000000000e+02
2.990000000000000000e+02
2.960000000000000000e+02
2.960000000000000000e+02
3.040000000000000000e+02
2.990000000000000000e+02
2.960000000000000000e+02
2.730000000000000000e+02
2.780000000000000000e+02
2.870000000000000000e+02
2.690000000000000000e+02
2.740000000000000000e+02
2.710000000000000000e+02
2.700000000000000000e+02
2.700000000000000000e+02
2.610000000000000000e+02
