9.100000000000000000e+01
8.100000000000000000e+01
8.900000000000000000e+01
9.600000000000000000e+01
1.000000000000000000e+02
1.030000000000000000e+02
1.160000000000000000e+02
1.140000000000000000e+02
1.160000000000000000e+02
1.260000000000000000e+02
1.340000000000000000e+02
1.510000000000000000e+02
1.580000000000000000e+02
1.680000000000000000e+02
1.860000000000000000e+02
2.120000000000000000e+02
2.310000000000000000e+02
2.490000000000000000e+02
2.680000000000000000e+02
2.940000000000000000e+02
3.300000000000000000e+02
3.640000000000000000e+02
3.640000000000000000e+02
3.810000000000000000e+02
3.990000000000000000e+02
3.960000000000000000e+02
4.110000000000000000e+02
4.180000000000000000e+02
4.300000000000000000e+02
4.420000000000000000e+02
4.390000000000000000e+02
4.210000000000000000e+02
4.160000000000000000e+02
4.210000000000000000e+02
4.080000000000000000e+02
4.050000000000000000e+02
4.140000000000000000e+02
4.370000000000000000e+02
4.310000000000000000e+02
4.570000000000000000e+02
4.530000000000000000e+02
4.690000000000000000e+02
4.490000000000000000e+02
4.360000000000000000e+02
4.310000000000000000e+02
4.250000000000000000e+02
3.980000000000000000e+02
3.820000000000000000e+02
3.560000000000000000e+02
3.760000000000000000e+02
3.740000000000000000e+02
3.670000000000000000e+02
3.620000000000000000e+02
3.710000000000000000e+02
3.650000000000000000e+02
3.640000000000000000e+02
3.740000000000000000e+02
3.620000000000000000e+02
3.550000000000000000e+02
3.630000000000000000e+02
3.550000000000000000e+02
3.490000000000000000e+02
3.660000000000000000e+02
3.600000000000000000e+02
3.360000000000000000e+02
3.140000000000000000e+02
3.170000000000000000e+02
3.170000000000000000e+02
3.050000000000000000e+02
3.120000000000000000e+02
3.240000000000000000e+02
3.310000000000000000e+02
3.240000000000000000e+02
3.230000000000000000e+02
3.300000000000000000e+02
3.330000000000000000e+02
3.300000000000000000e+02
3.310000000000000000e+02
3.290000000000000000e+02
3.190000000000000000e+02
3.120000000000000000e+02
3.080000000000000000e+02
3.180000000000000000e+02
3.130000000000000000e+02
3.110000000000000000e+02
3.070000000000000000e+02
3.070000000000000000e+02
2.970000000000000000e+02
2.980000000000000000e+02
2.770000000000000000e+02
2.640000000000000000e+02
2.670000000000000000e+02
2.740000000000000000e+02
2.650000000000000000e+02
2.620000000000000000e+02
2.590000000000000000e+02
2.540000000000000000e+02
2.560000000000000000e+02
2.650000000000000000e+02
2.660000000000000000e+02
2.470000000000000000e+02
2.630000000000000000e+02
2.700000000000000000e+02
2.710000000000000000e+02
2.620000000000000000e+02
2.710000000000000000e+02
2.840000000000000000e+02
2.910000000000000000e+02
2.770000000000000000e+02
2.860000000000000000e+02
2.990000000000000000e+02
2.990000000000000000e+02
3.150000000000000000e+02
3.210000000000000000e+02
3.270000000000000000e+02
3.270000000000000000e+02
3.320000000000000000e+02
3.230000000000000000e+02
3.210000000000000000e+02
3.180000000000000000e+02
3.220000000000000000e+02
3.090000000000000000e+02
