9.100000000000000000e+01
8.800000000000000000e+01
8.400000000000000000e+01
8.100000000000000000e+01
8.800000000000000000e+01
8.600000000000000000e+01
8.400000000000000000e+01
8.700000000000000000e+01
8.800000000000000000e+01
8.700000000000000000e+01
8.300000000000000000e+01
8.200000000000000000e+01
8.400000000000000000e+01
8.100000000000000000e+01
8.000000000000000000e+01
7.700000000000000000e+01
7.500000000000000000e+01
6.600000000000000000e+01
6.600000000000000000e+01
6.300000000000000000e+01
5.800000000000000000e+01
5.400000000000000000e+01
5.600000000000000000e+01
5.300000000000000000e+01
5.300000000000000000e+01
4.600000000000000000e+01
4.400000000000000000e+01
4.100000000000000000e+01
4.100000000000000000e+01
4.100000000000000000e+01
3.800000000000000000e+01
3.900000000000000000e+01
4.000000000000000000e+01
4.100000000000000000e+01
3.900000000000000000e+01
3.800000000000000000e+01
4.500000000000000000e+01
4.800000000000000000e+01
4.900000000000000000e+01
5.200000000000000000e+01
5.500000000000000000e+01
5.500000000000000000e+01
5.700000000000000000e+01
6.300000000000000000e+01
7.700000000000000000e+01
8.400000000000000000e+01
8.600000000000000000e+01
9.300000000000000000e+01
1.150000000000000000e+02
1.260000000000000000e+02
1.420000000000000000e+02
1.560000000000000000e+02
1.790000000000000000e+02
2.010000000000000000e+02
2.170000000000000000e+02
2.410000000000000000e+02
2.500000000000000000e+02
2.700000000000000000e+02
2.940000000000000000e+02
3.120000000000000000e+02
3.120000000000000000e+02
3.140000000000000000e+02
3.020000000000000000e+02
3.040000000000000000e+02
3.200000000000000000e+02
3.340000000000000000e+02
3.530000000000000000e+02
3.480000000000000000e+02
3.510000000000000000e+02
3.440000000000000000e+02
3.460000000000000000e+02
3.460000000000000000e+02
3.440000000000000000e+02
3.380000000000000000e+02
3.240000000000000000e+02
3.150000000000000000e+02
2.990000000000000000e+02
3.000000000000000000e+02
2.990000000000000000e+02
2.880000000000000000e+02
2.840000000000000000e+02
2.770000000000000000e+02
2.740000000000000000e+02
2.690000000000000000e+02
2.460000000000000000e+02
2.400000000000000000e+02
2.210000000000000000e+02
2.160000000000000000e+02
2.140000000000000000e+02
2.160000000000000000e+02
2.100000000000000000e+02
1.950000000000000000e+02
1.940000000000000000e+02
1.860000000000000000e+02
1.970000000000000000e+02
1.970000000000000000e+02
2.080000000000000000e+02
2.130000000000000000e+02
2.210000000000000000e+02
2.300000000000000000e+02
2.270000000000000000e+02
2.250000000000000000e+02
2.280000000000000000e+02
2.210000000000000000e+02
2.100000000000000000e+02
2.100000000000000000e+02
2.050000000000000000e+02
2.050000000000000000e+02
1.980000000000000000e+02
1.970000000000000000e+02
1.960000000000000000e+02
1.840000000000000000e+02
1.810000000000000000e+02
1.750000000000000000e+02
1.620000000000000000e+02
1.580000000000000000e+02
1.570000000000000000e+02
1.530000000000000000e+02
1.530000000000000000e+02
1.510000000000000000e+02
1.480000000000000000e+02
