1.250000000000000000e+02
1.200000000000000000e+02
1.200000000000000000e+02
1.270000000000000000e+02
1.340000000000000000e+02
1.420000000000000000e+02
1.430000000000000000e+02
1.360000000000000000e+02
1.340000000000000000e+02
1.350000000000000000e+02
1.370000000000000000e+02
1.370000000000000000e+02
1.380000000000000000e+02
1.330000000000000000e+02
1.350000000000000000e+02
1.230000000000000000e+02
1.120000000000000000e+02
1.110000000000000000e+02
1.080000000000000000e+02
1.060000000000000000e+02
1.040000000000000000e+02
9.000000000000000000e+01
9.200000000000000000e+01
9.100000000000000000e+01
8.500000000000000000e+01
7.700000000000000000e+01
8.100000000000000000e+01
8.400000000000000000e+01
8.500000000000000000e+01
8.100000000000000000e+01
8.600000000000000000e+01
9.400000000000000000e+01
1.010000000000000000e+02
1.060000000000000000e+02
1.130000000000000000e+02
1.160000000000000000e+02
1.120000000000000000e+02
1.170000000000000000e+02
1.320000000000000000e+02
1.390000000000000000e+02
1.450000000000000000e+02
1.540000000000000000e+02
1.750000000000000000e+02
1.830000000000000000e+02
1.870000000000000000e+02
2.060000000000000000e+02
2.330000000000000000e+02
2.400000000000000000e+02
2.500000000000000000e+02
2.660000000000000000e+02
2.800000000000000000e+02
2.870000000000000000e+02
3.070000000000000000e+02
3.080000000000000000e+02
3.230000000000000000e+02
3.080000000000000000e+02
3.070000000000000000e+02
3.000000000000000000e+02
2.880000000000000000e+02
2.990000000000000000e+02
2.880000000000000000e+02
2.730000000000000000e+02
2.680000000000000000e+02
2.590000000000000000e+02
2.610000000000000000e+02
2.510000000000000000e+02
2.420000000000000000e+02
2.430000000000000000e+02
2.400000000000000000e+02
2.200000000000000000e+02
2.200000000000000000e+02
2.200000000000000000e+02
2.160000000000000000e+02
2.240000000000000000e+02
2.140000000000000000e+02
1.900000000000000000e+02
1.880000000000000000e+02
2.010000000000000000e+02
1.960000000000000000e+02
1.960000000000000000e+02
1.880000000000000000e+02
1.860000000000000000e+02
2.010000000000000000e+02
2.150000000000000000e+02
2.270000000000000000e+02
2.160000000000000000e+02
2.260000000000000000e+02
2.300000000000000000e+02
2.340000000000000000e+02
2.360000000000000000e+02
2.330000000000000000e+02
2.340000000000000000e+02
2.320000000000000000e+02
2.270000000000000000e+02
2.140000000000000000e+02
2.160000000000000000e+02
2.030000000000000000e+02
1.890000000000000000e+02
1.890000000000000000e+02
1.940000000000000000e+02
1.990000000000000000e+02
2.010000000000000000e+02
1.880000000000000000e+02
1.830000000000000000e+02
1.880000000000000000e+02
1.870000000000000000e+02
1.750000000000000000e+02
1.710000000000000000e+02
1.710000000000000000e+02
1.650000000000000000e+02
1.690000000000000000e+02
1.750000000000000000e+02
1.770000000000000000e+02
1.740000000000000000e+02
1.860000000000000000e+02
1.860000000000000000e+02
1.870000000000000000e+02
1.880000000000000000e+02
1.940000000000000000e+02
1.850000000000000000e+02
1.850000000000000000e+02
