4.400000000000000000e+01
3.900000000000000000e+01
3.800000000000000000e+01
3.900000000000000000e+01
4.000000000000000000e+01
3.800000000000000000e+01
4.100000000000000000e+01
4.000000000000000000e+01
4.100000000000000000e+01
4.500000000000000000e+01
4.900000000000000000e+01
4.900000000000000000e+01
5.800000000000000000e+01
6.700000000000000000e+01
8.000000000000000000e+01
8.000000000000000000e+01
9.400000000000000000e+01
9.700000000000000000e+01
1.000000000000000000e+02
1.090000000000000000e+02
1.190000000000000000e+02
1.270000000000000000e+02
1.310000000000000000e+02
1.270000000000000000e+02
1.350000000000000000e+02
1.520000000000000000e+02
1.490000000000000000e+02
1.530000000000000000e+02
1.510000000000000000e+02
1.640000000000000000e+02
1.670000000000000000e+02
1.710000000000000000e+02
1.710000000000000000e+02
1.690000000000000000e+02
1.660000000000000000e+02
1.650000000000000000e+02
1.640000000000000000e+02
1.620000000000000000e+02
1.710000000000000000e+02
1.720000000000000000e+02
1.660000000000000000e+02
1.570000000000000000e+02
1.580000000000000000e+02
1.540000000000000000e+02
1.470000000000000000e+02
1.420000000000000000e+02
1.380000000000000000e+02
1.390000000000000000e+02
1.450000000000000000e+02
1.480000000000000000e+02
1.560000000000000000e+02
1.570000000000000000e+02
1.650000000000000000e+02
1.610000000000000000e+02
1.610000000000000000e+02
1.570000000000000000e+02
1.590000000000000000e+02
1.500000000000000000e+02
1.450000000000000000e+02
1.520000000000000000e+02
1.400000000000000000e+02
1.380000000000000000e+02
1.370000000000000000e+02
1.330000000000000000e+02
1.310000000000000000e+02
1.200000000000000000e+02
1.160000000000000000e+02
1.130000000000000000e+02
1.120000000000000000e+02
1.130000000000000000e+02
1.090000000000000000e+02
1.050000000000000000e+02
1.050000000000000000e+02
1.090000000000000000e+02
1.050000000000000000e+02
1.070000000000000000e+02
1.050000000000000000e+02
1.060000000000000000e+02
1.000000000000000000e+02
1.000000000000000000e+02
9.400000000000000000e+01
8.800000000000000000e+01
8.200000000000000000e+01
8.000000000000000000e+01
7.700000000000000000e+01
7.500000000000000000e+01
8.100000000000000000e+01
8.100000000000000000e+01
7.600000000000000000e+01
8.200000000000000000e+01
8.400000000000000000e+01
8.100000000000000000e+01
8.100000000000000000e+01
9.000000000000000000e+01
8.900000000000000000e+01
9.500000000000000000e+01
9.300000000000000000e+01
8.800000000000000000e+01
8.900000000000000000e+01
9.300000000000000000e+01
8.700000000000000000e+01
9.000000000000000000e+01
8.500000000000000000e+01
8.800000000000000000e+01
9.200000000000000000e+01
9.000000000000000000e+01
8.400000000000000000e+01
8.000000000000000000e+01
7.500000000000000000e+01
7.400000000000000000e+01
7.200000000000000000e+01
7.200000000000000000e+01
7.200000000000000000e+01
7.700000000000000000e+01
6.700000000000000000e+01
7.700000000000000000e+01
7.400000000000000000e+01
7.600000000000000000e+01
7.400000000000000000e+01
7.400000000000000000e+01
7.000000000000000000e+01
7.000000000000000000e+01
