9.000000000000000000e+01
9.200000000000000000e+01
9.600000000000000000e+01
1.060000000000000000e+02
1.170000000000000000e+02
1.230000000000000000e+02
1.280000000000000000e+02
1.460000000000000000e+02
1.500000000000000000e+02
1.650000000000000000e+02
1.850000000000000000e+02
2.070000000000000000e+02
2.270000000000000000e+02
2.560000000000000000e+02
2.810000000000000000e+02
3.060000000000000000e+02
3.340000000000000000e+02
3.740000000000000000e+02
3.880000000000000000e+02
4.100000000000000000e+02
4.120000000000000000e+02
4.420000000000000000e+02
4.640000000000000000e+02
4.680000000000000000e+02
4.710000000000000000e+02
4.870000000000000000e+02
4.680000000000000000e+02
4.790000000000000000e+02
5.040000000000000000e+02
4.860000000000000000e+02
4.950000000000000000e+02
4.980000000000000000e+02
4.920000000000000000e+02
4.870000000000000000e+02
5.040000000000000000e+02
4.940000000000000000e+02
4.860000000000000000e+02
4.710000000000000000e+02
4.840000000000000000e+02
4.720000000000000000e+02
4.500000000000000000e+02
4.430000000000000000e+02
4.340000000000000000e+02
4.350000000000000000e+02
4.350000000000000000e+02
4.370000000000000000e+02
4.200000000000000000e+02
4.140000000000000000e+02
4.010000000000000000e+02
4.150000000000000000e+02
4.030000000000000000e+02
3.990000000000000000e+02
4.040000000000000000e+02
3.930000000000000000e+02
3.870000000000000000e+02
3.770000000000000000e+02
3.610000000000000000e+02
3.600000000000000000e+02
3.500000000000000000e+02
3.420000000000000000e+02
3.350000000000000000e+02
3.550000000000000000e+02
3.500000000000000000e+02
3.440000000000000000e+02
3.430000000000000000e+02
3.310000000000000000e+02
3.160000000000000000e+02
3.150000000000000000e+02
3.090000000000000000e+02
3.070000000000000000e+02
3.000000000000000000e+02
3.080000000000000000e+02
2.860000000000000000e+02
2.890000000000000000e+02
2.800000000000000000e+02
2.810000000000000000e+02
2.930000000000000000e+02
2.770000000000000000e+02
2.760000000000000000e+02
2.630000000000000000e+02
2.510000000000000000e+02
2.400000000000000000e+02
2.220000000000000000e+02
2.180000000000000000e+02
2.150000000000000000e+02
2.280000000000000000e+02
2.310000000000000000e+02
2.370000000000000000e+02
2.380000000000000000e+02
2.530000000000000000e+02
2.580000000000000000e+02
2.600000000000000000e+02
2.570000000000000000e+02
2.810000000000000000e+02
3.000000000000000000e+02
3.070000000000000000e+02
3.210000000000000000e+02
3.200000000000000000e+02
3.340000000000000000e+02
3.260000000000000000e+02
3.170000000000000000e+02
3.170000000000000000e+02
3.240000000000000000e+02
3.220000000000000000e+02
3.330000000000000000e+02
3.510000000000000000e+02
3.330000000000000000e+02
3.300000000000000000e+02
3.200000000000000000e+02
3.090000000000000000e+02
3.010000000000000000e+02
2.970000000000000000e+02
2.810000000000000000e+02
2.830000000000000000e+02
2.790000000000000000e+02
2.790000000000000000e+02
2.890000000000000000e+02
2.920000000000000000e+02
2.780000000000000000e+02
2.730000000000000000e+02
2.630000000000000000e+02
2.420000000000000000e+02
