3.700000000000000000e+01
3.400000000000000000e+01
3.300000000000000000e+01
3.100000000000000000e+01
3.100000000000000000e+01
2.900000000000000000e+01
2.800000000000000000e+01
2.600000000000000000e+01
2.500000000000000000e+01
2.900000000000000000e+01
3.300000000000000000e+01
2.900000000000000000e+01
3.200000000000000000e+01
4.000000000000000000e+01
4.400000000000000000e+01
4.600000000000000000e+01
4.800000000000000000e+01
5.400000000000000000e+01
6.000000000000000000e+01
7.300000000000000000e+01
7.800000000000000000e+01
9.500000000000000000e+01
1.000000000000000000e+02
1.070000000000000000e+02
1.140000000000000000e+02
1.260000000000000000e+02
1.290000000000000000e+02
1.310000000000000000e+02
1.360000000000000000e+02
1.430000000000000000e+02
1.530000000000000000e+02
1.500000000000000000e+02
1.490000000000000000e+02
1.460000000000000000e+02
1.510000000000000000e+02
1.490000000000000000e+02
1.520000000000000000e+02
1.410000000000000000e+02
1.380000000000000000e+02
1.420000000000000000e+02
1.440000000000000000e+02
1.380000000000000000e+02
1.330000000000000000e+02
1.340000000000000000e+02
1.320000000000000000e+02
1.280000000000000000e+02
1.220000000000000000e+02
1.260000000000000000e+02
1.250000000000000000e+02
1.170000000000000000e+02
1.120000000000000000e+02
1.180000000000000000e+02
1.270000000000000000e+02
1.260000000000000000e+02
1.230000000000000000e+02
1.140000000000000000e+02
1.120000000000000000e+02
1.130000000000000000e+02
1.080000000000000000e+02
1.050000000000000000e+02
1.120000000000000000e+02
1.080000000000000000e+02
1.110000000000000000e+02
1.110000000000000000e+02
1.110000000000000000e+02
1.150000000000000000e+02
1.060000000000000000e+02
1.060000000000000000e+02
9.200000000000000000e+01
9.700000000000000000e+01
9.800000000000000000e+01
9.500000000000000000e+01
9.600000000000000000e+01
9.000000000000000000e+01
8.800000000000000000e+01
8.200000000000000000e+01
8.500000000000000000e+01
8.800000000000000000e+01
8.000000000000000000e+01
8.500000000000000000e+01
8.000000000000000000e+01
8.400000000000000000e+01
8.600000000000000000e+01
8.700000000000000000e+01
8.700000000000000000e+01
9.200000000000000000e+01
8.600000000000000000e+01
8.100000000000000000e+01
8.400000000000000000e+01
7.400000000000000000e+01
7.600000000000000000e+01
7.400000000000000000e+01
7.600000000000000000e+01
7.600000000000000000e+01
8.300000000000000000e+01
8.000000000000000000e+01
8.400000000000000000e+01
8.900000000000000000e+01
8.500000000000000000e+01
9.400000000000000000e+01
1.010000000000000000e+02
1.030000000000000000e+02
1.000000000000000000e+02
9.800000000000000000e+01
9.600000000000000000e+01
9.200000000000000000e+01
8.800000000000000000e+01
8.800000000000000000e+01
9.200000000000000000e+01
8.900000000000000000e+01
8.700000000000000000e+01
8.400000000000000000e+01
8.900000000000000000e+01
9.100000000000000000e+01
9.400000000000000000e+01
9.000000000000000000e+01
8.900000000000000000e+01
7.800000000000000000e+01
7.600000000000000000e+01
7.700000000000000000e+01
8.000000000000000000e+01
7.900000000000000000e+01
