4.800000000000000000e+01
4.600000000000000000e+01
4.100000000000000000e+01
3.800000000000000000e+01
4.300000000000000000e+01
4.400000000000000000e+01
4.100000000000000000e+01
5.000000000000000000e+01
5.000000000000000000e+01
5.100000000000000000e+01
5.400000000000000000e+01
6.100000000000000000e+01
5.500000000000000000e+01
5.600000000000000000e+01
6.000000000000000000e+01
6.400000000000000000e+01
6.700000000000000000e+01
7.500000000000000000e+01
8.600000000000000000e+01
9.200000000000000000e+01
9.300000000000000000e+01
1.130000000000000000e+02
1.210000000000000000e+02
1.250000000000000000e+02
1.340000000000000000e+02
1.330000000000000000e+02
1.310000000000000000e+02
1.420000000000000000e+02
1.470000000000000000e+02
1.510000000000000000e+02
1.480000000000000000e+02
1.440000000000000000e+02
1.530000000000000000e+02
1.540000000000000000e+02
1.500000000000000000e+02
1.520000000000000000e+02
1.530000000000000000e+02
1.500000000000000000e+02
1.570000000000000000e+02
1.490000000000000000e+02
1.480000000000000000e+02
1.570000000000000000e+02
1.570000000000000000e+02
1.570000000000000000e+02
1.520000000000000000e+02
1.460000000000000000e+02
1.380000000000000000e+02
1.370000000000000000e+02
1.300000000000000000e+02
1.310000000000000000e+02
1.340000000000000000e+02
1.340000000000000000e+02
1.400000000000000000e+02
1.430000000000000000e+02
1.330000000000000000e+02
1.420000000000000000e+02
1.360000000000000000e+02
1.380000000000000000e+02
1.300000000000000000e+02
1.320000000000000000e+02
1.270000000000000000e+02
1.240000000000000000e+02
1.260000000000000000e+02
1.220000000000000000e+02
1.210000000000000000e+02
1.220000000000000000e+02
1.200000000000000000e+02
1.140000000000000000e+02
1.130000000000000000e+02
1.140000000000000000e+02
1.090000000000000000e+02
1.050000000000000000e+02
1.050000000000000000e+02
1.010000000000000000e+02
9.500000000000000000e+01
9.500000000000000000e+01
9.100000000000000000e+01
8.100000000000000000e+01
8.100000000000000000e+01
8.500000000000000000e+01
8.600000000000000000e+01
8.200000000000000000e+01
8.500000000000000000e+01
8.600000000000000000e+01
8.300000000000000000e+01
8.600000000000000000e+01
9.200000000000000000e+01
9.500000000000000000e+01
9.400000000000000000e+01
9.100000000000000000e+01
9.000000000000000000e+01
8.700000000000000000e+01
9.300000000000000000e+01
9.200000000000000000e+01
9.100000000000000000e+01
9.100000000000000000e+01
9.300000000000000000e+01
8.600000000000000000e+01
8.400000000000000000e+01
9.200000000000000000e+01
8.700000000000000000e+01
9.000000000000000000e+01
9.400000000000000000e+01
1.020000000000000000e+02
9.100000000000000000e+01
8.500000000000000000e+01
8.600000000000000000e+01
8.400000000000000000e+01
7.600000000000000000e+01
7.500000000000000000e+01
7.200000000000000000e+01
7.800000000000000000e+01
8.000000000000000000e+01
8.500000000000000000e+01
8.400000000000000000e+01
7.700000000000000000e+01
8.000000000000000000e+01
8.100000000000000000e+01
8.000000000000000000e+01
8.000000000000000000e+01
7.700000000000000000e+01
7.400000000000000000e+01
