9.900000000000000000e+01
1.010000000000000000e+02
1.060000000000000000e+02
1.030000000000000000e+02
1.040000000000000000e+02
1.020000000000000000e+02
9.200000000000000000e+01
9.100000000000000000e+01
9.300000000000000000e+01
1.030000000000000000e+02
9.800000000000000000e+01
1.010000000000000000e+02
9.800000000000000000e+01
9.100000000000000000e+01
9.000000000000000000e+01
9.000000000000000000e+01
9.200000000000000000e+01
8.500000000000000000e+01
7.800000000000000000e+01
9.600000000000000000e+01
9.400000000000000000e+01
1.000000000000000000e+02
9.700000000000000000e+01
1.040000000000000000e+02
1.030000000000000000e+02
1.020000000000000000e+02
9.300000000000000000e+01
8.800000000000000000e+01
9.200000000000000000e+01
1.020000000000000000e+02
1.000000000000000000e+02
9.200000000000000000e+01
9.900000000000000000e+01
1.020000000000000000e+02
1.100000000000000000e+02
1.090000000000000000e+02
1.170000000000000000e+02
1.250000000000000000e+02
1.260000000000000000e+02
1.310000000000000000e+02
1.340000000000000000e+02
1.490000000000000000e+02
1.770000000000000000e+02
1.920000000000000000e+02
2.100000000000000000e+02
2.240000000000000000e+02
2.370000000000000000e+02
2.650000000000000000e+02
2.670000000000000000e+02
2.740000000000000000e+02
2.800000000000000000e+02
2.820000000000000000e+02
2.830000000000000000e+02
2.820000000000000000e+02
2.860000000000000000e+02
2.870000000000000000e+02
2.810000000000000000e+02
2.780000000000000000e+02
2.940000000000000000e+02
2.990000000000000000e+02
2.940000000000000000e+02
2.860000000000000000e+02
2.720000000000000000e+02
2.640000000000000000e+02
2.440000000000000000e+02
2.330000000000000000e+02
2.120000000000000000e+02
2.120000000000000000e+02
1.920000000000000000e+02
1.880000000000000000e+02
1.760000000000000000e+02
1.750000000000000000e+02
1.780000000000000000e+02
1.820000000000000000e+02
1.830000000000000000e+02
1.780000000000000000e+02
1.920000000000000000e+02
2.000000000000000000e+02
2.100000000000000000e+02
2.200000000000000000e+02
2.290000000000000000e+02
2.410000000000000000e+02
2.480000000000000000e+02
2.480000000000000000e+02
2.510000000000000000e+02
2.700000000000000000e+02
2.680000000000000000e+02
2.690000000000000000e+02
2.690000000000000000e+02
2.730000000000000000e+02
2.800000000000000000e+02
2.640000000000000000e+02
2.720000000000000000e+02
2.610000000000000000e+02
2.420000000000000000e+02
2.370000000000000000e+02
2.350000000000000000e+02
2.170000000000000000e+02
2.170000000000000000e+02
2.160000000000000000e+02
2.120000000000000000e+02
2.030000000000000000e+02
1.940000000000000000e+02
1.970000000000000000e+02
1.800000000000000000e+02
1.680000000000000000e+02
1.610000000000000000e+02
1.560000000000000000e+02
1.470000000000000000e+02
1.350000000000000000e+02
1.360000000000000000e+02
1.290000000000000000e+02
1.160000000000000000e+02
1.250000000000000000e+02
1.180000000000000000e+02
1.150000000000000000e+02
1.210000000000000000e+02
1.190000000000000000e+02
1.240000000000000000e+02
1.330000000000000000e+02
1.280000000000000000e+02
