1.140000000000000000e+02
1.170000000000000000e+02
1.080000000000000000e+02
1.100000000000000000e+02
1.040000000000000000e+02
1.100000000000000000e+02
1.130000000000000000e+02
1.110000000000000000e+02
1.170000000000000000e+02
1.160000000000000000e+02
1.220000000000000000e+02
1.210000000000000000e+02
1.170000000000000000e+02
1.140000000000000000e+02
1.140000000000000000e+02
1.160000000000000000e+02
1.210000000000000000e+02
1.200000000000000000e+02
1.180000000000000000e+02
1.160000000000000000e+02
1.100000000000000000e+02
1.060000000000000000e+02
1.050000000000000000e+02
1.020000000000000000e+02
9.100000000000000000e+01
8.800000000000000000e+01
8.800000000000000000e+01
9.100000000000000000e+01
9.600000000000000000e+01
9.300000000000000000e+01
9.400000000000000000e+01
9.300000000000000000e+01
9.500000000000000000e+01
1.020000000000000000e+02
1.030000000000000000e+02
9.600000000000000000e+01
1.180000000000000000e+02
1.110000000000000000e+02
1.240000000000000000e+02
1.350000000000000000e+02
1.410000000000000000e+02
1.580000000000000000e+02
1.710000000000000000e+02
1.680000000000000000e+02
1.800000000000000000e+02
1.850000000000000000e+02
1.940000000000000000e+02
2.070000000000000000e+02
2.180000000000000000e+02
2.290000000000000000e+02
2.370000000000000000e+02
2.460000000000000000e+02
2.510000000000000000e+02
2.670000000000000000e+02
2.640000000000000000e+02
2.700000000000000000e+02
2.620000000000000000e+02
2.620000000000000000e+02
2.760000000000000000e+02
2.780000000000000000e+02
2.800000000000000000e+02
2.620000000000000000e+02
2.580000000000000000e+02
2.510000000000000000e+02
2.460000000000000000e+02
2.460000000000000000e+02
2.580000000000000000e+02
2.600000000000000000e+02
2.500000000000000000e+02
2.470000000000000000e+02
2.410000000000000000e+02
2.250000000000000000e+02
2.180000000000000000e+02
2.190000000000000000e+02
2.190000000000000000e+02
2.010000000000000000e+02
1.950000000000000000e+02
1.880000000000000000e+02
1.860000000000000000e+02
1.810000000000000000e+02
1.880000000000000000e+02
1.920000000000000000e+02
1.920000000000000000e+02
1.940000000000000000e+02
1.980000000000000000e+02
2.120000000000000000e+02
2.180000000000000000e+02
2.170000000000000000e+02
2.320000000000000000e+02
2.580000000000000000e+02
2.610000000000000000e+02
2.770000000000000000e+02
2.680000000000000000e+02
2.700000000000000000e+02
2.640000000000000000e+02
2.610000000000000000e+02
2.560000000000000000e+02
2.550000000000000000e+02
2.400000000000000000e+02
2.350000000000000000e+02
2.200000000000000000e+02
2.180000000000000000e+02
2.090000000000000000e+02
1.960000000000000000e+02
1.910000000000000000e+02
1.920000000000000000e+02
1.960000000000000000e+02
1.990000000000000000e+02
1.820000000000000000e+02
1.880000000000000000e+02
1.790000000000000000e+02
1.730000000000000000e+02
1.660000000000000000e+02
1.670000000000000000e+02
1.540000000000000000e+02
1.560000000000000000e+02
1.610000000000000000e+02
1.570000000000000000e+02
1.580000000000000000e+02
1.520000000000000000e+02
1.480000000000000000e+02
