7.100000000000000000e+01
6.500000000000000000e+01
7.100000000000000000e+01
7.100000000000000000e+01
7.300000000000000000e+01
7.000000000000000000e+01
6.900000000000000000e+01
6.700000000000000000e+01
6.700000000000000000e+01
6.300000000000000000e+01
6.400000000000000000e+01
6.300000000000000000e+01
6.300000000000000000e+01
6.000000000000000000e+01
6.200000000000000000e+01
5.700000000000000000e+01
5.000000000000000000e+01
4.400000000000000000e+01
4.300000000000000000e+01
4.400000000000000000e+01
4.200000000000000000e+01
4.200000000000000000e+01
4.300000000000000000e+01
3.700000000000000000e+01
3.300000000000000000e+01
3.200000000000000000e+01
3.500000000000000000e+01
3.600000000000000000e+01
3.800000000000000000e+01
3.500000000000000000e+01
3.200000000000000000e+01
3.100000000000000000e+01
2.900000000000000000e+01
2.900000000000000000e+01
2.500000000000000000e+01
2.500000000000000000e+01
2.400000000000000000e+01
2.800000000000000000e+01
3.200000000000000000e+01
3.400000000000000000e+01
2.900000000000000000e+01
3.000000000000000000e+01
3.200000000000000000e+01
3.100000000000000000e+01
3.000000000000000000e+01
3.800000000000000000e+01
4.500000000000000000e+01
4.500000000000000000e+01
5.600000000000000000e+01
5.900000000000000000e+01
5.600000000000000000e+01
6.500000000000000000e+01
7.600000000000000000e+01
8.100000000000000000e+01
9.200000000000000000e+01
1.040000000000000000e+02
1.250000000000000000e+02
1.450000000000000000e+02
1.700000000000000000e+02
1.920000000000000000e+02
2.140000000000000000e+02
2.350000000000000000e+02
2.640000000000000000e+02
3.100000000000000000e+02
3.200000000000000000e+02
3.300000000000000000e+02
3.370000000000000000e+02
3.410000000000000000e+02
3.580000000000000000e+02
3.650000000000000000e+02
3.820000000000000000e+02
3.940000000000000000e+02
3.860000000000000000e+02
4.000000000000000000e+02
3.960000000000000000e+02
3.700000000000000000e+02
3.640000000000000000e+02
3.790000000000000000e+02
3.720000000000000000e+02
3.520000000000000000e+02
3.430000000000000000e+02
3.380000000000000000e+02
3.180000000000000000e+02
3.280000000000000000e+02
3.090000000000000000e+02
2.920000000000000000e+02
2.940000000000000000e+02
2.870000000000000000e+02
2.720000000000000000e+02
2.670000000000000000e+02
2.510000000000000000e+02
2.350000000000000000e+02
2.220000000000000000e+02
2.190000000000000000e+02
2.190000000000000000e+02
2.160000000000000000e+02
2.040000000000000000e+02
1.960000000000000000e+02
1.840000000000000000e+02
1.940000000000000000e+02
1.930000000000000000e+02
1.910000000000000000e+02
1.890000000000000000e+02
2.040000000000000000e+02
1.980000000000000000e+02
1.950000000000000000e+02
1.850000000000000000e+02
1.860000000000000000e+02
1.800000000000000000e+02
1.780000000000000000e+02
1.850000000000000000e+02
1.850000000000000000e+02
1.830000000000000000e+02
1.840000000000000000e+02
1.970000000000000000e+02
1.980000000000000000e+02
1.910000000000000000e+02
1.890000000000000000e+02
2.050000000000000000e+02
1.950000000000000000e+02
1.870000000000000000e+02
