8.000000000000000000e+01
8.000000000000000000e+01
7.700000000000000000e+01
7.700000000000000000e+01
7.700000000000000000e+01
7.700000000000000000e+01
7.500000000000000000e+01
7.100000000000000000e+01
7.100000000000000000e+01
7.100000000000000000e+01
7.300000000000000000e+01
7.200000000000000000e+01
6.600000000000000000e+01
6.900000000000000000e+01
6.400000000000000000e+01
6.400000000000000000e+01
6.300000000000000000e+01
5.900000000000000000e+01
6.000000000000000000e+01
5.500000000000000000e+01
5.500000000000000000e+01
4.900000000000000000e+01
4.500000000000000000e+01
3.800000000000000000e+01
3.300000000000000000e+01
3.700000000000000000e+01
3.100000000000000000e+01
2.800000000000000000e+01
2.500000000000000000e+01
2.400000000000000000e+01
2.100000000000000000e+01
2.100000000000000000e+01
2.300000000000000000e+01
2.900000000000000000e+01
2.900000000000000000e+01
2.600000000000000000e+01
2.500000000000000000e+01
2.200000000000000000e+01
2.500000000000000000e+01
3.200000000000000000e+01
4.000000000000000000e+01
4.100000000000000000e+01
4.200000000000000000e+01
4.000000000000000000e+01
4.300000000000000000e+01
5.300000000000000000e+01
5.700000000000000000e+01
6.700000000000000000e+01
8.000000000000000000e+01
8.600000000000000000e+01
9.300000000000000000e+01
1.010000000000000000e+02
1.080000000000000000e+02
1.210000000000000000e+02
1.290000000000000000e+02
1.580000000000000000e+02
1.710000000000000000e+02
1.750000000000000000e+02
2.020000000000000000e+02
2.210000000000000000e+02
2.530000000000000000e+02
2.690000000000000000e+02
2.820000000000000000e+02
3.020000000000000000e+02
3.040000000000000000e+02
3.040000000000000000e+02
3.190000000000000000e+02
3.110000000000000000e+02
3.200000000000000000e+02
3.280000000000000000e+02
3.030000000000000000e+02
3.160000000000000000e+02
3.090000000000000000e+02
2.990000000000000000e+02
3.120000000000000000e+02
3.160000000000000000e+02
3.160000000000000000e+02
3.140000000000000000e+02
3.040000000000000000e+02
2.800000000000000000e+02
2.780000000000000000e+02
2.810000000000000000e+02
2.760000000000000000e+02
2.630000000000000000e+02
2.620000000000000000e+02
2.430000000000000000e+02
2.300000000000000000e+02
2.340000000000000000e+02
2.300000000000000000e+02
2.130000000000000000e+02
1.890000000000000000e+02
1.850000000000000000e+02
1.850000000000000000e+02
1.900000000000000000e+02
1.910000000000000000e+02
1.920000000000000000e+02
1.950000000000000000e+02
1.910000000000000000e+02
2.070000000000000000e+02
2.170000000000000000e+02
2.060000000000000000e+02
2.030000000000000000e+02
2.130000000000000000e+02
2.090000000000000000e+02
2.180000000000000000e+02
2.120000000000000000e+02
2.020000000000000000e+02
1.780000000000000000e+02
1.790000000000000000e+02
1.740000000000000000e+02
1.580000000000000000e+02
1.460000000000000000e+02
1.580000000000000000e+02
1.510000000000000000e+02
1.520000000000000000e+02
1.560000000000000000e+02
1.610000000000000000e+02
1.460000000000000000e+02
1.470000000000000000e+02
1.710000000000000000e+02
1.660000000000000000e+02
