7.400000000000000000e+01
7.200000000000000000e+01
6.800000000000000000e+01
7.300000000000000000e+01
7.100000000000000000e+01
6.800000000000000000e+01
6.200000000000000000e+01
5.900000000000000000e+01
6.400000000000000000e+01
6.000000000000000000e+01
6.400000000000000000e+01
6.100000000000000000e+01
5.300000000000000000e+01
5.200000000000000000e+01
4.800000000000000000e+01
4.800000000000000000e+01
3.700000000000000000e+01
3.800000000000000000e+01
3.300000000000000000e+01
3.200000000000000000e+01
2.800000000000000000e+01
2.500000000000000000e+01
2.300000000000000000e+01
2.300000000000000000e+01
2.100000000000000000e+01
2.300000000000000000e+01
1.800000000000000000e+01
2.100000000000000000e+01
1.800000000000000000e+01
1.700000000000000000e+01
1.800000000000000000e+01
1.800000000000000000e+01
1.700000000000000000e+01
2.200000000000000000e+01
2.500000000000000000e+01
3.000000000000000000e+01
3.000000000000000000e+01
3.100000000000000000e+01
3.100000000000000000e+01
3.000000000000000000e+01
3.100000000000000000e+01
3.600000000000000000e+01
3.400000000000000000e+01
3.500000000000000000e+01
3.400000000000000000e+01
3.400000000000000000e+01
4.400000000000000000e+01
4.800000000000000000e+01
4.900000000000000000e+01
5.800000000000000000e+01
6.800000000000000000e+01
7.600000000000000000e+01
8.600000000000000000e+01
9.000000000000000000e+01
9.800000000000000000e+01
9.200000000000000000e+01
1.000000000000000000e+02
1.080000000000000000e+02
1.320000000000000000e+02
1.460000000000000000e+02
1.720000000000000000e+02
1.870000000000000000e+02
1.920000000000000000e+02
2.280000000000000000e+02
2.570000000000000000e+02
2.940000000000000000e+02
3.080000000000000000e+02
3.140000000000000000e+02
3.250000000000000000e+02
3.250000000000000000e+02
3.270000000000000000e+02
3.190000000000000000e+02
3.230000000000000000e+02
3.290000000000000000e+02
3.260000000000000000e+02
3.140000000000000000e+02
3.320000000000000000e+02
3.060000000000000000e+02
2.970000000000000000e+02
3.010000000000000000e+02
2.800000000000000000e+02
2.910000000000000000e+02
2.880000000000000000e+02
2.970000000000000000e+02
2.950000000000000000e+02
2.870000000000000000e+02
2.750000000000000000e+02
2.650000000000000000e+02
2.770000000000000000e+02
2.800000000000000000e+02
2.730000000000000000e+02
2.640000000000000000e+02
2.520000000000000000e+02
2.480000000000000000e+02
2.490000000000000000e+02
2.340000000000000000e+02
2.230000000000000000e+02
2.120000000000000000e+02
2.070000000000000000e+02
2.070000000000000000e+02
1.900000000000000000e+02
1.810000000000000000e+02
1.730000000000000000e+02
1.760000000000000000e+02
1.880000000000000000e+02
1.780000000000000000e+02
1.740000000000000000e+02
1.710000000000000000e+02
1.580000000000000000e+02
1.650000000000000000e+02
1.710000000000000000e+02
1.820000000000000000e+02
1.770000000000000000e+02
1.820000000000000000e+02
1.840000000000000000e+02
1.830000000000000000e+02
1.880000000000000000e+02
1.980000000000000000e+02
1.950000000000000000e+02
2.000000000000000000e+02
1.890000000000000000e+02
