9.900000000000000000e+01
1.010000000000000000e+02
8.500000000000000000e+01
9.400000000000000000e+01
1.010000000000000000e+02
1.000000000000000000e+02
1.090000000000000000e+02
1.260000000000000000e+02
1.450000000000000000e+02
1.590000000000000000e+02
1.880000000000000000e+02
1.920000000000000000e+02
2.110000000000000000e+02
2.280000000000000000e+02
2.600000000000000000e+02
2.730000000000000000e+02
2.970000000000000000e+02
3.490000000000000000e+02
3.680000000000000000e+02
4.080000000000000000e+02
4.200000000000000000e+02
4.200000000000000000e+02
4.260000000000000000e+02
4.180000000000000000e+02
4.360000000000000000e+02
4.510000000000000000e+02
4.520000000000000000e+02
4.790000000000000000e+02
5.020000000000000000e+02
5.060000000000000000e+02
5.230000000000000000e+02
5.290000000000000000e+02
5.510000000000000000e+02
5.520000000000000000e+02
5.430000000000000000e+02
5.320000000000000000e+02
5.210000000000000000e+02
5.220000000000000000e+02
4.930000000000000000e+02
4.890000000000000000e+02
4.830000000000000000e+02
4.690000000000000000e+02
4.730000000000000000e+02
4.730000000000000000e+02
4.630000000000000000e+02
4.470000000000000000e+02
4.360000000000000000e+02
4.160000000000000000e+02
4.130000000000000000e+02
4.030000000000000000e+02
3.870000000000000000e+02
3.870000000000000000e+02
3.960000000000000000e+02
4.080000000000000000e+02
3.950000000000000000e+02
3.980000000000000000e+02
3.910000000000000000e+02
4.020000000000000000e+02
4.080000000000000000e+02
4.040000000000000000e+02
3.920000000000000000e+02
3.800000000000000000e+02
3.630000000000000000e+02
3.570000000000000000e+02
3.500000000000000000e+02
3.520000000000000000e+02
3.570000000000000000e+02
3.540000000000000000e+02
3.610000000000000000e+02
3.460000000000000000e+02
3.190000000000000000e+02
3.140000000000000000e+02
3.060000000000000000e+02
3.040000000000000000e+02
3.190000000000000000e+02
3.120000000000000000e+02
2.960000000000000000e+02
2.980000000000000000e+02
2.920000000000000000e+02
2.930000000000000000e+02
2.860000000000000000e+02
2.780000000000000000e+02
2.780000000000000000e+02
2.740000000000000000e+02
2.760000000000000000e+02
2.730000000000000000e+02
2.650000000000000000e+02
2.730000000000000000e+02
2.790000000000000000e+02
2.710000000000000000e+02
2.740000000000000000e+02
2.790000000000000000e+02
2.830000000000000000e+02
2.630000000000000000e+02
2.620000000000000000e+02
2.710000000000000000e+02
2.880000000000000000e+02
3.030000000000000000e+02
3.120000000000000000e+02
3.270000000000000000e+02
3.430000000000000000e+02
3.400000000000000000e+02
3.570000000000000000e+02
3.690000000000000000e+02
3.650000000000000000e+02
3.630000000000000000e+02
3.400000000000000000e+02
3.330000000000000000e+02
3.380000000000000000e+02
3.320000000000000000e+02
3.390000000000000000e+02
3.540000000000000000e+02
3.390000000000000000e+02
3.430000000000000000e+02
3.360000000000000000e+02
3.430000000000000000e+02
3.230000000000000000e+02
3.160000000000000000e+02
3.060000000000000000e+02
3.070000000000000000e+02
3.210000000000000000e+02
3.230000000000000000e+02
