7.500000000000000000e+01
7.700000000000000000e+01
8.800000000000000000e+01
8.800000000000000000e+01
1.000000000000000000e+02
9.500000000000000000e+01
1.030000000000000000e+02
1.120000000000000000e+02
1.180000000000000000e+02
1.220000000000000000e+02
1.370000000000000000e+02
1.400000000000000000e+02
1.560000000000000000e+02
1.690000000000000000e+02
2.010000000000000000e+02
2.260000000000000000e+02
2.470000000000000000e+02
2.570000000000000000e+02
2.710000000000000000e+02
3.130000000000000000e+02
3.360000000000000000e+02
3.430000000000000000e+02
3.590000000000000000e+02
3.770000000000000000e+02
3.800000000000000000e+02
3.800000000000000000e+02
3.910000000000000000e+02
3.910000000000000000e+02
3.950000000000000000e+02
4.170000000000000000e+02
4.380000000000000000e+02
4.550000000000000000e+02
4.510000000000000000e+02
4.540000000000000000e+02
4.560000000000000000e+02
4.520000000000000000e+02
4.540000000000000000e+02
4.420000000000000000e+02
4.610000000000000000e+02
4.710000000000000000e+02
4.350000000000000000e+02
4.120000000000000000e+02
4.080000000000000000e+02
4.060000000000000000e+02
4.170000000000000000e+02
4.150000000000000000e+02
4.040000000000000000e+02
4.140000000000000000e+02
4.310000000000000000e+02
4.290000000000000000e+02
4.190000000000000000e+02
4.100000000000000000e+02
4.060000000000000000e+02
3.990000000000000000e+02
3.990000000000000000e+02
3.940000000000000000e+02
4.050000000000000000e+02
4.020000000000000000e+02
4.080000000000000000e+02
3.840000000000000000e+02
3.780000000000000000e+02
3.780000000000000000e+02
3.760000000000000000e+02
3.600000000000000000e+02
3.630000000000000000e+02
3.720000000000000000e+02
3.520000000000000000e+02
3.530000000000000000e+02
3.470000000000000000e+02
3.320000000000000000e+02
3.210000000000000000e+02
3.040000000000000000e+02
3.060000000000000000e+02
3.040000000000000000e+02
2.970000000000000000e+02
2.920000000000000000e+02
2.830000000000000000e+02
2.770000000000000000e+02
2.700000000000000000e+02
2.790000000000000000e+02
2.660000000000000000e+02
2.680000000000000000e+02
2.720000000000000000e+02
2.600000000000000000e+02
2.570000000000000000e+02
2.570000000000000000e+02
2.620000000000000000e+02
2.620000000000000000e+02
2.510000000000000000e+02
2.530000000000000000e+02
2.480000000000000000e+02
2.470000000000000000e+02
2.310000000000000000e+02
2.260000000000000000e+02
2.370000000000000000e+02
2.450000000000000000e+02
2.410000000000000000e+02
2.670000000000000000e+02
2.810000000000000000e+02
2.920000000000000000e+02
3.100000000000000000e+02
3.200000000000000000e+02
3.370000000000000000e+02
3.440000000000000000e+02
3.360000000000000000e+02
3.330000000000000000e+02
3.380000000000000000e+02
3.340000000000000000e+02
3.450000000000000000e+02
3.420000000000000000e+02
3.290000000000000000e+02
3.330000000000000000e+02
3.330000000000000000e+02
3.330000000000000000e+02
3.280000000000000000e+02
3.200000000000000000e+02
3.270000000000000000e+02
3.380000000000000000e+02
3.310000000000000000e+02
3.310000000000000000e+02
3.280000000000000000e+02
3.120000000000000000e+02
