2.600000000000000000e+01
3.500000000000000000e+01
3.400000000000000000e+01
3.600000000000000000e+01
3.500000000000000000e+01
3.100000000000000000e+01
3.600000000000000000e+01
3.600000000000000000e+01
4.000000000000000000e+01
4.000000000000000000e+01
4.100000000000000000e+01
4.600000000000000000e+01
4.500000000000000000e+01
4.800000000000000000e+01
4.900000000000000000e+01
5.100000000000000000e+01
5.800000000000000000e+01
6.400000000000000000e+01
7.100000000000000000e+01
8.700000000000000000e+01
1.010000000000000000e+02
1.190000000000000000e+02
1.130000000000000000e+02
1.110000000000000000e+02
1.270000000000000000e+02
1.340000000000000000e+02
1.430000000000000000e+02
1.470000000000000000e+02
1.580000000000000000e+02
1.570000000000000000e+02
1.610000000000000000e+02
1.610000000000000000e+02
1.560000000000000000e+02
1.600000000000000000e+02
1.590000000000000000e+02
1.530000000000000000e+02
1.550000000000000000e+02
1.610000000000000000e+02
1.600000000000000000e+02
1.570000000000000000e+02
1.650000000000000000e+02
1.730000000000000000e+02
1.690000000000000000e+02
1.720000000000000000e+02
1.720000000000000000e+02
1.680000000000000000e+02
1.740000000000000000e+02
1.740000000000000000e+02
1.760000000000000000e+02
1.800000000000000000e+02
1.690000000000000000e+02
1.560000000000000000e+02
1.430000000000000000e+02
1.300000000000000000e+02
1.220000000000000000e+02
1.270000000000000000e+02
1.160000000000000000e+02
1.130000000000000000e+02
1.200000000000000000e+02
1.220000000000000000e+02
1.230000000000000000e+02
1.260000000000000000e+02
1.340000000000000000e+02
1.370000000000000000e+02
1.420000000000000000e+02
1.430000000000000000e+02
1.470000000000000000e+02
1.370000000000000000e+02
1.420000000000000000e+02
1.420000000000000000e+02
1.380000000000000000e+02
1.320000000000000000e+02
1.270000000000000000e+02
1.230000000000000000e+02
1.240000000000000000e+02
1.300000000000000000e+02
1.290000000000000000e+02
1.280000000000000000e+02
1.290000000000000000e+02
1.200000000000000000e+02
1.140000000000000000e+02
1.190000000000000000e+02
1.220000000000000000e+02
1.210000000000000000e+02
1.190000000000000000e+02
1.090000000000000000e+02
1.080000000000000000e+02
1.110000000000000000e+02
1.090000000000000000e+02
1.090000000000000000e+02
9.800000000000000000e+01
9.300000000000000000e+01
9.100000000000000000e+01
9.100000000000000000e+01
9.700000000000000000e+01
9.300000000000000000e+01
8.600000000000000000e+01
8.700000000000000000e+01
8.800000000000000000e+01
9.200000000000000000e+01
8.600000000000000000e+01
8.800000000000000000e+01
8.500000000000000000e+01
9.200000000000000000e+01
9.000000000000000000e+01
9.100000000000000000e+01
9.400000000000000000e+01
8.900000000000000000e+01
8.500000000000000000e+01
8.800000000000000000e+01
8.800000000000000000e+01
8.400000000000000000e+01
8.900000000000000000e+01
9.000000000000000000e+01
9.200000000000000000e+01
9.000000000000000000e+01
9.100000000000000000e+01
8.900000000000000000e+01
8.800000000000000000e+01
7.800000000000000000e+01
7.500000000000000000e+01
7.900000000000000000e+01
