8.600000000000000000e+01
8.400000000000000000e+01
8.400000000000000000e+01
8.800000000000000000e+01
9.100000000000000000e+01
9.600000000000000000e+01
1.000000000000000000e+02
1.100000000000000000e+02
1.070000000000000000e+02
1.170000000000000000e+02
1.360000000000000000e+02
1.340000000000000000e+02
1.290000000000000000e+02
1.530000000000000000e+02
1.730000000000000000e+02
1.990000000000000000e+02
2.330000000000000000e+02
2.610000000000000000e+02
3.030000000000000000e+02
3.250000000000000000e+02
3.620000000000000000e+02
3.880000000000000000e+02
4.070000000000000000e+02
4.260000000000000000e+02
4.560000000000000000e+02
4.480000000000000000e+02
4.600000000000000000e+02
4.860000000000000000e+02
4.930000000000000000e+02
4.710000000000000000e+02
4.820000000000000000e+02
5.100000000000000000e+02
5.250000000000000000e+02
5.320000000000000000e+02
5.260000000000000000e+02
5.100000000000000000e+02
5.130000000000000000e+02
5.250000000000000000e+02
4.960000000000000000e+02
4.830000000000000000e+02
4.740000000000000000e+02
4.590000000000000000e+02
4.570000000000000000e+02
4.540000000000000000e+02
4.570000000000000000e+02
4.830000000000000000e+02
4.840000000000000000e+02
4.790000000000000000e+02
4.680000000000000000e+02
4.520000000000000000e+02
4.550000000000000000e+02
4.410000000000000000e+02
4.240000000000000000e+02
4.190000000000000000e+02
4.310000000000000000e+02
4.410000000000000000e+02
4.550000000000000000e+02
4.430000000000000000e+02
4.150000000000000000e+02
4.050000000000000000e+02
3.860000000000000000e+02
3.850000000000000000e+02
3.720000000000000000e+02
3.650000000000000000e+02
3.740000000000000000e+02
3.670000000000000000e+02
3.480000000000000000e+02
3.390000000000000000e+02
3.390000000000000000e+02
3.330000000000000000e+02
3.120000000000000000e+02
2.940000000000000000e+02
2.990000000000000000e+02
2.910000000000000000e+02
2.810000000000000000e+02
2.730000000000000000e+02
2.630000000000000000e+02
2.570000000000000000e+02
2.640000000000000000e+02
2.590000000000000000e+02
2.650000000000000000e+02
2.580000000000000000e+02
2.510000000000000000e+02
2.530000000000000000e+02
2.510000000000000000e+02
2.450000000000000000e+02
2.280000000000000000e+02
2.260000000000000000e+02
2.250000000000000000e+02
2.260000000000000000e+02
2.430000000000000000e+02
2.400000000000000000e+02
2.610000000000000000e+02
2.820000000000000000e+02
2.940000000000000000e+02
3.070000000000000000e+02
2.970000000000000000e+02
3.070000000000000000e+02
3.310000000000000000e+02
3.420000000000000000e+02
3.400000000000000000e+02
3.430000000000000000e+02
3.600000000000000000e+02
3.700000000000000000e+02
3.680000000000000000e+02
3.710000000000000000e+02
3.550000000000000000e+02
3.490000000000000000e+02
3.320000000000000000e+02
3.320000000000000000e+02
3.260000000000000000e+02
3.310000000000000000e+02
3.330000000000000000e+02
3.240000000000000000e+02
3.080000000000000000e+02
2.860000000000000000e+02
2.820000000000000000e+02
2.650000000000000000e+02
2.650000000000000000e+02
2.580000000000000000e+02
2.550000000000000000e+02
2.650000000000000000e+02
