7.500000000000000000e+01
8.200000000000000000e+01
7.800000000000000000e+01
8.200000000000000000e+01
8.200000000000000000e+01
7.500000000000000000e+01
7.600000000000000000e+01
6.900000000000000000e+01
6.200000000000000000e+01
5.600000000000000000e+01
5.800000000000000000e+01
5.100000000000000000e+01
6.100000000000000000e+01
6.100000000000000000e+01
6.400000000000000000e+01
5.800000000000000000e+01
5.800000000000000000e+01
6.400000000000000000e+01
5.900000000000000000e+01
5.900000000000000000e+01
5.600000000000000000e+01
5.300000000000000000e+01
4.800000000000000000e+01
4.100000000000000000e+01
4.400000000000000000e+01
4.100000000000000000e+01
4.700000000000000000e+01
4.500000000000000000e+01
4.600000000000000000e+01
4.800000000000000000e+01
4.800000000000000000e+01
5.000000000000000000e+01
4.400000000000000000e+01
4.500000000000000000e+01
4.100000000000000000e+01
4.000000000000000000e+01
4.400000000000000000e+01
4.900000000000000000e+01
4.700000000000000000e+01
5.000000000000000000e+01
5.100000000000000000e+01
5.700000000000000000e+01
5.600000000000000000e+01
5.400000000000000000e+01
6.200000000000000000e+01
6.700000000000000000e+01
7.800000000000000000e+01
9.900000000000000000e+01
1.040000000000000000e+02
1.010000000000000000e+02
1.130000000000000000e+02
1.320000000000000000e+02
1.440000000000000000e+02
1.560000000000000000e+02
1.710000000000000000e+02
1.930000000000000000e+02
2.060000000000000000e+02
2.410000000000000000e+02
2.650000000000000000e+02
3.000000000000000000e+02
3.020000000000000000e+02
3.300000000000000000e+02
3.270000000000000000e+02
3.560000000000000000e+02
3.720000000000000000e+02
3.780000000000000000e+02
3.710000000000000000e+02
3.760000000000000000e+02
3.750000000000000000e+02
3.710000000000000000e+02
3.710000000000000000e+02
3.630000000000000000e+02
3.650000000000000000e+02
3.340000000000000000e+02
3.270000000000000000e+02
3.140000000000000000e+02
3.160000000000000000e+02
3.130000000000000000e+02
3.000000000000000000e+02
2.890000000000000000e+02
2.840000000000000000e+02
2.730000000000000000e+02
2.690000000000000000e+02
2.570000000000000000e+02
2.530000000000000000e+02
2.390000000000000000e+02
2.350000000000000000e+02
2.200000000000000000e+02
2.170000000000000000e+02
2.080000000000000000e+02
2.120000000000000000e+02
2.170000000000000000e+02
2.120000000000000000e+02
2.000000000000000000e+02
1.960000000000000000e+02
2.010000000000000000e+02
2.010000000000000000e+02
2.080000000000000000e+02
2.050000000000000000e+02
2.030000000000000000e+02
1.960000000000000000e+02
1.990000000000000000e+02
2.060000000000000000e+02
2.040000000000000000e+02
2.040000000000000000e+02
1.990000000000000000e+02
1.830000000000000000e+02
1.710000000000000000e+02
1.620000000000000000e+02
1.500000000000000000e+02
1.420000000000000000e+02
1.410000000000000000e+02
1.390000000000000000e+02
1.380000000000000000e+02
1.450000000000000000e+02
1.490000000000000000e+02
1.420000000000000000e+02
1.430000000000000000e+02
1.340000000000000000e+02
1.380000000000000000e+02
1.340000000000000000e+02
