3.500000000000000000e+01
3.800000000000000000e+01
3.700000000000000000e+01
3.700000000000000000e+01
3.200000000000000000e+01
3.500000000000000000e+01
3.400000000000000000e+01
3.100000000000000000e+01
3.100000000000000000e+01
3.000000000000000000e+01
3.400000000000000000e+01
3.900000000000000000e+01
3.900000000000000000e+01
4.400000000000000000e+01
4.100000000000000000e+01
3.500000000000000000e+01
3.400000000000000000e+01
3.100000000000000000e+01
3.500000000000000000e+01
3.300000000000000000e+01
3.100000000000000000e+01
2.400000000000000000e+01
2.200000000000000000e+01
1.900000000000000000e+01
2.000000000000000000e+01
2.100000000000000000e+01
2.100000000000000000e+01
2.200000000000000000e+01
2.100000000000000000e+01
2.200000000000000000e+01
1.900000000000000000e+01
1.900000000000000000e+01
2.000000000000000000e+01
2.000000000000000000e+01
2.000000000000000000e+01
2.000000000000000000e+01
2.100000000000000000e+01
2.200000000000000000e+01
2.700000000000000000e+01
3.200000000000000000e+01
3.600000000000000000e+01
3.400000000000000000e+01
3.700000000000000000e+01
3.700000000000000000e+01
4.100000000000000000e+01
4.000000000000000000e+01
4.300000000000000000e+01
4.800000000000000000e+01
5.200000000000000000e+01
5.400000000000000000e+01
6.200000000000000000e+01
6.700000000000000000e+01
7.900000000000000000e+01
9.700000000000000000e+01
1.010000000000000000e+02
9.800000000000000000e+01
1.080000000000000000e+02
1.140000000000000000e+02
1.160000000000000000e+02
1.420000000000000000e+02
1.580000000000000000e+02
1.730000000000000000e+02
2.140000000000000000e+02
2.220000000000000000e+02
2.440000000000000000e+02
2.550000000000000000e+02
2.810000000000000000e+02
2.920000000000000000e+02
3.200000000000000000e+02
3.340000000000000000e+02
3.570000000000000000e+02
3.460000000000000000e+02
3.650000000000000000e+02
3.500000000000000000e+02
3.460000000000000000e+02
3.490000000000000000e+02
3.600000000000000000e+02
3.480000000000000000e+02
3.540000000000000000e+02
3.510000000000000000e+02
3.310000000000000000e+02
3.350000000000000000e+02
3.210000000000000000e+02
3.240000000000000000e+02
3.160000000000000000e+02
2.950000000000000000e+02
2.760000000000000000e+02
2.720000000000000000e+02
2.670000000000000000e+02
2.700000000000000000e+02
2.620000000000000000e+02
2.550000000000000000e+02
2.500000000000000000e+02
2.470000000000000000e+02
2.360000000000000000e+02
2.190000000000000000e+02
2.040000000000000000e+02
1.970000000000000000e+02
1.960000000000000000e+02
1.790000000000000000e+02
1.770000000000000000e+02
1.700000000000000000e+02
1.720000000000000000e+02
1.600000000000000000e+02
1.660000000000000000e+02
1.670000000000000000e+02
1.710000000000000000e+02
1.790000000000000000e+02
1.790000000000000000e+02
1.920000000000000000e+02
2.030000000000000000e+02
2.090000000000000000e+02
2.270000000000000000e+02
2.360000000000000000e+02
2.450000000000000000e+02
2.220000000000000000e+02
1.980000000000000000e+02
1.920000000000000000e+02
1.800000000000000000e+02
1.690000000000000000e+02
1.570000000000000000e+02
