7.600000000000000000e+01
7.000000000000000000e+01
7.200000000000000000e+01
7.100000000000000000e+01
6.800000000000000000e+01
7.100000000000000000e+01
7.700000000000000000e+01
8.600000000000000000e+01
9.700000000000000000e+01
9.800000000000000000e+01
1.080000000000000000e+02
1.240000000000000000e+02
1.210000000000000000e+02
1.310000000000000000e+02
1.380000000000000000e+02
1.400000000000000000e+02
1.630000000000000000e+02
1.770000000000000000e+02
1.780000000000000000e+02
2.030000000000000000e+02
2.250000000000000000e+02
2.410000000000000000e+02
2.640000000000000000e+02
2.790000000000000000e+02
3.240000000000000000e+02
3.370000000000000000e+02
3.610000000000000000e+02
3.720000000000000000e+02
3.770000000000000000e+02
4.070000000000000000e+02
4.360000000000000000e+02
4.530000000000000000e+02
4.450000000000000000e+02
4.380000000000000000e+02
4.450000000000000000e+02
4.500000000000000000e+02
4.370000000000000000e+02
4.330000000000000000e+02
4.230000000000000000e+02
4.310000000000000000e+02
4.370000000000000000e+02
4.430000000000000000e+02
4.410000000000000000e+02
4.410000000000000000e+02
4.510000000000000000e+02
4.580000000000000000e+02
4.620000000000000000e+02
4.610000000000000000e+02
4.570000000000000000e+02
4.410000000000000000e+02
4.390000000000000000e+02
4.320000000000000000e+02
4.290000000000000000e+02
4.260000000000000000e+02
4.100000000000000000e+02
4.100000000000000000e+02
4.010000000000000000e+02
3.870000000000000000e+02
3.980000000000000000e+02
3.760000000000000000e+02
3.620000000000000000e+02
3.600000000000000000e+02
3.670000000000000000e+02
3.620000000000000000e+02
3.580000000000000000e+02
3.600000000000000000e+02
3.600000000000000000e+02
3.530000000000000000e+02
3.730000000000000000e+02
3.500000000000000000e+02
3.380000000000000000e+02
3.370000000000000000e+02
3.280000000000000000e+02
3.250000000000000000e+02
3.260000000000000000e+02
3.260000000000000000e+02
3.260000000000000000e+02
3.080000000000000000e+02
2.980000000000000000e+02
2.850000000000000000e+02
2.910000000000000000e+02
2.820000000000000000e+02
2.810000000000000000e+02
2.750000000000000000e+02
2.580000000000000000e+02
2.520000000000000000e+02
2.380000000000000000e+02
2.520000000000000000e+02
2.440000000000000000e+02
2.600000000000000000e+02
2.720000000000000000e+02
2.750000000000000000e+02
2.820000000000000000e+02
2.880000000000000000e+02
3.080000000000000000e+02
3.210000000000000000e+02
3.390000000000000000e+02
3.380000000000000000e+02
3.420000000000000000e+02
3.340000000000000000e+02
3.330000000000000000e+02
3.550000000000000000e+02
3.510000000000000000e+02
3.340000000000000000e+02
3.290000000000000000e+02
3.170000000000000000e+02
3.040000000000000000e+02
3.000000000000000000e+02
2.870000000000000000e+02
2.830000000000000000e+02
2.770000000000000000e+02
2.710000000000000000e+02
2.700000000000000000e+02
2.850000000000000000e+02
2.840000000000000000e+02
2.700000000000000000e+02
2.730000000000000000e+02
2.610000000000000000e+02
2.500000000000000000e+02
2.530000000000000000e+02
2.480000000000000000e+02
2.350000000000000000e+02
