6.400000000000000000e+01
5.700000000000000000e+01
5.800000000000000000e+01
5.700000000000000000e+01
6.000000000000000000e+01
6.300000000000000000e+01
5.500000000000000000e+01
5.700000000000000000e+01
6.600000000000000000e+01
6.400000000000000000e+01
5.200000000000000000e+01
5.100000000000000000e+01
5.200000000000000000e+01
5.000000000000000000e+01
5.000000000000000000e+01
4.500000000000000000e+01
4.000000000000000000e+01
4.400000000000000000e+01
4.000000000000000000e+01
4.100000000000000000e+01
3.500000000000000000e+01
3.200000000000000000e+01
3.600000000000000000e+01
3.000000000000000000e+01
2.900000000000000000e+01
2.500000000000000000e+01
2.400000000000000000e+01
2.300000000000000000e+01
2.400000000000000000e+01
2.300000000000000000e+01
2.600000000000000000e+01
2.700000000000000000e+01
2.600000000000000000e+01
2.500000000000000000e+01
2.100000000000000000e+01
2.900000000000000000e+01
2.800000000000000000e+01
2.600000000000000000e+01
3.200000000000000000e+01
3.700000000000000000e+01
4.700000000000000000e+01
4.900000000000000000e+01
5.100000000000000000e+01
5.500000000000000000e+01
5.600000000000000000e+01
6.300000000000000000e+01
6.300000000000000000e+01
6.300000000000000000e+01
6.300000000000000000e+01
8.200000000000000000e+01
8.700000000000000000e+01
1.010000000000000000e+02
1.130000000000000000e+02
1.250000000000000000e+02
1.400000000000000000e+02
1.650000000000000000e+02
1.690000000000000000e+02
1.820000000000000000e+02
2.070000000000000000e+02
2.370000000000000000e+02
2.750000000000000000e+02
2.990000000000000000e+02
3.110000000000000000e+02
3.240000000000000000e+02
3.520000000000000000e+02
3.730000000000000000e+02
3.870000000000000000e+02
4.030000000000000000e+02
4.140000000000000000e+02
4.160000000000000000e+02
4.120000000000000000e+02
3.870000000000000000e+02
3.770000000000000000e+02
3.770000000000000000e+02
3.740000000000000000e+02
3.690000000000000000e+02
3.630000000000000000e+02
3.520000000000000000e+02
3.480000000000000000e+02
3.230000000000000000e+02
3.090000000000000000e+02
2.920000000000000000e+02
2.910000000000000000e+02
2.820000000000000000e+02
2.790000000000000000e+02
2.560000000000000000e+02
2.540000000000000000e+02
2.370000000000000000e+02
2.400000000000000000e+02
2.390000000000000000e+02
2.170000000000000000e+02
2.170000000000000000e+02
2.100000000000000000e+02
1.960000000000000000e+02
1.950000000000000000e+02
1.930000000000000000e+02
1.880000000000000000e+02
1.790000000000000000e+02
1.880000000000000000e+02
1.900000000000000000e+02
1.940000000000000000e+02
1.960000000000000000e+02
1.990000000000000000e+02
2.090000000000000000e+02
2.160000000000000000e+02
2.340000000000000000e+02
2.360000000000000000e+02
2.470000000000000000e+02
2.510000000000000000e+02
2.480000000000000000e+02
2.440000000000000000e+02
2.340000000000000000e+02
2.160000000000000000e+02
2.130000000000000000e+02
2.100000000000000000e+02
1.950000000000000000e+02
1.940000000000000000e+02
1.870000000000000000e+02
1.760000000000000000e+02
1.680000000000000000e+02
1.490000000000000000e+02
