6.400000000000000000e+01
7.000000000000000000e+01
7.000000000000000000e+01
7.300000000000000000e+01
7.300000000000000000e+01
7.500000000000000000e+01
7.400000000000000000e+01
6.700000000000000000e+01
6.500000000000000000e+01
6.300000000000000000e+01
6.200000000000000000e+01
5.800000000000000000e+01
5.900000000000000000e+01
5.600000000000000000e+01
5.500000000000000000e+01
5.200000000000000000e+01
5.200000000000000000e+01
5.300000000000000000e+01
4.800000000000000000e+01
4.700000000000000000e+01
4.500000000000000000e+01
3.900000000000000000e+01
4.100000000000000000e+01
4.100000000000000000e+01
3.900000000000000000e+01
3.200000000000000000e+01
3.300000000000000000e+01
3.700000000000000000e+01
3.400000000000000000e+01
3.300000000000000000e+01
3.500000000000000000e+01
3.400000000000000000e+01
3.400000000000000000e+01
2.900000000000000000e+01
2.700000000000000000e+01
2.200000000000000000e+01
2.700000000000000000e+01
3.100000000000000000e+01
3.600000000000000000e+01
4.000000000000000000e+01
4.500000000000000000e+01
4.400000000000000000e+01
5.200000000000000000e+01
5.100000000000000000e+01
5.600000000000000000e+01
6.200000000000000000e+01
7.100000000000000000e+01
7.700000000000000000e+01
7.300000000000000000e+01
8.400000000000000000e+01
7.900000000000000000e+01
8.100000000000000000e+01
1.030000000000000000e+02
1.270000000000000000e+02
1.400000000000000000e+02
1.290000000000000000e+02
1.320000000000000000e+02
1.500000000000000000e+02
1.690000000000000000e+02
1.820000000000000000e+02
1.900000000000000000e+02
2.100000000000000000e+02
2.240000000000000000e+02
2.490000000000000000e+02
2.600000000000000000e+02
2.700000000000000000e+02
2.800000000000000000e+02
3.010000000000000000e+02
2.970000000000000000e+02
3.080000000000000000e+02
3.060000000000000000e+02
3.130000000000000000e+02
3.140000000000000000e+02
2.960000000000000000e+02
3.220000000000000000e+02
3.190000000000000000e+02
3.070000000000000000e+02
3.000000000000000000e+02
2.900000000000000000e+02
2.710000000000000000e+02
2.680000000000000000e+02
2.830000000000000000e+02
2.800000000000000000e+02
2.640000000000000000e+02
2.450000000000000000e+02
2.460000000000000000e+02
2.390000000000000000e+02
2.460000000000000000e+02
2.400000000000000000e+02
2.390000000000000000e+02
2.330000000000000000e+02
2.330000000000000000e+02
2.220000000000000000e+02
2.120000000000000000e+02
2.110000000000000000e+02
1.860000000000000000e+02
1.730000000000000000e+02
1.600000000000000000e+02
1.640000000000000000e+02
1.690000000000000000e+02
1.610000000000000000e+02
1.630000000000000000e+02
1.620000000000000000e+02
1.650000000000000000e+02
1.710000000000000000e+02
1.740000000000000000e+02
1.880000000000000000e+02
1.760000000000000000e+02
1.900000000000000000e+02
2.180000000000000000e+02
2.090000000000000000e+02
2.180000000000000000e+02
2.110000000000000000e+02
2.160000000000000000e+02
2.190000000000000000e+02
2.060000000000000000e+02
2.130000000000000000e+02
2.070000000000000000e+02
2.030000000000000000e+02
1.980000000000000000e+02
1.980000000000000000e+02
