3.300000000000000000e+01
3.200000000000000000e+01
2.900000000000000000e+01
3.000000000000000000e+01
3.400000000000000000e+01
3.200000000000000000e+01
3.500000000000000000e+01
3.400000000000000000e+01
3.700000000000000000e+01
3.400000000000000000e+01
3.600000000000000000e+01
3.600000000000000000e+01
3.800000000000000000e+01
4.700000000000000000e+01
5.400000000000000000e+01
6.000000000000000000e+01
6.500000000000000000e+01
8.300000000000000000e+01
9.400000000000000000e+01
1.020000000000000000e+02
1.100000000000000000e+02
1.240000000000000000e+02
1.320000000000000000e+02
1.510000000000000000e+02
1.510000000000000000e+02
1.570000000000000000e+02
1.620000000000000000e+02
1.700000000000000000e+02
1.770000000000000000e+02
1.770000000000000000e+02
1.680000000000000000e+02
1.720000000000000000e+02
1.780000000000000000e+02
1.780000000000000000e+02
1.770000000000000000e+02
1.840000000000000000e+02
1.820000000000000000e+02
1.770000000000000000e+02
1.790000000000000000e+02
1.810000000000000000e+02
1.750000000000000000e+02
1.750000000000000000e+02
1.740000000000000000e+02
1.720000000000000000e+02
1.710000000000000000e+02
1.630000000000000000e+02
1.550000000000000000e+02
1.540000000000000000e+02
1.480000000000000000e+02
1.440000000000000000e+02
1.430000000000000000e+02
1.310000000000000000e+02
1.440000000000000000e+02
1.360000000000000000e+02
1.330000000000000000e+02
1.290000000000000000e+02
1.270000000000000000e+02
1.290000000000000000e+02
1.200000000000000000e+02
1.200000000000000000e+02
1.060000000000000000e+02
9.800000000000000000e+01
1.010000000000000000e+02
1.000000000000000000e+02
9.900000000000000000e+01
1.020000000000000000e+02
1.030000000000000000e+02
1.060000000000000000e+02
1.070000000000000000e+02
1.090000000000000000e+02
9.900000000000000000e+01
9.600000000000000000e+01
9.300000000000000000e+01
9.400000000000000000e+01
8.700000000000000000e+01
8.900000000000000000e+01
9.100000000000000000e+01
8.900000000000000000e+01
9.000000000000000000e+01
8.300000000000000000e+01
8.300000000000000000e+01
8.200000000000000000e+01
8.700000000000000000e+01
8.000000000000000000e+01
8.200000000000000000e+01
8.400000000000000000e+01
8.600000000000000000e+01
8.700000000000000000e+01
9.200000000000000000e+01
8.700000000000000000e+01
8.700000000000000000e+01
8.600000000000000000e+01
8.700000000000000000e+01
8.600000000000000000e+01
9.000000000000000000e+01
9.600000000000000000e+01
9.000000000000000000e+01
9.100000000000000000e+01
8.800000000000000000e+01
9.500000000000000000e+01
8.900000000000000000e+01
9.100000000000000000e+01
9.700000000000000000e+01
9.800000000000000000e+01
1.020000000000000000e+02
9.700000000000000000e+01
1.000000000000000000e+02
1.030000000000000000e+02
1.010000000000000000e+02
1.050000000000000000e+02
9.800000000000000000e+01
1.050000000000000000e+02
1.010000000000000000e+02
1.030000000000000000e+02
1.070000000000000000e+02
1.090000000000000000e+02
1.130000000000000000e+02
1.120000000000000000e+02
1.130000000000000000e+02
1.040000000000000000e+02
1.000000000000000000e+02
1.000000000000000000e+02
