9.300000000000000000e+01
9.700000000000000000e+01
9.500000000000000000e+01
9.800000000000000000e+01
1.090000000000000000e+02
1.180000000000000000e+02
1.250000000000000000e+02
1.320000000000000000e+02
1.340000000000000000e+02
1.350000000000000000e+02
1.360000000000000000e+02
1.570000000000000000e+02
1.770000000000000000e+02
1.920000000000000000e+02
2.060000000000000000e+02
2.430000000000000000e+02
2.600000000000000000e+02
2.900000000000000000e+02
3.100000000000000000e+02
3.440000000000000000e+02
3.470000000000000000e+02
3.890000000000000000e+02
4.190000000000000000e+02
4.360000000000000000e+02
4.340000000000000000e+02
4.410000000000000000e+02
4.490000000000000000e+02
4.470000000000000000e+02
4.540000000000000000e+02
4.390000000000000000e+02
4.510000000000000000e+02
4.520000000000000000e+02
4.560000000000000000e+02
4.580000000000000000e+02
4.600000000000000000e+02
4.710000000000000000e+02
4.720000000000000000e+02
4.800000000000000000e+02
4.770000000000000000e+02
4.890000000000000000e+02
4.890000000000000000e+02
4.890000000000000000e+02
5.010000000000000000e+02
4.970000000000000000e+02
4.950000000000000000e+02
4.990000000000000000e+02
4.790000000000000000e+02
4.600000000000000000e+02
4.460000000000000000e+02
4.290000000000000000e+02
4.480000000000000000e+02
4.330000000000000000e+02
4.290000000000000000e+02
4.450000000000000000e+02
4.270000000000000000e+02
4.380000000000000000e+02
4.280000000000000000e+02
4.110000000000000000e+02
4.310000000000000000e+02
4.150000000000000000e+02
4.150000000000000000e+02
4.020000000000000000e+02
4.000000000000000000e+02
4.030000000000000000e+02
4.250000000000000000e+02
4.110000000000000000e+02
3.910000000000000000e+02
3.770000000000000000e+02
3.850000000000000000e+02
3.830000000000000000e+02
3.680000000000000000e+02
3.620000000000000000e+02
3.340000000000000000e+02
3.370000000000000000e+02
3.340000000000000000e+02
3.180000000000000000e+02
3.180000000000000000e+02
3.140000000000000000e+02
3.110000000000000000e+02
3.000000000000000000e+02
2.910000000000000000e+02
2.900000000000000000e+02
2.940000000000000000e+02
2.930000000000000000e+02
2.810000000000000000e+02
2.780000000000000000e+02
2.800000000000000000e+02
2.740000000000000000e+02
2.620000000000000000e+02
2.560000000000000000e+02
2.580000000000000000e+02
2.510000000000000000e+02
2.590000000000000000e+02
2.540000000000000000e+02
2.500000000000000000e+02
2.370000000000000000e+02
2.470000000000000000e+02
2.520000000000000000e+02
2.540000000000000000e+02
2.590000000000000000e+02
2.590000000000000000e+02
2.620000000000000000e+02
2.850000000000000000e+02
2.790000000000000000e+02
2.940000000000000000e+02
2.950000000000000000e+02
2.800000000000000000e+02
2.770000000000000000e+02
2.780000000000000000e+02
2.870000000000000000e+02
2.940000000000000000e+02
3.030000000000000000e+02
2.930000000000000000e+02
2.820000000000000000e+02
2.770000000000000000e+02
2.820000000000000000e+02
2.880000000000000000e+02
2.890000000000000000e+02
2.770000000000000000e+02
2.690000000000000000e+02
2.750000000000000000e+02
2.650000000000000000e+02
