8.900000000000000000e+01
9.200000000000000000e+01
9.100000000000000000e+01
9.100000000000000000e+01
1.030000000000000000e+02
1.140000000000000000e+02
1.150000000000000000e+02
1.270000000000000000e+02
1.410000000000000000e+02
1.460000000000000000e+02
1.520000000000000000e+02
1.620000000000000000e+02
1.660000000000000000e+02
1.790000000000000000e+02
2.120000000000000000e+02
2.310000000000000000e+02
2.470000000000000000e+02
2.660000000000000000e+02
2.660000000000000000e+02
2.890000000000000000e+02
3.170000000000000000e+02
3.310000000000000000e+02
3.410000000000000000e+02
3.550000000000000000e+02
3.560000000000000000e+02
3.630000000000000000e+02
3.820000000000000000e+02
3.940000000000000000e+02
3.960000000000000000e+02
3.990000000000000000e+02
4.180000000000000000e+02
4.050000000000000000e+02
3.900000000000000000e+02
3.880000000000000000e+02
3.930000000000000000e+02
3.770000000000000000e+02
3.670000000000000000e+02
3.580000000000000000e+02
3.470000000000000000e+02
3.500000000000000000e+02
3.670000000000000000e+02
3.730000000000000000e+02
3.710000000000000000e+02
3.600000000000000000e+02
3.520000000000000000e+02
3.490000000000000000e+02
3.440000000000000000e+02
3.480000000000000000e+02
3.400000000000000000e+02
3.460000000000000000e+02
3.390000000000000000e+02
3.330000000000000000e+02
3.280000000000000000e+02
3.320000000000000000e+02
3.270000000000000000e+02
3.250000000000000000e+02
3.140000000000000000e+02
3.040000000000000000e+02
3.040000000000000000e+02
3.080000000000000000e+02
3.020000000000000000e+02
2.950000000000000000e+02
2.980000000000000000e+02
3.050000000000000000e+02
2.830000000000000000e+02
2.820000000000000000e+02
2.960000000000000000e+02
3.080000000000000000e+02
3.120000000000000000e+02
3.060000000000000000e+02
2.960000000000000000e+02
2.870000000000000000e+02
2.840000000000000000e+02
2.620000000000000000e+02
2.550000000000000000e+02
2.650000000000000000e+02
2.600000000000000000e+02
2.570000000000000000e+02
2.560000000000000000e+02
2.540000000000000000e+02
2.550000000000000000e+02
2.610000000000000000e+02
2.800000000000000000e+02
3.010000000000000000e+02
3.110000000000000000e+02
3.170000000000000000e+02
2.990000000000000000e+02
3.060000000000000000e+02
2.960000000000000000e+02
3.020000000000000000e+02
3.010000000000000000e+02
2.950000000000000000e+02
2.990000000000000000e+02
2.790000000000000000e+02
2.780000000000000000e+02
2.740000000000000000e+02
2.790000000000000000e+02
2.860000000000000000e+02
2.830000000000000000e+02
2.870000000000000000e+02
2.710000000000000000e+02
2.780000000000000000e+02
2.860000000000000000e+02
2.740000000000000000e+02
2.790000000000000000e+02
2.790000000000000000e+02
2.780000000000000000e+02
2.660000000000000000e+02
2.620000000000000000e+02
2.520000000000000000e+02
2.600000000000000000e+02
2.530000000000000000e+02
2.670000000000000000e+02
2.720000000000000000e+02
2.960000000000000000e+02
2.960000000000000000e+02
3.120000000000000000e+02
3.220000000000000000e+02
3.210000000000000000e+02
3.340000000000000000e+02
3.340000000000000000e+02
3.440000000000000000e+02
