1.080000000000000000e+02
1.070000000000000000e+02
1.030000000000000000e+02
1.000000000000000000e+02
1.080000000000000000e+02
1.120000000000000000e+02
1.160000000000000000e+02
1.380000000000000000e+02
1.480000000000000000e+02
1.660000000000000000e+02
1.750000000000000000e+02
1.970000000000000000e+02
2.310000000000000000e+02
2.520000000000000000e+02
2.670000000000000000e+02
2.820000000000000000e+02
3.010000000000000000e+02
3.150000000000000000e+02
3.240000000000000000e+02
3.360000000000000000e+02
3.500000000000000000e+02
3.620000000000000000e+02
3.490000000000000000e+02
3.570000000000000000e+02
3.700000000000000000e+02
3.880000000000000000e+02
4.100000000000000000e+02
4.260000000000000000e+02
4.190000000000000000e+02
4.250000000000000000e+02
4.190000000000000000e+02
4.180000000000000000e+02
4.310000000000000000e+02
4.220000000000000000e+02
4.100000000000000000e+02
4.130000000000000000e+02
4.140000000000000000e+02
4.140000000000000000e+02
4.040000000000000000e+02
3.950000000000000000e+02
3.920000000000000000e+02
3.910000000000000000e+02
3.890000000000000000e+02
3.670000000000000000e+02
3.830000000000000000e+02
3.710000000000000000e+02
3.570000000000000000e+02
3.430000000000000000e+02
3.420000000000000000e+02
3.320000000000000000e+02
3.330000000000000000e+02
3.190000000000000000e+02
3.240000000000000000e+02
3.310000000000000000e+02
3.310000000000000000e+02
3.190000000000000000e+02
3.020000000000000000e+02
3.130000000000000000e+02
3.120000000000000000e+02
3.050000000000000000e+02
3.170000000000000000e+02
3.160000000000000000e+02
3.170000000000000000e+02
3.080000000000000000e+02
2.990000000000000000e+02
2.960000000000000000e+02
2.810000000000000000e+02
2.750000000000000000e+02
2.650000000000000000e+02
2.690000000000000000e+02
2.700000000000000000e+02
2.660000000000000000e+02
2.690000000000000000e+02
2.600000000000000000e+02
2.730000000000000000e+02
2.640000000000000000e+02
2.580000000000000000e+02
2.690000000000000000e+02
2.830000000000000000e+02
2.810000000000000000e+02
3.020000000000000000e+02
3.050000000000000000e+02
3.230000000000000000e+02
3.190000000000000000e+02
3.130000000000000000e+02
3.100000000000000000e+02
3.210000000000000000e+02
3.200000000000000000e+02
3.390000000000000000e+02
3.270000000000000000e+02
3.140000000000000000e+02
2.970000000000000000e+02
2.830000000000000000e+02
2.790000000000000000e+02
2.690000000000000000e+02
2.650000000000000000e+02
2.610000000000000000e+02
2.640000000000000000e+02
2.780000000000000000e+02
2.710000000000000000e+02
2.560000000000000000e+02
2.520000000000000000e+02
2.480000000000000000e+02
2.320000000000000000e+02
2.340000000000000000e+02
2.260000000000000000e+02
2.260000000000000000e+02
2.250000000000000000e+02
2.430000000000000000e+02
2.550000000000000000e+02
2.640000000000000000e+02
2.930000000000000000e+02
3.050000000000000000e+02
3.220000000000000000e+02
3.250000000000000000e+02
3.400000000000000000e+02
3.330000000000000000e+02
3.490000000000000000e+02
3.460000000000000000e+02
3.650000000000000000e+02
3.750000000000000000e+02
3.830000000000000000e+02
