7.400000000000000000e+01
7.800000000000000000e+01
7.800000000000000000e+01
7.800000000000000000e+01
8.200000000000000000e+01
9.800000000000000000e+01
1.040000000000000000e+02
1.100000000000000000e+02
1.120000000000000000e+02
1.210000000000000000e+02
1.350000000000000000e+02
1.460000000000000000e+02
1.610000000000000000e+02
1.790000000000000000e+02
1.940000000000000000e+02
2.110000000000000000e+02
2.240000000000000000e+02
2.540000000000000000e+02
2.710000000000000000e+02
2.920000000000000000e+02
3.010000000000000000e+02
3.110000000000000000e+02
3.230000000000000000e+02
3.450000000000000000e+02
3.630000000000000000e+02
3.740000000000000000e+02
3.760000000000000000e+02
3.770000000000000000e+02
3.950000000000000000e+02
3.890000000000000000e+02
4.070000000000000000e+02
4.150000000000000000e+02
4.080000000000000000e+02
4.120000000000000000e+02
4.170000000000000000e+02
4.020000000000000000e+02
4.060000000000000000e+02
4.070000000000000000e+02
4.110000000000000000e+02
4.000000000000000000e+02
4.000000000000000000e+02
3.960000000000000000e+02
4.000000000000000000e+02
4.020000000000000000e+02
3.920000000000000000e+02
3.940000000000000000e+02
3.820000000000000000e+02
3.720000000000000000e+02
3.740000000000000000e+02
3.800000000000000000e+02
4.000000000000000000e+02
4.000000000000000000e+02
3.910000000000000000e+02
3.890000000000000000e+02
3.840000000000000000e+02
3.700000000000000000e+02
3.640000000000000000e+02
3.530000000000000000e+02
3.500000000000000000e+02
3.540000000000000000e+02
3.450000000000000000e+02
3.320000000000000000e+02
3.180000000000000000e+02
3.170000000000000000e+02
3.170000000000000000e+02
3.180000000000000000e+02
3.330000000000000000e+02
3.220000000000000000e+02
3.260000000000000000e+02
3.170000000000000000e+02
3.150000000000000000e+02
3.150000000000000000e+02
3.250000000000000000e+02
3.220000000000000000e+02
3.050000000000000000e+02
3.020000000000000000e+02
2.900000000000000000e+02
2.900000000000000000e+02
2.950000000000000000e+02
2.890000000000000000e+02
2.900000000000000000e+02
2.800000000000000000e+02
2.720000000000000000e+02
2.540000000000000000e+02
2.490000000000000000e+02
2.410000000000000000e+02
2.360000000000000000e+02
2.280000000000000000e+02
2.330000000000000000e+02
2.260000000000000000e+02
2.200000000000000000e+02
2.250000000000000000e+02
2.190000000000000000e+02
2.170000000000000000e+02
2.280000000000000000e+02
2.330000000000000000e+02
2.360000000000000000e+02
2.540000000000000000e+02
2.500000000000000000e+02
2.530000000000000000e+02
2.730000000000000000e+02
2.820000000000000000e+02
2.880000000000000000e+02
3.070000000000000000e+02
3.080000000000000000e+02
3.210000000000000000e+02
3.230000000000000000e+02
3.140000000000000000e+02
3.120000000000000000e+02
3.140000000000000000e+02
3.230000000000000000e+02
3.190000000000000000e+02
3.140000000000000000e+02
3.180000000000000000e+02
3.060000000000000000e+02
2.950000000000000000e+02
2.960000000000000000e+02
2.820000000000000000e+02
2.700000000000000000e+02
2.660000000000000000e+02
2.710000000000000000e+02
2.640000000000000000e+02
