7.800000000000000000e+01
8.400000000000000000e+01
7.600000000000000000e+01
8.100000000000000000e+01
8.200000000000000000e+01
8.500000000000000000e+01
8.600000000000000000e+01
8.800000000000000000e+01
8.900000000000000000e+01
9.700000000000000000e+01
9.200000000000000000e+01
1.090000000000000000e+02
1.140000000000000000e+02
1.270000000000000000e+02
1.480000000000000000e+02
1.600000000000000000e+02
1.800000000000000000e+02
2.010000000000000000e+02
2.280000000000000000e+02
2.640000000000000000e+02
2.840000000000000000e+02
3.010000000000000000e+02
3.150000000000000000e+02
3.310000000000000000e+02
3.470000000000000000e+02
3.700000000000000000e+02
3.820000000000000000e+02
4.120000000000000000e+02
4.030000000000000000e+02
4.050000000000000000e+02
4.240000000000000000e+02
4.380000000000000000e+02
4.510000000000000000e+02
4.600000000000000000e+02
4.610000000000000000e+02
4.610000000000000000e+02
4.530000000000000000e+02
4.520000000000000000e+02
4.440000000000000000e+02
4.340000000000000000e+02
4.380000000000000000e+02
4.260000000000000000e+02
4.330000000000000000e+02
4.310000000000000000e+02
4.180000000000000000e+02
3.990000000000000000e+02
3.960000000000000000e+02
3.970000000000000000e+02
3.920000000000000000e+02
3.950000000000000000e+02
3.920000000000000000e+02
3.750000000000000000e+02
3.720000000000000000e+02
3.570000000000000000e+02
3.550000000000000000e+02
3.460000000000000000e+02
3.560000000000000000e+02
3.620000000000000000e+02
3.640000000000000000e+02
3.670000000000000000e+02
3.680000000000000000e+02
3.640000000000000000e+02
3.630000000000000000e+02
3.360000000000000000e+02
3.400000000000000000e+02
3.400000000000000000e+02
3.290000000000000000e+02
3.320000000000000000e+02
3.330000000000000000e+02
3.310000000000000000e+02
3.210000000000000000e+02
2.990000000000000000e+02
2.730000000000000000e+02
2.690000000000000000e+02
2.700000000000000000e+02
2.710000000000000000e+02
2.610000000000000000e+02
2.530000000000000000e+02
2.560000000000000000e+02
2.430000000000000000e+02
2.490000000000000000e+02
2.380000000000000000e+02
2.250000000000000000e+02
2.220000000000000000e+02
1.990000000000000000e+02
1.970000000000000000e+02
2.020000000000000000e+02
2.140000000000000000e+02
2.200000000000000000e+02
2.350000000000000000e+02
2.500000000000000000e+02
2.610000000000000000e+02
2.740000000000000000e+02
2.790000000000000000e+02
2.710000000000000000e+02
2.910000000000000000e+02
2.810000000000000000e+02
2.800000000000000000e+02
2.760000000000000000e+02
2.860000000000000000e+02
2.830000000000000000e+02
2.860000000000000000e+02
2.790000000000000000e+02
2.790000000000000000e+02
2.890000000000000000e+02
2.810000000000000000e+02
2.840000000000000000e+02
2.730000000000000000e+02
2.590000000000000000e+02
2.520000000000000000e+02
2.510000000000000000e+02
2.480000000000000000e+02
2.460000000000000000e+02
2.360000000000000000e+02
2.390000000000000000e+02
2.410000000000000000e+02
2.560000000000000000e+02
2.560000000000000000e+02
2.390000000000000000e+02
2.730000000000000000e+02
2.740000000000000000e+02
2.900000000000000000e+02
