7.900000000000000000e+01
8.200000000000000000e+01
8.000000000000000000e+01
7.800000000000000000e+01
8.800000000000000000e+01
8.800000000000000000e+01
9.600000000000000000e+01
9.700000000000000000e+01
1.030000000000000000e+02
1.100000000000000000e+02
1.100000000000000000e+02
1.080000000000000000e+02
1.090000000000000000e+02
1.210000000000000000e+02
1.480000000000000000e+02
1.490000000000000000e+02
1.880000000000000000e+02
2.130000000000000000e+02
2.280000000000000000e+02
2.480000000000000000e+02
2.810000000000000000e+02
3.130000000000000000e+02
3.330000000000000000e+02
3.520000000000000000e+02
3.660000000000000000e+02
3.930000000000000000e+02
4.220000000000000000e+02
4.300000000000000000e+02
4.480000000000000000e+02
4.530000000000000000e+02
4.520000000000000000e+02
4.710000000000000000e+02
4.700000000000000000e+02
4.630000000000000000e+02
4.760000000000000000e+02
4.770000000000000000e+02
4.850000000000000000e+02
4.970000000000000000e+02
5.020000000000000000e+02
5.040000000000000000e+02
4.900000000000000000e+02
4.980000000000000000e+02
4.940000000000000000e+02
4.930000000000000000e+02
4.950000000000000000e+02
4.960000000000000000e+02
5.060000000000000000e+02
4.990000000000000000e+02
4.910000000000000000e+02
4.850000000000000000e+02
4.700000000000000000e+02
4.680000000000000000e+02
4.730000000000000000e+02
4.620000000000000000e+02
4.570000000000000000e+02
4.380000000000000000e+02
4.500000000000000000e+02
4.470000000000000000e+02
4.450000000000000000e+02
4.400000000000000000e+02
4.270000000000000000e+02
4.090000000000000000e+02
4.020000000000000000e+02
3.950000000000000000e+02
3.830000000000000000e+02
3.860000000000000000e+02
3.650000000000000000e+02
3.610000000000000000e+02
3.500000000000000000e+02
3.410000000000000000e+02
3.340000000000000000e+02
3.070000000000000000e+02
3.090000000000000000e+02
3.120000000000000000e+02
3.200000000000000000e+02
3.000000000000000000e+02
3.040000000000000000e+02
2.970000000000000000e+02
2.990000000000000000e+02
3.180000000000000000e+02
3.040000000000000000e+02
3.070000000000000000e+02
2.940000000000000000e+02
2.910000000000000000e+02
2.740000000000000000e+02
2.780000000000000000e+02
2.850000000000000000e+02
2.760000000000000000e+02
2.900000000000000000e+02
2.890000000000000000e+02
2.840000000000000000e+02
2.780000000000000000e+02
2.690000000000000000e+02
2.720000000000000000e+02
2.710000000000000000e+02
2.760000000000000000e+02
2.620000000000000000e+02
2.540000000000000000e+02
2.500000000000000000e+02
2.480000000000000000e+02
2.610000000000000000e+02
2.540000000000000000e+02
2.510000000000000000e+02
2.660000000000000000e+02
2.650000000000000000e+02
2.600000000000000000e+02
2.700000000000000000e+02
2.700000000000000000e+02
2.930000000000000000e+02
3.100000000000000000e+02
3.240000000000000000e+02
3.170000000000000000e+02
3.230000000000000000e+02
3.210000000000000000e+02
3.280000000000000000e+02
3.320000000000000000e+02
3.310000000000000000e+02
3.210000000000000000e+02
3.210000000000000000e+02
3.360000000000000000e+02
3.280000000000000000e+02
3.260000000000000000e+02
