7.500000000000000000e+01
7.300000000000000000e+01
7.000000000000000000e+01
6.800000000000000000e+01
7.300000000000000000e+01
7.300000000000000000e+01
7.400000000000000000e+01
8.400000000000000000e+01
9.500000000000000000e+01
1.050000000000000000e+02
1.040000000000000000e+02
1.050000000000000000e+02
1.170000000000000000e+02
1.290000000000000000e+02
1.250000000000000000e+02
1.190000000000000000e+02
1.180000000000000000e+02
1.420000000000000000e+02
1.640000000000000000e+02
1.910000000000000000e+02
2.120000000000000000e+02
2.470000000000000000e+02
2.770000000000000000e+02
3.030000000000000000e+02
3.350000000000000000e+02
3.520000000000000000e+02
3.730000000000000000e+02
4.150000000000000000e+02
4.360000000000000000e+02
4.510000000000000000e+02
4.490000000000000000e+02
4.340000000000000000e+02
4.460000000000000000e+02
4.600000000000000000e+02
4.690000000000000000e+02
4.690000000000000000e+02
4.690000000000000000e+02
4.720000000000000000e+02
4.920000000000000000e+02
4.850000000000000000e+02
4.840000000000000000e+02
4.730000000000000000e+02
4.760000000000000000e+02
4.810000000000000000e+02
4.770000000000000000e+02
4.780000000000000000e+02
4.790000000000000000e+02
4.700000000000000000e+02
4.750000000000000000e+02
4.870000000000000000e+02
4.760000000000000000e+02
4.840000000000000000e+02
4.730000000000000000e+02
4.610000000000000000e+02
4.560000000000000000e+02
4.490000000000000000e+02
4.300000000000000000e+02
4.160000000000000000e+02
4.140000000000000000e+02
4.080000000000000000e+02
4.050000000000000000e+02
4.140000000000000000e+02
4.160000000000000000e+02
4.040000000000000000e+02
3.970000000000000000e+02
3.980000000000000000e+02
4.070000000000000000e+02
3.920000000000000000e+02
3.860000000000000000e+02
3.790000000000000000e+02
3.800000000000000000e+02
3.870000000000000000e+02
3.640000000000000000e+02
3.610000000000000000e+02
3.490000000000000000e+02
3.430000000000000000e+02
3.470000000000000000e+02
3.380000000000000000e+02
3.380000000000000000e+02
3.490000000000000000e+02
3.380000000000000000e+02
3.310000000000000000e+02
3.170000000000000000e+02
3.160000000000000000e+02
2.970000000000000000e+02
2.860000000000000000e+02
2.880000000000000000e+02
2.980000000000000000e+02
3.120000000000000000e+02
3.080000000000000000e+02
2.890000000000000000e+02
2.850000000000000000e+02
2.690000000000000000e+02
2.600000000000000000e+02
2.460000000000000000e+02
2.290000000000000000e+02
2.300000000000000000e+02
2.370000000000000000e+02
2.350000000000000000e+02
2.380000000000000000e+02
2.380000000000000000e+02
2.360000000000000000e+02
2.500000000000000000e+02
2.490000000000000000e+02
2.590000000000000000e+02
2.710000000000000000e+02
2.660000000000000000e+02
2.910000000000000000e+02
3.020000000000000000e+02
3.110000000000000000e+02
3.130000000000000000e+02
3.160000000000000000e+02
3.130000000000000000e+02
2.950000000000000000e+02
3.100000000000000000e+02
2.960000000000000000e+02
2.780000000000000000e+02
2.670000000000000000e+02
2.740000000000000000e+02
2.990000000000000000e+02
2.890000000000000000e+02
2.830000000000000000e+02
