3.300000000000000000e+01
3.700000000000000000e+01
3.700000000000000000e+01
3.700000000000000000e+01
3.800000000000000000e+01
4.000000000000000000e+01
4.000000000000000000e+01
3.600000000000000000e+01
3.300000000000000000e+01
4.100000000000000000e+01
4.800000000000000000e+01
6.100000000000000000e+01
6.200000000000000000e+01
6.300000000000000000e+01
6.300000000000000000e+01
6.600000000000000000e+01
8.200000000000000000e+01
8.700000000000000000e+01
9.000000000000000000e+01
9.300000000000000000e+01
1.030000000000000000e+02
1.020000000000000000e+02
1.150000000000000000e+02
1.190000000000000000e+02
1.180000000000000000e+02
1.230000000000000000e+02
1.230000000000000000e+02
1.290000000000000000e+02
1.470000000000000000e+02
1.500000000000000000e+02
1.550000000000000000e+02
1.570000000000000000e+02
1.570000000000000000e+02
1.600000000000000000e+02
1.660000000000000000e+02
1.610000000000000000e+02
1.650000000000000000e+02
1.630000000000000000e+02
1.580000000000000000e+02
1.510000000000000000e+02
1.470000000000000000e+02
1.400000000000000000e+02
1.400000000000000000e+02
1.480000000000000000e+02
1.440000000000000000e+02
1.430000000000000000e+02
1.340000000000000000e+02
1.370000000000000000e+02
1.310000000000000000e+02
1.340000000000000000e+02
1.330000000000000000e+02
1.260000000000000000e+02
1.310000000000000000e+02
1.210000000000000000e+02
1.210000000000000000e+02
1.230000000000000000e+02
1.200000000000000000e+02
1.130000000000000000e+02
1.180000000000000000e+02
1.260000000000000000e+02
1.250000000000000000e+02
1.280000000000000000e+02
1.220000000000000000e+02
1.120000000000000000e+02
1.110000000000000000e+02
1.110000000000000000e+02
9.900000000000000000e+01
1.010000000000000000e+02
1.050000000000000000e+02
1.030000000000000000e+02
1.000000000000000000e+02
9.800000000000000000e+01
9.900000000000000000e+01
9.300000000000000000e+01
9.400000000000000000e+01
8.800000000000000000e+01
8.200000000000000000e+01
7.800000000000000000e+01
8.100000000000000000e+01
7.800000000000000000e+01
8.100000000000000000e+01
8.700000000000000000e+01
8.400000000000000000e+01
8.900000000000000000e+01
9.300000000000000000e+01
9.700000000000000000e+01
9.700000000000000000e+01
9.600000000000000000e+01
9.500000000000000000e+01
9.600000000000000000e+01
9.400000000000000000e+01
9.300000000000000000e+01
9.700000000000000000e+01
9.500000000000000000e+01
8.500000000000000000e+01
9.000000000000000000e+01
9.400000000000000000e+01
9.100000000000000000e+01
9.600000000000000000e+01
9.800000000000000000e+01
9.500000000000000000e+01
1.020000000000000000e+02
1.050000000000000000e+02
1.040000000000000000e+02
1.000000000000000000e+02
1.080000000000000000e+02
1.030000000000000000e+02
1.020000000000000000e+02
9.800000000000000000e+01
1.020000000000000000e+02
9.800000000000000000e+01
1.020000000000000000e+02
1.010000000000000000e+02
1.040000000000000000e+02
9.800000000000000000e+01
9.700000000000000000e+01
9.600000000000000000e+01
9.300000000000000000e+01
9.200000000000000000e+01
9.200000000000000000e+01
9.400000000000000000e+01
9.500000000000000000e+01
