9.700000000000000000e+01
9.600000000000000000e+01
1.060000000000000000e+02
1.140000000000000000e+02
1.230000000000000000e+02
1.410000000000000000e+02
1.460000000000000000e+02
1.510000000000000000e+02
1.740000000000000000e+02
1.800000000000000000e+02
1.880000000000000000e+02
1.850000000000000000e+02
1.990000000000000000e+02
2.130000000000000000e+02
2.150000000000000000e+02
2.370000000000000000e+02
2.650000000000000000e+02
2.940000000000000000e+02
3.090000000000000000e+02
3.470000000000000000e+02
3.680000000000000000e+02
3.730000000000000000e+02
3.700000000000000000e+02
3.870000000000000000e+02
4.100000000000000000e+02
4.150000000000000000e+02
4.080000000000000000e+02
3.870000000000000000e+02
3.890000000000000000e+02
3.880000000000000000e+02
3.990000000000000000e+02
4.010000000000000000e+02
3.970000000000000000e+02
4.020000000000000000e+02
4.140000000000000000e+02
4.230000000000000000e+02
4.150000000000000000e+02
4.070000000000000000e+02
4.040000000000000000e+02
3.840000000000000000e+02
3.820000000000000000e+02
3.850000000000000000e+02
3.680000000000000000e+02
3.500000000000000000e+02
3.380000000000000000e+02
3.410000000000000000e+02
3.390000000000000000e+02
3.200000000000000000e+02
3.210000000000000000e+02
3.100000000000000000e+02
3.040000000000000000e+02
3.060000000000000000e+02
2.870000000000000000e+02
2.870000000000000000e+02
2.910000000000000000e+02
2.800000000000000000e+02
2.710000000000000000e+02
2.610000000000000000e+02
2.650000000000000000e+02
2.690000000000000000e+02
2.650000000000000000e+02
2.760000000000000000e+02
2.880000000000000000e+02
2.710000000000000000e+02
2.910000000000000000e+02
2.970000000000000000e+02
3.050000000000000000e+02
3.060000000000000000e+02
3.110000000000000000e+02
3.200000000000000000e+02
3.280000000000000000e+02
3.240000000000000000e+02
3.220000000000000000e+02
3.150000000000000000e+02
3.170000000000000000e+02
3.210000000000000000e+02
3.140000000000000000e+02
3.040000000000000000e+02
3.090000000000000000e+02
2.950000000000000000e+02
2.930000000000000000e+02
2.870000000000000000e+02
2.840000000000000000e+02
2.690000000000000000e+02
2.580000000000000000e+02
2.440000000000000000e+02
2.370000000000000000e+02
2.300000000000000000e+02
2.260000000000000000e+02
2.240000000000000000e+02
2.220000000000000000e+02
2.360000000000000000e+02
2.500000000000000000e+02
2.520000000000000000e+02
2.420000000000000000e+02
2.410000000000000000e+02
2.420000000000000000e+02
2.450000000000000000e+02
2.450000000000000000e+02
2.420000000000000000e+02
2.580000000000000000e+02
2.640000000000000000e+02
2.790000000000000000e+02
2.940000000000000000e+02
2.910000000000000000e+02
3.040000000000000000e+02
3.070000000000000000e+02
3.130000000000000000e+02
3.210000000000000000e+02
3.200000000000000000e+02
3.140000000000000000e+02
3.000000000000000000e+02
3.060000000000000000e+02
2.870000000000000000e+02
2.820000000000000000e+02
2.760000000000000000e+02
2.680000000000000000e+02
2.610000000000000000e+02
2.590000000000000000e+02
2.490000000000000000e+02
2.530000000000000000e+02
2.480000000000000000e+02
2.410000000000000000e+02
