7.700000000000000000e+01
7.900000000000000000e+01
7.600000000000000000e+01
7.400000000000000000e+01
7.800000000000000000e+01
8.600000000000000000e+01
9.800000000000000000e+01
1.070000000000000000e+02
1.170000000000000000e+02
1.190000000000000000e+02
1.260000000000000000e+02
1.340000000000000000e+02
1.440000000000000000e+02
1.620000000000000000e+02
1.850000000000000000e+02
1.980000000000000000e+02
2.240000000000000000e+02
2.570000000000000000e+02
2.890000000000000000e+02
3.220000000000000000e+02
3.410000000000000000e+02
3.660000000000000000e+02
3.850000000000000000e+02
3.810000000000000000e+02
3.980000000000000000e+02
4.160000000000000000e+02
4.310000000000000000e+02
4.230000000000000000e+02
3.980000000000000000e+02
3.870000000000000000e+02
4.020000000000000000e+02
3.940000000000000000e+02
4.110000000000000000e+02
4.150000000000000000e+02
4.170000000000000000e+02
4.330000000000000000e+02
4.290000000000000000e+02
4.110000000000000000e+02
4.030000000000000000e+02
4.070000000000000000e+02
4.300000000000000000e+02
4.150000000000000000e+02
4.100000000000000000e+02
4.080000000000000000e+02
4.050000000000000000e+02
3.980000000000000000e+02
4.090000000000000000e+02
3.890000000000000000e+02
3.760000000000000000e+02
3.590000000000000000e+02
3.520000000000000000e+02
3.460000000000000000e+02
3.410000000000000000e+02
3.410000000000000000e+02
3.350000000000000000e+02
3.450000000000000000e+02
3.480000000000000000e+02
3.420000000000000000e+02
3.310000000000000000e+02
3.180000000000000000e+02
3.010000000000000000e+02
3.010000000000000000e+02
3.050000000000000000e+02
3.000000000000000000e+02
3.030000000000000000e+02
2.890000000000000000e+02
3.000000000000000000e+02
2.940000000000000000e+02
2.950000000000000000e+02
2.930000000000000000e+02
2.930000000000000000e+02
2.950000000000000000e+02
2.920000000000000000e+02
2.830000000000000000e+02
2.690000000000000000e+02
2.660000000000000000e+02
2.620000000000000000e+02
2.480000000000000000e+02
2.520000000000000000e+02
2.500000000000000000e+02
2.590000000000000000e+02
2.750000000000000000e+02
2.870000000000000000e+02
2.840000000000000000e+02
2.840000000000000000e+02
2.880000000000000000e+02
2.960000000000000000e+02
2.900000000000000000e+02
2.980000000000000000e+02
3.090000000000000000e+02
3.150000000000000000e+02
3.080000000000000000e+02
3.240000000000000000e+02
3.170000000000000000e+02
3.060000000000000000e+02
3.140000000000000000e+02
2.990000000000000000e+02
2.910000000000000000e+02
2.990000000000000000e+02
2.890000000000000000e+02
2.740000000000000000e+02
2.770000000000000000e+02
2.700000000000000000e+02
2.680000000000000000e+02
2.710000000000000000e+02
2.640000000000000000e+02
2.640000000000000000e+02
2.560000000000000000e+02
2.400000000000000000e+02
2.430000000000000000e+02
2.490000000000000000e+02
2.350000000000000000e+02
2.300000000000000000e+02
2.420000000000000000e+02
2.600000000000000000e+02
2.700000000000000000e+02
2.940000000000000000e+02
2.920000000000000000e+02
3.060000000000000000e+02
3.260000000000000000e+02
3.340000000000000000e+02
3.380000000000000000e+02
