7.700000000000000000e+01
7.400000000000000000e+01
7.600000000000000000e+01
7.200000000000000000e+01
7.100000000000000000e+01
7.000000000000000000e+01
6.800000000000000000e+01
9.100000000000000000e+01
1.010000000000000000e+02
1.050000000000000000e+02
1.110000000000000000e+02
1.080000000000000000e+02
1.190000000000000000e+02
1.330000000000000000e+02
1.570000000000000000e+02
1.620000000000000000e+02
1.740000000000000000e+02
1.960000000000000000e+02
2.190000000000000000e+02
2.330000000000000000e+02
2.430000000000000000e+02
2.630000000000000000e+02
2.790000000000000000e+02
3.060000000000000000e+02
3.260000000000000000e+02
3.320000000000000000e+02
3.500000000000000000e+02
3.760000000000000000e+02
3.930000000000000000e+02
3.950000000000000000e+02
4.020000000000000000e+02
4.170000000000000000e+02
4.150000000000000000e+02
4.080000000000000000e+02
4.190000000000000000e+02
4.300000000000000000e+02
4.350000000000000000e+02
4.430000000000000000e+02
4.270000000000000000e+02
4.180000000000000000e+02
4.160000000000000000e+02
4.240000000000000000e+02
4.280000000000000000e+02
4.190000000000000000e+02
4.120000000000000000e+02
4.020000000000000000e+02
4.090000000000000000e+02
4.130000000000000000e+02
4.100000000000000000e+02
4.090000000000000000e+02
3.950000000000000000e+02
3.980000000000000000e+02
3.920000000000000000e+02
4.040000000000000000e+02
3.810000000000000000e+02
3.900000000000000000e+02
3.670000000000000000e+02
3.640000000000000000e+02
3.670000000000000000e+02
3.560000000000000000e+02
3.570000000000000000e+02
3.510000000000000000e+02
3.340000000000000000e+02
3.130000000000000000e+02
3.290000000000000000e+02
3.210000000000000000e+02
3.240000000000000000e+02
3.120000000000000000e+02
3.010000000000000000e+02
2.960000000000000000e+02
2.940000000000000000e+02
2.770000000000000000e+02
2.680000000000000000e+02
2.730000000000000000e+02
2.520000000000000000e+02
2.540000000000000000e+02
2.500000000000000000e+02
2.410000000000000000e+02
2.430000000000000000e+02
2.440000000000000000e+02
2.280000000000000000e+02
2.290000000000000000e+02
2.360000000000000000e+02
2.340000000000000000e+02
2.470000000000000000e+02
2.560000000000000000e+02
2.760000000000000000e+02
2.990000000000000000e+02
2.970000000000000000e+02
3.070000000000000000e+02
3.020000000000000000e+02
3.040000000000000000e+02
3.110000000000000000e+02
3.360000000000000000e+02
3.370000000000000000e+02
3.490000000000000000e+02
3.510000000000000000e+02
3.630000000000000000e+02
3.800000000000000000e+02
3.840000000000000000e+02
3.690000000000000000e+02
3.550000000000000000e+02
3.540000000000000000e+02
3.570000000000000000e+02
3.530000000000000000e+02
3.530000000000000000e+02
3.630000000000000000e+02
3.510000000000000000e+02
3.410000000000000000e+02
3.460000000000000000e+02
3.440000000000000000e+02
3.470000000000000000e+02
3.440000000000000000e+02
3.320000000000000000e+02
3.270000000000000000e+02
3.110000000000000000e+02
3.060000000000000000e+02
3.060000000000000000e+02
2.900000000000000000e+02
2.760000000000000000e+02
2.810000000000000000e+02
2.820000000000000000e+02
