8.600000000000000000e+01
7.800000000000000000e+01
8.700000000000000000e+01
8.600000000000000000e+01
8.300000000000000000e+01
8.900000000000000000e+01
8.900000000000000000e+01
9.900000000000000000e+01
1.050000000000000000e+02
1.020000000000000000e+02
1.160000000000000000e+02
1.220000000000000000e+02
1.300000000000000000e+02
1.360000000000000000e+02
1.660000000000000000e+02
1.930000000000000000e+02
2.160000000000000000e+02
2.250000000000000000e+02
2.460000000000000000e+02
2.650000000000000000e+02
2.950000000000000000e+02
3.080000000000000000e+02
3.320000000000000000e+02
3.410000000000000000e+02
3.570000000000000000e+02
3.720000000000000000e+02
3.850000000000000000e+02
4.060000000000000000e+02
4.260000000000000000e+02
4.280000000000000000e+02
4.230000000000000000e+02
4.260000000000000000e+02
4.270000000000000000e+02
4.410000000000000000e+02
4.530000000000000000e+02
4.570000000000000000e+02
4.490000000000000000e+02
4.630000000000000000e+02
4.440000000000000000e+02
4.380000000000000000e+02
4.400000000000000000e+02
4.570000000000000000e+02
4.490000000000000000e+02
4.280000000000000000e+02
4.460000000000000000e+02
4.420000000000000000e+02
4.310000000000000000e+02
4.270000000000000000e+02
4.140000000000000000e+02
3.960000000000000000e+02
3.950000000000000000e+02
3.900000000000000000e+02
3.990000000000000000e+02
3.950000000000000000e+02
3.860000000000000000e+02
3.710000000000000000e+02
3.710000000000000000e+02
3.470000000000000000e+02
3.430000000000000000e+02
3.380000000000000000e+02
3.400000000000000000e+02
3.500000000000000000e+02
3.530000000000000000e+02
3.550000000000000000e+02
3.530000000000000000e+02
3.430000000000000000e+02
3.310000000000000000e+02
3.370000000000000000e+02
3.320000000000000000e+02
3.260000000000000000e+02
3.220000000000000000e+02
3.320000000000000000e+02
3.200000000000000000e+02
3.290000000000000000e+02
3.290000000000000000e+02
3.250000000000000000e+02
3.150000000000000000e+02
3.230000000000000000e+02
3.160000000000000000e+02
3.080000000000000000e+02
3.010000000000000000e+02
3.010000000000000000e+02
2.940000000000000000e+02
2.920000000000000000e+02
2.930000000000000000e+02
2.880000000000000000e+02
2.810000000000000000e+02
2.820000000000000000e+02
2.790000000000000000e+02
2.700000000000000000e+02
2.640000000000000000e+02
2.630000000000000000e+02
2.580000000000000000e+02
2.430000000000000000e+02
2.480000000000000000e+02
2.400000000000000000e+02
2.390000000000000000e+02
2.340000000000000000e+02
2.460000000000000000e+02
2.460000000000000000e+02
2.600000000000000000e+02
2.610000000000000000e+02
2.570000000000000000e+02
2.700000000000000000e+02
2.880000000000000000e+02
3.020000000000000000e+02
3.080000000000000000e+02
3.430000000000000000e+02
3.380000000000000000e+02
3.610000000000000000e+02
3.540000000000000000e+02
3.400000000000000000e+02
3.340000000000000000e+02
3.400000000000000000e+02
3.290000000000000000e+02
3.420000000000000000e+02
3.250000000000000000e+02
3.410000000000000000e+02
3.340000000000000000e+02
3.290000000000000000e+02
3.330000000000000000e+02
3.230000000000000000e+02
