7.800000000000000000e+01
8.000000000000000000e+01
8.400000000000000000e+01
8.800000000000000000e+01
9.400000000000000000e+01
1.050000000000000000e+02
1.040000000000000000e+02
1.110000000000000000e+02
1.180000000000000000e+02
1.320000000000000000e+02
1.360000000000000000e+02
1.470000000000000000e+02
1.610000000000000000e+02
1.770000000000000000e+02
1.840000000000000000e+02
1.900000000000000000e+02
2.180000000000000000e+02
2.480000000000000000e+02
2.770000000000000000e+02
2.780000000000000000e+02
3.010000000000000000e+02
3.060000000000000000e+02
3.240000000000000000e+02
3.520000000000000000e+02
3.580000000000000000e+02
3.710000000000000000e+02
3.820000000000000000e+02
3.950000000000000000e+02
4.070000000000000000e+02
4.060000000000000000e+02
4.100000000000000000e+02
4.050000000000000000e+02
4.250000000000000000e+02
4.420000000000000000e+02
4.430000000000000000e+02
4.500000000000000000e+02
4.410000000000000000e+02
4.280000000000000000e+02
4.170000000000000000e+02
4.240000000000000000e+02
4.300000000000000000e+02
4.190000000000000000e+02
4.150000000000000000e+02
4.060000000000000000e+02
4.140000000000000000e+02
3.970000000000000000e+02
3.880000000000000000e+02
3.880000000000000000e+02
3.770000000000000000e+02
3.720000000000000000e+02
3.890000000000000000e+02
3.850000000000000000e+02
3.810000000000000000e+02
3.870000000000000000e+02
3.940000000000000000e+02
3.840000000000000000e+02
3.690000000000000000e+02
3.530000000000000000e+02
3.410000000000000000e+02
3.450000000000000000e+02
3.300000000000000000e+02
3.200000000000000000e+02
3.220000000000000000e+02
3.370000000000000000e+02
3.320000000000000000e+02
3.140000000000000000e+02
2.980000000000000000e+02
2.900000000000000000e+02
2.840000000000000000e+02
2.680000000000000000e+02
2.670000000000000000e+02
2.780000000000000000e+02
2.930000000000000000e+02
3.010000000000000000e+02
2.990000000000000000e+02
2.890000000000000000e+02
2.810000000000000000e+02
2.650000000000000000e+02
2.650000000000000000e+02
2.550000000000000000e+02
2.630000000000000000e+02
2.590000000000000000e+02
2.450000000000000000e+02
2.340000000000000000e+02
2.360000000000000000e+02
2.550000000000000000e+02
2.530000000000000000e+02
2.670000000000000000e+02
2.530000000000000000e+02
2.610000000000000000e+02
2.780000000000000000e+02
2.850000000000000000e+02
3.020000000000000000e+02
3.040000000000000000e+02
2.810000000000000000e+02
2.760000000000000000e+02
2.900000000000000000e+02
3.060000000000000000e+02
3.160000000000000000e+02
3.060000000000000000e+02
3.140000000000000000e+02
3.090000000000000000e+02
3.020000000000000000e+02
3.040000000000000000e+02
3.080000000000000000e+02
2.990000000000000000e+02
2.930000000000000000e+02
2.930000000000000000e+02
2.980000000000000000e+02
2.960000000000000000e+02
2.890000000000000000e+02
2.900000000000000000e+02
2.830000000000000000e+02
2.800000000000000000e+02
2.790000000000000000e+02
2.700000000000000000e+02
2.590000000000000000e+02
2.560000000000000000e+02
2.570000000000000000e+02
2.430000000000000000e+02
2.530000000000000000e+02
2.610000000000000000e+02
