1.110000000000000000e+02
1.180000000000000000e+02
1.260000000000000000e+02
1.300000000000000000e+02
1.290000000000000000e+02
1.410000000000000000e+02
1.480000000000000000e+02
1.570000000000000000e+02
1.720000000000000000e+02
1.900000000000000000e+02
1.880000000000000000e+02
2.070000000000000000e+02
2.410000000000000000e+02
2.380000000000000000e+02
2.780000000000000000e+02
2.960000000000000000e+02
3.030000000000000000e+02
3.190000000000000000e+02
3.210000000000000000e+02
3.360000000000000000e+02
3.520000000000000000e+02
3.480000000000000000e+02
3.570000000000000000e+02
3.660000000000000000e+02
3.740000000000000000e+02
3.670000000000000000e+02
3.620000000000000000e+02
3.590000000000000000e+02
3.520000000000000000e+02
3.580000000000000000e+02
3.580000000000000000e+02
3.430000000000000000e+02
3.380000000000000000e+02
3.360000000000000000e+02
3.190000000000000000e+02
3.210000000000000000e+02
3.210000000000000000e+02
3.170000000000000000e+02
3.150000000000000000e+02
3.150000000000000000e+02
3.130000000000000000e+02
3.240000000000000000e+02
3.150000000000000000e+02
3.110000000000000000e+02
3.010000000000000000e+02
3.070000000000000000e+02
3.020000000000000000e+02
2.850000000000000000e+02
2.780000000000000000e+02
2.800000000000000000e+02
2.690000000000000000e+02
2.680000000000000000e+02
2.680000000000000000e+02
2.580000000000000000e+02
2.640000000000000000e+02
2.700000000000000000e+02
2.600000000000000000e+02
2.630000000000000000e+02
2.680000000000000000e+02
2.760000000000000000e+02
2.700000000000000000e+02
2.800000000000000000e+02
2.760000000000000000e+02
2.800000000000000000e+02
2.880000000000000000e+02
2.870000000000000000e+02
2.890000000000000000e+02
2.860000000000000000e+02
2.890000000000000000e+02
3.020000000000000000e+02
3.000000000000000000e+02
3.010000000000000000e+02
2.960000000000000000e+02
2.780000000000000000e+02
2.700000000000000000e+02
2.740000000000000000e+02
2.690000000000000000e+02
2.620000000000000000e+02
2.590000000000000000e+02
2.570000000000000000e+02
2.550000000000000000e+02
2.530000000000000000e+02
2.560000000000000000e+02
2.440000000000000000e+02
2.450000000000000000e+02
2.580000000000000000e+02
2.430000000000000000e+02
2.430000000000000000e+02
2.530000000000000000e+02
2.550000000000000000e+02
2.660000000000000000e+02
2.750000000000000000e+02
2.660000000000000000e+02
2.750000000000000000e+02
2.740000000000000000e+02
2.790000000000000000e+02
2.860000000000000000e+02
2.870000000000000000e+02
2.950000000000000000e+02
2.860000000000000000e+02
2.950000000000000000e+02
2.900000000000000000e+02
2.720000000000000000e+02
2.630000000000000000e+02
2.490000000000000000e+02
2.480000000000000000e+02
2.400000000000000000e+02
2.340000000000000000e+02
2.330000000000000000e+02
2.310000000000000000e+02
2.200000000000000000e+02
2.130000000000000000e+02
2.020000000000000000e+02
2.000000000000000000e+02
1.960000000000000000e+02
1.890000000000000000e+02
1.900000000000000000e+02
1.900000000000000000e+02
1.860000000000000000e+02
1.930000000000000000e+02
2.120000000000000000e+02
2.020000000000000000e+02
1.990000000000000000e+02
