4.100000000000000000e+01
3.900000000000000000e+01
3.700000000000000000e+01
4.300000000000000000e+01
4.000000000000000000e+01
4.300000000000000000e+01
4.600000000000000000e+01
5.200000000000000000e+01
5.200000000000000000e+01
5.700000000000000000e+01
5.800000000000000000e+01
5.900000000000000000e+01
6.900000000000000000e+01
7.400000000000000000e+01
8.200000000000000000e+01
8.500000000000000000e+01
8.800000000000000000e+01
9.100000000000000000e+01
1.110000000000000000e+02
1.180000000000000000e+02
1.250000000000000000e+02
1.330000000000000000e+02
1.400000000000000000e+02
1.430000000000000000e+02
1.450000000000000000e+02
1.460000000000000000e+02
1.480000000000000000e+02
1.460000000000000000e+02
1.480000000000000000e+02
1.610000000000000000e+02
1.500000000000000000e+02
1.610000000000000000e+02
1.620000000000000000e+02
1.510000000000000000e+02
1.520000000000000000e+02
1.450000000000000000e+02
1.450000000000000000e+02
1.420000000000000000e+02
1.460000000000000000e+02
1.500000000000000000e+02
1.500000000000000000e+02
1.530000000000000000e+02
1.540000000000000000e+02
1.560000000000000000e+02
1.650000000000000000e+02
1.560000000000000000e+02
1.540000000000000000e+02
1.530000000000000000e+02
1.590000000000000000e+02
1.650000000000000000e+02
1.580000000000000000e+02
1.580000000000000000e+02
1.630000000000000000e+02
1.590000000000000000e+02
1.530000000000000000e+02
1.430000000000000000e+02
1.410000000000000000e+02
1.340000000000000000e+02
1.370000000000000000e+02
1.390000000000000000e+02
1.370000000000000000e+02
1.340000000000000000e+02
1.330000000000000000e+02
1.390000000000000000e+02
1.290000000000000000e+02
1.260000000000000000e+02
1.130000000000000000e+02
1.060000000000000000e+02
1.100000000000000000e+02
1.140000000000000000e+02
1.240000000000000000e+02
1.190000000000000000e+02
1.110000000000000000e+02
1.100000000000000000e+02
1.140000000000000000e+02
1.140000000000000000e+02
1.130000000000000000e+02
1.110000000000000000e+02
1.110000000000000000e+02
1.060000000000000000e+02
1.040000000000000000e+02
1.050000000000000000e+02
1.010000000000000000e+02
9.600000000000000000e+01
8.900000000000000000e+01
9.500000000000000000e+01
9.100000000000000000e+01
9.100000000000000000e+01
9.500000000000000000e+01
9.600000000000000000e+01
9.000000000000000000e+01
7.600000000000000000e+01
7.600000000000000000e+01
7.700000000000000000e+01
8.300000000000000000e+01
7.900000000000000000e+01
7.800000000000000000e+01
7.800000000000000000e+01
7.800000000000000000e+01
7.600000000000000000e+01
7.600000000000000000e+01
8.000000000000000000e+01
8.000000000000000000e+01
7.400000000000000000e+01
8.200000000000000000e+01
8.200000000000000000e+01
8.700000000000000000e+01
8.600000000000000000e+01
9.200000000000000000e+01
9.200000000000000000e+01
9.000000000000000000e+01
9.600000000000000000e+01
9.500000000000000000e+01
9.100000000000000000e+01
8.800000000000000000e+01
9.300000000000000000e+01
9.500000000000000000e+01
9.300000000000000000e+01
9.400000000000000000e+01
9.100000000000000000e+01
8.900000000000000000e+01
9.000000000000000000e+01
