1.250000000000000000e+02
1.340000000000000000e+02
1.280000000000000000e+02
1.440000000000000000e+02
1.520000000000000000e+02
1.640000000000000000e+02
1.760000000000000000e+02
1.930000000000000000e+02
2.090000000000000000e+02
2.180000000000000000e+02
2.250000000000000000e+02
2.560000000000000000e+02
2.670000000000000000e+02
2.810000000000000000e+02
3.000000000000000000e+02
3.000000000000000000e+02
3.100000000000000000e+02
3.150000000000000000e+02
3.220000000000000000e+02
3.440000000000000000e+02
3.660000000000000000e+02
3.520000000000000000e+02
3.380000000000000000e+02
3.550000000000000000e+02
3.560000000000000000e+02
3.600000000000000000e+02
3.600000000000000000e+02
3.550000000000000000e+02
3.530000000000000000e+02
3.640000000000000000e+02
3.610000000000000000e+02
3.790000000000000000e+02
3.740000000000000000e+02
3.630000000000000000e+02
3.520000000000000000e+02
3.550000000000000000e+02
3.630000000000000000e+02
3.640000000000000000e+02
3.490000000000000000e+02
3.450000000000000000e+02
3.400000000000000000e+02
3.380000000000000000e+02
3.320000000000000000e+02
3.260000000000000000e+02
3.220000000000000000e+02
3.110000000000000000e+02
3.030000000000000000e+02
3.130000000000000000e+02
3.130000000000000000e+02
3.110000000000000000e+02
3.110000000000000000e+02
2.950000000000000000e+02
2.910000000000000000e+02
2.810000000000000000e+02
2.790000000000000000e+02
2.720000000000000000e+02
2.580000000000000000e+02
2.490000000000000000e+02
2.490000000000000000e+02
2.460000000000000000e+02
2.440000000000000000e+02
2.320000000000000000e+02
2.240000000000000000e+02
2.190000000000000000e+02
2.200000000000000000e+02
2.250000000000000000e+02
2.460000000000000000e+02
2.560000000000000000e+02
2.570000000000000000e+02
2.560000000000000000e+02
2.600000000000000000e+02
2.640000000000000000e+02
2.760000000000000000e+02
2.800000000000000000e+02
2.970000000000000000e+02
3.200000000000000000e+02
3.160000000000000000e+02
3.120000000000000000e+02
3.130000000000000000e+02
2.940000000000000000e+02
2.890000000000000000e+02
2.760000000000000000e+02
2.700000000000000000e+02
2.720000000000000000e+02
2.590000000000000000e+02
2.650000000000000000e+02
2.650000000000000000e+02
2.550000000000000000e+02
2.620000000000000000e+02
2.530000000000000000e+02
2.380000000000000000e+02
2.370000000000000000e+02
2.300000000000000000e+02
2.240000000000000000e+02
2.250000000000000000e+02
2.340000000000000000e+02
2.270000000000000000e+02
2.320000000000000000e+02
2.390000000000000000e+02
2.460000000000000000e+02
2.470000000000000000e+02
2.460000000000000000e+02
2.580000000000000000e+02
2.700000000000000000e+02
2.780000000000000000e+02
2.810000000000000000e+02
2.790000000000000000e+02
2.740000000000000000e+02
2.530000000000000000e+02
2.500000000000000000e+02
2.350000000000000000e+02
2.340000000000000000e+02
2.300000000000000000e+02
2.240000000000000000e+02
2.250000000000000000e+02
2.410000000000000000e+02
2.490000000000000000e+02
2.380000000000000000e+02
2.310000000000000000e+02
2.270000000000000000e+02
2.170000000000000000e+02
2.150000000000000000e+02
2.050000000000000000e+02
