8.100000000000000000e+01
8.000000000000000000e+01
7.900000000000000000e+01
8.200000000000000000e+01
8.500000000000000000e+01
8.600000000000000000e+01
8.500000000000000000e+01
8.500000000000000000e+01
8.300000000000000000e+01
8.400000000000000000e+01
8.300000000000000000e+01
8.100000000000000000e+01
7.800000000000000000e+01
7.800000000000000000e+01
8.400000000000000000e+01
7.500000000000000000e+01
7.100000000000000000e+01
7.200000000000000000e+01
6.600000000000000000e+01
6.600000000000000000e+01
5.800000000000000000e+01
5.700000000000000000e+01
5.300000000000000000e+01
5.300000000000000000e+01
4.900000000000000000e+01
4.800000000000000000e+01
4.900000000000000000e+01
4.100000000000000000e+01
4.000000000000000000e+01
3.700000000000000000e+01
3.500000000000000000e+01
3.400000000000000000e+01
3.600000000000000000e+01
3.400000000000000000e+01
3.700000000000000000e+01
3.700000000000000000e+01
3.400000000000000000e+01
3.400000000000000000e+01
2.800000000000000000e+01
3.600000000000000000e+01
4.500000000000000000e+01
4.400000000000000000e+01
5.300000000000000000e+01
7.000000000000000000e+01
8.300000000000000000e+01
8.800000000000000000e+01
9.500000000000000000e+01
1.120000000000000000e+02
1.010000000000000000e+02
1.080000000000000000e+02
1.070000000000000000e+02
1.240000000000000000e+02
1.400000000000000000e+02
1.680000000000000000e+02
2.080000000000000000e+02
2.160000000000000000e+02
2.310000000000000000e+02
2.460000000000000000e+02
2.560000000000000000e+02
2.730000000000000000e+02
2.880000000000000000e+02
3.070000000000000000e+02
2.990000000000000000e+02
2.910000000000000000e+02
3.000000000000000000e+02
3.130000000000000000e+02
3.120000000000000000e+02
3.190000000000000000e+02
2.970000000000000000e+02
2.830000000000000000e+02
2.750000000000000000e+02
2.820000000000000000e+02
2.890000000000000000e+02
2.740000000000000000e+02
2.790000000000000000e+02
2.780000000000000000e+02
2.950000000000000000e+02
2.730000000000000000e+02
2.710000000000000000e+02
2.700000000000000000e+02
2.670000000000000000e+02
2.700000000000000000e+02
2.720000000000000000e+02
2.750000000000000000e+02
2.630000000000000000e+02
2.440000000000000000e+02
2.360000000000000000e+02
2.320000000000000000e+02
2.270000000000000000e+02
2.140000000000000000e+02
2.100000000000000000e+02
1.930000000000000000e+02
1.870000000000000000e+02
1.760000000000000000e+02
1.610000000000000000e+02
1.600000000000000000e+02
1.590000000000000000e+02
1.600000000000000000e+02
1.600000000000000000e+02
1.680000000000000000e+02
1.790000000000000000e+02
1.850000000000000000e+02
1.840000000000000000e+02
1.860000000000000000e+02
1.920000000000000000e+02
2.040000000000000000e+02
2.190000000000000000e+02
2.440000000000000000e+02
2.340000000000000000e+02
2.200000000000000000e+02
2.080000000000000000e+02
2.060000000000000000e+02
2.110000000000000000e+02
2.000000000000000000e+02
1.970000000000000000e+02
1.740000000000000000e+02
1.630000000000000000e+02
1.480000000000000000e+02
1.380000000000000000e+02
1.270000000000000000e+02
1.220000000000000000e+02
