8.500000000000000000e+01
9.700000000000000000e+01
1.020000000000000000e+02
1.040000000000000000e+02
1.080000000000000000e+02
1.090000000000000000e+02
1.170000000000000000e+02
1.170000000000000000e+02
1.300000000000000000e+02
1.400000000000000000e+02
1.490000000000000000e+02
1.700000000000000000e+02
1.830000000000000000e+02
2.140000000000000000e+02
2.380000000000000000e+02
2.680000000000000000e+02
2.730000000000000000e+02
2.990000000000000000e+02
3.330000000000000000e+02
3.420000000000000000e+02
3.620000000000000000e+02
3.860000000000000000e+02
4.070000000000000000e+02
4.180000000000000000e+02
4.230000000000000000e+02
4.370000000000000000e+02
4.280000000000000000e+02
4.420000000000000000e+02
4.430000000000000000e+02
4.560000000000000000e+02
4.630000000000000000e+02
4.540000000000000000e+02
4.590000000000000000e+02
4.460000000000000000e+02
4.480000000000000000e+02
4.450000000000000000e+02
4.540000000000000000e+02
4.290000000000000000e+02
4.400000000000000000e+02
4.500000000000000000e+02
4.540000000000000000e+02
4.620000000000000000e+02
4.710000000000000000e+02
4.520000000000000000e+02
4.340000000000000000e+02
4.220000000000000000e+02
3.910000000000000000e+02
3.770000000000000000e+02
3.740000000000000000e+02
3.600000000000000000e+02
3.580000000000000000e+02
3.610000000000000000e+02
3.610000000000000000e+02
3.600000000000000000e+02
3.640000000000000000e+02
3.580000000000000000e+02
3.590000000000000000e+02
3.560000000000000000e+02
3.520000000000000000e+02
3.500000000000000000e+02
3.490000000000000000e+02
3.380000000000000000e+02
3.340000000000000000e+02
3.380000000000000000e+02
3.250000000000000000e+02
3.310000000000000000e+02
3.270000000000000000e+02
3.180000000000000000e+02
3.150000000000000000e+02
3.010000000000000000e+02
3.000000000000000000e+02
2.980000000000000000e+02
2.890000000000000000e+02
2.770000000000000000e+02
2.760000000000000000e+02
2.650000000000000000e+02
2.620000000000000000e+02
2.560000000000000000e+02
2.610000000000000000e+02
2.470000000000000000e+02
2.500000000000000000e+02
2.520000000000000000e+02
2.530000000000000000e+02
2.560000000000000000e+02
2.510000000000000000e+02
2.590000000000000000e+02
2.660000000000000000e+02
2.750000000000000000e+02
2.780000000000000000e+02
2.870000000000000000e+02
2.790000000000000000e+02
2.810000000000000000e+02
2.810000000000000000e+02
2.830000000000000000e+02
3.070000000000000000e+02
3.160000000000000000e+02
3.210000000000000000e+02
3.260000000000000000e+02
3.230000000000000000e+02
3.260000000000000000e+02
3.280000000000000000e+02
3.440000000000000000e+02
3.360000000000000000e+02
3.250000000000000000e+02
3.380000000000000000e+02
3.430000000000000000e+02
3.300000000000000000e+02
3.260000000000000000e+02
3.260000000000000000e+02
3.080000000000000000e+02
3.180000000000000000e+02
3.040000000000000000e+02
2.860000000000000000e+02
2.790000000000000000e+02
2.700000000000000000e+02
2.760000000000000000e+02
2.720000000000000000e+02
2.710000000000000000e+02
2.690000000000000000e+02
2.620000000000000000e+02
2.590000000000000000e+02
2.700000000000000000e+02
