1.410000000000000000e+02
1.490000000000000000e+02
1.550000000000000000e+02
1.460000000000000000e+02
1.360000000000000000e+02
1.370000000000000000e+02
1.340000000000000000e+02
1.390000000000000000e+02
1.380000000000000000e+02
1.330000000000000000e+02
1.350000000000000000e+02
1.250000000000000000e+02
1.200000000000000000e+02
1.310000000000000000e+02
1.330000000000000000e+02
1.340000000000000000e+02
1.310000000000000000e+02
1.250000000000000000e+02
1.280000000000000000e+02
1.240000000000000000e+02
1.200000000000000000e+02
1.150000000000000000e+02
1.170000000000000000e+02
1.090000000000000000e+02
1.120000000000000000e+02
1.040000000000000000e+02
9.600000000000000000e+01
9.800000000000000000e+01
9.600000000000000000e+01
1.020000000000000000e+02
1.020000000000000000e+02
1.080000000000000000e+02
1.040000000000000000e+02
1.090000000000000000e+02
1.140000000000000000e+02
1.200000000000000000e+02
1.210000000000000000e+02
1.430000000000000000e+02
1.390000000000000000e+02
1.470000000000000000e+02
1.530000000000000000e+02
1.610000000000000000e+02
1.800000000000000000e+02
1.860000000000000000e+02
1.850000000000000000e+02
1.990000000000000000e+02
2.160000000000000000e+02
2.280000000000000000e+02
2.360000000000000000e+02
2.390000000000000000e+02
2.440000000000000000e+02
2.420000000000000000e+02
2.640000000000000000e+02
2.550000000000000000e+02
2.550000000000000000e+02
2.550000000000000000e+02
2.430000000000000000e+02
2.480000000000000000e+02
2.370000000000000000e+02
2.190000000000000000e+02
2.220000000000000000e+02
2.240000000000000000e+02
2.200000000000000000e+02
2.290000000000000000e+02
2.110000000000000000e+02
2.200000000000000000e+02
2.270000000000000000e+02
2.220000000000000000e+02
2.150000000000000000e+02
2.180000000000000000e+02
2.080000000000000000e+02
1.890000000000000000e+02
1.700000000000000000e+02
1.760000000000000000e+02
1.770000000000000000e+02
1.830000000000000000e+02
1.740000000000000000e+02
1.700000000000000000e+02
1.680000000000000000e+02
1.830000000000000000e+02
1.880000000000000000e+02
2.020000000000000000e+02
2.180000000000000000e+02
2.440000000000000000e+02
2.600000000000000000e+02
2.780000000000000000e+02
2.880000000000000000e+02
2.930000000000000000e+02
3.110000000000000000e+02
3.100000000000000000e+02
3.090000000000000000e+02
2.970000000000000000e+02
2.800000000000000000e+02
2.580000000000000000e+02
2.510000000000000000e+02
2.430000000000000000e+02
2.320000000000000000e+02
2.220000000000000000e+02
2.210000000000000000e+02
2.220000000000000000e+02
2.140000000000000000e+02
2.010000000000000000e+02
2.040000000000000000e+02
2.010000000000000000e+02
1.850000000000000000e+02
1.720000000000000000e+02
1.490000000000000000e+02
1.490000000000000000e+02
1.540000000000000000e+02
1.530000000000000000e+02
1.470000000000000000e+02
1.350000000000000000e+02
1.360000000000000000e+02
1.360000000000000000e+02
1.380000000000000000e+02
1.330000000000000000e+02
1.250000000000000000e+02
1.260000000000000000e+02
1.200000000000000000e+02
1.130000000000000000e+02
1.210000000000000000e+02
