1.740000000000000000e+02
1.670000000000000000e+02
1.720000000000000000e+02
1.660000000000000000e+02
1.670000000000000000e+02
1.650000000000000000e+02
1.600000000000000000e+02
1.640000000000000000e+02
1.600000000000000000e+02
1.660000000000000000e+02
1.610000000000000000e+02
1.620000000000000000e+02
1.650000000000000000e+02
1.660000000000000000e+02
1.650000000000000000e+02
1.590000000000000000e+02
1.530000000000000000e+02
1.490000000000000000e+02
1.480000000000000000e+02
1.350000000000000000e+02
1.300000000000000000e+02
1.340000000000000000e+02
1.250000000000000000e+02
1.210000000000000000e+02
1.130000000000000000e+02
1.120000000000000000e+02
1.070000000000000000e+02
1.040000000000000000e+02
1.000000000000000000e+02
9.600000000000000000e+01
1.010000000000000000e+02
9.700000000000000000e+01
1.020000000000000000e+02
1.020000000000000000e+02
1.040000000000000000e+02
1.000000000000000000e+02
1.070000000000000000e+02
1.030000000000000000e+02
1.070000000000000000e+02
9.900000000000000000e+01
1.120000000000000000e+02
1.200000000000000000e+02
1.290000000000000000e+02
1.420000000000000000e+02
1.600000000000000000e+02
1.620000000000000000e+02
1.750000000000000000e+02
1.760000000000000000e+02
1.940000000000000000e+02
2.020000000000000000e+02
2.070000000000000000e+02
2.030000000000000000e+02
2.320000000000000000e+02
2.420000000000000000e+02
2.490000000000000000e+02
2.480000000000000000e+02
2.580000000000000000e+02
2.570000000000000000e+02
2.680000000000000000e+02
2.600000000000000000e+02
2.470000000000000000e+02
2.570000000000000000e+02
2.400000000000000000e+02
2.450000000000000000e+02
2.430000000000000000e+02
2.240000000000000000e+02
2.180000000000000000e+02
2.080000000000000000e+02
2.010000000000000000e+02
2.170000000000000000e+02
2.180000000000000000e+02
2.220000000000000000e+02
2.100000000000000000e+02
2.030000000000000000e+02
2.020000000000000000e+02
1.940000000000000000e+02
1.930000000000000000e+02
1.870000000000000000e+02
1.900000000000000000e+02
1.980000000000000000e+02
1.760000000000000000e+02
1.720000000000000000e+02
1.590000000000000000e+02
1.490000000000000000e+02
1.420000000000000000e+02
1.510000000000000000e+02
1.540000000000000000e+02
1.610000000000000000e+02
1.690000000000000000e+02
1.770000000000000000e+02
1.800000000000000000e+02
1.970000000000000000e+02
1.930000000000000000e+02
1.970000000000000000e+02
1.960000000000000000e+02
2.240000000000000000e+02
2.430000000000000000e+02
2.420000000000000000e+02
2.470000000000000000e+02
2.390000000000000000e+02
2.410000000000000000e+02
2.460000000000000000e+02
2.450000000000000000e+02
2.370000000000000000e+02
2.310000000000000000e+02
2.230000000000000000e+02
2.160000000000000000e+02
2.090000000000000000e+02
1.990000000000000000e+02
1.920000000000000000e+02
1.870000000000000000e+02
1.840000000000000000e+02
1.710000000000000000e+02
1.580000000000000000e+02
1.510000000000000000e+02
1.520000000000000000e+02
1.450000000000000000e+02
1.430000000000000000e+02
1.440000000000000000e+02
1.380000000000000000e+02
1.370000000000000000e+02
