6.000000000000000000e+01
5.800000000000000000e+01
6.100000000000000000e+01
6.200000000000000000e+01
5.700000000000000000e+01
5.800000000000000000e+01
5.400000000000000000e+01
5.500000000000000000e+01
5.300000000000000000e+01
5.500000000000000000e+01
6.000000000000000000e+01
5.400000000000000000e+01
5.300000000000000000e+01
5.400000000000000000e+01
5.300000000000000000e+01
5.400000000000000000e+01
5.000000000000000000e+01
5.000000000000000000e+01
4.800000000000000000e+01
4.200000000000000000e+01
4.100000000000000000e+01
3.900000000000000000e+01
3.500000000000000000e+01
3.500000000000000000e+01
3.200000000000000000e+01
3.400000000000000000e+01
3.600000000000000000e+01
3.300000000000000000e+01
2.600000000000000000e+01
2.600000000000000000e+01
2.300000000000000000e+01
2.400000000000000000e+01
2.400000000000000000e+01
2.600000000000000000e+01
3.000000000000000000e+01
3.500000000000000000e+01
3.500000000000000000e+01
3.200000000000000000e+01
3.500000000000000000e+01
4.300000000000000000e+01
5.000000000000000000e+01
4.500000000000000000e+01
4.800000000000000000e+01
6.100000000000000000e+01
6.300000000000000000e+01
6.100000000000000000e+01
6.700000000000000000e+01
6.600000000000000000e+01
8.100000000000000000e+01
9.500000000000000000e+01
9.200000000000000000e+01
9.600000000000000000e+01
9.700000000000000000e+01
1.010000000000000000e+02
1.120000000000000000e+02
1.290000000000000000e+02
1.340000000000000000e+02
1.420000000000000000e+02
1.710000000000000000e+02
2.070000000000000000e+02
2.350000000000000000e+02
2.520000000000000000e+02
2.760000000000000000e+02
3.010000000000000000e+02
3.210000000000000000e+02
3.350000000000000000e+02
3.450000000000000000e+02
3.500000000000000000e+02
3.810000000000000000e+02
3.640000000000000000e+02
3.540000000000000000e+02
3.570000000000000000e+02
3.590000000000000000e+02
3.590000000000000000e+02
3.550000000000000000e+02
3.480000000000000000e+02
3.430000000000000000e+02
3.280000000000000000e+02
3.300000000000000000e+02
3.310000000000000000e+02
3.310000000000000000e+02
3.180000000000000000e+02
3.350000000000000000e+02
3.130000000000000000e+02
2.940000000000000000e+02
2.730000000000000000e+02
2.630000000000000000e+02
2.500000000000000000e+02
2.490000000000000000e+02
2.350000000000000000e+02
2.180000000000000000e+02
2.050000000000000000e+02
1.950000000000000000e+02
1.930000000000000000e+02
1.880000000000000000e+02
1.840000000000000000e+02
1.920000000000000000e+02
1.950000000000000000e+02
1.860000000000000000e+02
1.880000000000000000e+02
1.860000000000000000e+02
1.820000000000000000e+02
1.860000000000000000e+02
1.980000000000000000e+02
1.920000000000000000e+02
1.880000000000000000e+02
1.790000000000000000e+02
1.760000000000000000e+02
1.660000000000000000e+02
1.650000000000000000e+02
1.580000000000000000e+02
1.500000000000000000e+02
1.480000000000000000e+02
1.480000000000000000e+02
1.440000000000000000e+02
1.340000000000000000e+02
1.300000000000000000e+02
1.350000000000000000e+02
1.290000000000000000e+02
1.280000000000000000e+02
1.310000000000000000e+02
