1.130000000000000000e+02
1.090000000000000000e+02
1.160000000000000000e+02
1.200000000000000000e+02
1.240000000000000000e+02
1.210000000000000000e+02
1.320000000000000000e+02
1.360000000000000000e+02
1.600000000000000000e+02
1.710000000000000000e+02
1.730000000000000000e+02
1.960000000000000000e+02
2.120000000000000000e+02
2.360000000000000000e+02
2.610000000000000000e+02
2.890000000000000000e+02
3.280000000000000000e+02
3.380000000000000000e+02
3.620000000000000000e+02
3.820000000000000000e+02
3.940000000000000000e+02
3.990000000000000000e+02
4.090000000000000000e+02
4.290000000000000000e+02
4.480000000000000000e+02
4.700000000000000000e+02
4.840000000000000000e+02
4.880000000000000000e+02
4.870000000000000000e+02
4.640000000000000000e+02
4.770000000000000000e+02
4.660000000000000000e+02
4.640000000000000000e+02
4.720000000000000000e+02
4.730000000000000000e+02
4.740000000000000000e+02
4.590000000000000000e+02
4.460000000000000000e+02
4.560000000000000000e+02
4.620000000000000000e+02
4.590000000000000000e+02
4.520000000000000000e+02
4.500000000000000000e+02
4.510000000000000000e+02
4.610000000000000000e+02
4.530000000000000000e+02
4.720000000000000000e+02
4.530000000000000000e+02
4.380000000000000000e+02
4.440000000000000000e+02
4.450000000000000000e+02
4.460000000000000000e+02
4.370000000000000000e+02
4.310000000000000000e+02
4.350000000000000000e+02
4.290000000000000000e+02
4.130000000000000000e+02
4.140000000000000000e+02
3.840000000000000000e+02
3.850000000000000000e+02
3.810000000000000000e+02
3.780000000000000000e+02
3.660000000000000000e+02
3.600000000000000000e+02
3.440000000000000000e+02
3.510000000000000000e+02
3.610000000000000000e+02
3.500000000000000000e+02
3.360000000000000000e+02
3.310000000000000000e+02
3.500000000000000000e+02
3.320000000000000000e+02
3.430000000000000000e+02
3.330000000000000000e+02
3.420000000000000000e+02
3.280000000000000000e+02
3.240000000000000000e+02
3.080000000000000000e+02
2.930000000000000000e+02
2.920000000000000000e+02
3.020000000000000000e+02
2.960000000000000000e+02
2.860000000000000000e+02
2.910000000000000000e+02
2.860000000000000000e+02
2.750000000000000000e+02
2.770000000000000000e+02
2.690000000000000000e+02
2.650000000000000000e+02
2.580000000000000000e+02
2.620000000000000000e+02
2.560000000000000000e+02
2.640000000000000000e+02
2.710000000000000000e+02
2.580000000000000000e+02
2.750000000000000000e+02
2.620000000000000000e+02
2.600000000000000000e+02
2.530000000000000000e+02
2.520000000000000000e+02
2.600000000000000000e+02
2.750000000000000000e+02
2.790000000000000000e+02
2.870000000000000000e+02
3.180000000000000000e+02
3.170000000000000000e+02
3.280000000000000000e+02
3.240000000000000000e+02
3.280000000000000000e+02
3.270000000000000000e+02
3.160000000000000000e+02
3.220000000000000000e+02
3.190000000000000000e+02
3.230000000000000000e+02
3.310000000000000000e+02
3.300000000000000000e+02
3.190000000000000000e+02
3.260000000000000000e+02
3.220000000000000000e+02
3.150000000000000000e+02
3.350000000000000000e+02
3.320000000000000000e+02
