8.400000000000000000e+01
8.000000000000000000e+01
8.400000000000000000e+01
9.000000000000000000e+01
9.500000000000000000e+01
1.030000000000000000e+02
1.000000000000000000e+02
1.040000000000000000e+02
1.030000000000000000e+02
1.090000000000000000e+02
1.210000000000000000e+02
1.210000000000000000e+02
1.260000000000000000e+02
1.370000000000000000e+02
1.490000000000000000e+02
1.720000000000000000e+02
1.840000000000000000e+02
2.070000000000000000e+02
2.360000000000000000e+02
2.640000000000000000e+02
2.850000000000000000e+02
3.000000000000000000e+02
3.140000000000000000e+02
3.440000000000000000e+02
3.580000000000000000e+02
3.610000000000000000e+02
3.750000000000000000e+02
3.660000000000000000e+02
3.890000000000000000e+02
3.880000000000000000e+02
4.130000000000000000e+02
4.220000000000000000e+02
4.200000000000000000e+02
4.240000000000000000e+02
4.070000000000000000e+02
4.320000000000000000e+02
4.560000000000000000e+02
4.480000000000000000e+02
4.490000000000000000e+02
4.520000000000000000e+02
4.470000000000000000e+02
4.340000000000000000e+02
4.200000000000000000e+02
4.240000000000000000e+02
4.250000000000000000e+02
4.250000000000000000e+02
4.200000000000000000e+02
4.070000000000000000e+02
4.090000000000000000e+02
4.100000000000000000e+02
4.010000000000000000e+02
4.000000000000000000e+02
3.870000000000000000e+02
3.900000000000000000e+02
3.800000000000000000e+02
3.730000000000000000e+02
3.700000000000000000e+02
3.620000000000000000e+02
3.590000000000000000e+02
3.590000000000000000e+02
3.370000000000000000e+02
3.230000000000000000e+02
3.270000000000000000e+02
3.210000000000000000e+02
3.160000000000000000e+02
3.170000000000000000e+02
3.140000000000000000e+02
3.090000000000000000e+02
3.130000000000000000e+02
3.100000000000000000e+02
2.990000000000000000e+02
3.040000000000000000e+02
3.050000000000000000e+02
2.900000000000000000e+02
2.940000000000000000e+02
2.750000000000000000e+02
2.730000000000000000e+02
2.770000000000000000e+02
2.680000000000000000e+02
2.550000000000000000e+02
2.510000000000000000e+02
2.510000000000000000e+02
2.640000000000000000e+02
2.670000000000000000e+02
2.670000000000000000e+02
2.730000000000000000e+02
2.870000000000000000e+02
2.830000000000000000e+02
2.870000000000000000e+02
2.920000000000000000e+02
3.060000000000000000e+02
3.100000000000000000e+02
3.040000000000000000e+02
3.110000000000000000e+02
3.130000000000000000e+02
3.060000000000000000e+02
3.030000000000000000e+02
2.870000000000000000e+02
2.840000000000000000e+02
2.920000000000000000e+02
2.810000000000000000e+02
2.840000000000000000e+02
2.820000000000000000e+02
2.750000000000000000e+02
2.650000000000000000e+02
2.580000000000000000e+02
2.570000000000000000e+02
2.490000000000000000e+02
2.420000000000000000e+02
2.300000000000000000e+02
2.140000000000000000e+02
2.090000000000000000e+02
2.040000000000000000e+02
2.040000000000000000e+02
2.030000000000000000e+02
2.250000000000000000e+02
2.250000000000000000e+02
2.340000000000000000e+02
2.440000000000000000e+02
2.800000000000000000e+02
3.070000000000000000e+02
3.250000000000000000e+02
