7.300000000000000000e+01
6.800000000000000000e+01
7.500000000000000000e+01
7.900000000000000000e+01
8.300000000000000000e+01
8.100000000000000000e+01
8.800000000000000000e+01
9.200000000000000000e+01
9.600000000000000000e+01
1.020000000000000000e+02
1.070000000000000000e+02
1.220000000000000000e+02
1.270000000000000000e+02
1.300000000000000000e+02
1.410000000000000000e+02
1.570000000000000000e+02
1.700000000000000000e+02
1.800000000000000000e+02
1.910000000000000000e+02
2.120000000000000000e+02
2.270000000000000000e+02
2.510000000000000000e+02
2.740000000000000000e+02
3.010000000000000000e+02
3.200000000000000000e+02
3.370000000000000000e+02
3.770000000000000000e+02
4.120000000000000000e+02
4.310000000000000000e+02
4.320000000000000000e+02
4.330000000000000000e+02
4.430000000000000000e+02
4.540000000000000000e+02
4.810000000000000000e+02
4.590000000000000000e+02
4.800000000000000000e+02
4.810000000000000000e+02
4.860000000000000000e+02
4.870000000000000000e+02
4.940000000000000000e+02
4.880000000000000000e+02
4.710000000000000000e+02
4.840000000000000000e+02
5.030000000000000000e+02
4.880000000000000000e+02
4.900000000000000000e+02
4.930000000000000000e+02
4.650000000000000000e+02
4.550000000000000000e+02
4.500000000000000000e+02
4.640000000000000000e+02
4.770000000000000000e+02
4.550000000000000000e+02
4.370000000000000000e+02
4.230000000000000000e+02
4.410000000000000000e+02
4.190000000000000000e+02
4.010000000000000000e+02
4.030000000000000000e+02
3.920000000000000000e+02
3.920000000000000000e+02
3.890000000000000000e+02
3.870000000000000000e+02
3.840000000000000000e+02
3.860000000000000000e+02
3.750000000000000000e+02
3.790000000000000000e+02
3.750000000000000000e+02
3.620000000000000000e+02
3.580000000000000000e+02
3.450000000000000000e+02
3.350000000000000000e+02
3.350000000000000000e+02
3.190000000000000000e+02
3.080000000000000000e+02
2.990000000000000000e+02
3.010000000000000000e+02
2.900000000000000000e+02
2.880000000000000000e+02
2.840000000000000000e+02
2.880000000000000000e+02
2.820000000000000000e+02
2.890000000000000000e+02
2.820000000000000000e+02
2.620000000000000000e+02
2.660000000000000000e+02
2.690000000000000000e+02
2.680000000000000000e+02
2.530000000000000000e+02
2.510000000000000000e+02
2.570000000000000000e+02
2.550000000000000000e+02
2.520000000000000000e+02
2.530000000000000000e+02
2.460000000000000000e+02
2.550000000000000000e+02
2.690000000000000000e+02
2.760000000000000000e+02
2.930000000000000000e+02
2.960000000000000000e+02
3.090000000000000000e+02
3.120000000000000000e+02
3.250000000000000000e+02
3.260000000000000000e+02
3.260000000000000000e+02
3.230000000000000000e+02
3.150000000000000000e+02
3.120000000000000000e+02
3.210000000000000000e+02
3.150000000000000000e+02
3.200000000000000000e+02
3.210000000000000000e+02
3.280000000000000000e+02
3.290000000000000000e+02
3.290000000000000000e+02
3.340000000000000000e+02
3.300000000000000000e+02
3.230000000000000000e+02
3.260000000000000000e+02
3.270000000000000000e+02
3.310000000000000000e+02
3.290000000000000000e+02
