4.100000000000000000e+01
4.100000000000000000e+01
4.300000000000000000e+01
4.800000000000000000e+01
5.300000000000000000e+01
5.400000000000000000e+01
5.800000000000000000e+01
6.400000000000000000e+01
6.600000000000000000e+01
7.500000000000000000e+01
7.900000000000000000e+01
8.200000000000000000e+01
8.900000000000000000e+01
9.000000000000000000e+01
1.030000000000000000e+02
1.110000000000000000e+02
1.200000000000000000e+02
1.180000000000000000e+02
1.210000000000000000e+02
1.260000000000000000e+02
1.320000000000000000e+02
1.320000000000000000e+02
1.390000000000000000e+02
1.450000000000000000e+02
1.510000000000000000e+02
1.540000000000000000e+02
1.570000000000000000e+02
1.650000000000000000e+02
1.660000000000000000e+02
1.640000000000000000e+02
1.620000000000000000e+02
1.610000000000000000e+02
1.570000000000000000e+02
1.590000000000000000e+02
1.520000000000000000e+02
1.510000000000000000e+02
1.520000000000000000e+02
1.460000000000000000e+02
1.450000000000000000e+02
1.440000000000000000e+02
1.440000000000000000e+02
1.410000000000000000e+02
1.400000000000000000e+02
1.430000000000000000e+02
1.450000000000000000e+02
1.440000000000000000e+02
1.380000000000000000e+02
1.280000000000000000e+02
1.260000000000000000e+02
1.280000000000000000e+02
1.310000000000000000e+02
1.290000000000000000e+02
1.250000000000000000e+02
1.150000000000000000e+02
1.160000000000000000e+02
1.130000000000000000e+02
1.120000000000000000e+02
1.090000000000000000e+02
1.080000000000000000e+02
1.130000000000000000e+02
1.100000000000000000e+02
1.050000000000000000e+02
1.110000000000000000e+02
1.190000000000000000e+02
1.210000000000000000e+02
1.200000000000000000e+02
1.230000000000000000e+02
1.310000000000000000e+02
1.370000000000000000e+02
1.360000000000000000e+02
1.380000000000000000e+02
1.430000000000000000e+02
1.450000000000000000e+02
1.450000000000000000e+02
1.380000000000000000e+02
1.430000000000000000e+02
1.450000000000000000e+02
1.450000000000000000e+02
1.450000000000000000e+02
1.370000000000000000e+02
1.380000000000000000e+02
1.380000000000000000e+02
1.310000000000000000e+02
1.290000000000000000e+02
1.240000000000000000e+02
1.240000000000000000e+02
1.260000000000000000e+02
1.250000000000000000e+02
1.240000000000000000e+02
1.240000000000000000e+02
1.200000000000000000e+02
1.160000000000000000e+02
1.160000000000000000e+02
1.130000000000000000e+02
1.140000000000000000e+02
1.160000000000000000e+02
1.220000000000000000e+02
1.250000000000000000e+02
1.270000000000000000e+02
1.250000000000000000e+02
1.250000000000000000e+02
1.200000000000000000e+02
1.180000000000000000e+02
1.170000000000000000e+02
1.150000000000000000e+02
1.130000000000000000e+02
1.100000000000000000e+02
1.040000000000000000e+02
1.040000000000000000e+02
1.000000000000000000e+02
1.000000000000000000e+02
9.200000000000000000e+01
9.100000000000000000e+01
8.900000000000000000e+01
8.600000000000000000e+01
8.400000000000000000e+01
8.400000000000000000e+01
8.900000000000000000e+01
9.200000000000000000e+01
9.100000000000000000e+01
9.300000000000000000e+01
9.400000000000000000e+01
1.010000000000000000e+02
