9.000000000000000000e+01
8.600000000000000000e+01
8.700000000000000000e+01
9.400000000000000000e+01
9.100000000000000000e+01
9.000000000000000000e+01
9.600000000000000000e+01
1.060000000000000000e+02
1.140000000000000000e+02
1.050000000000000000e+02
1.160000000000000000e+02
1.190000000000000000e+02
1.360000000000000000e+02
1.390000000000000000e+02
1.470000000000000000e+02
1.520000000000000000e+02
1.720000000000000000e+02
1.990000000000000000e+02
2.290000000000000000e+02
2.680000000000000000e+02
3.050000000000000000e+02
3.370000000000000000e+02
3.480000000000000000e+02
3.620000000000000000e+02
3.680000000000000000e+02
3.890000000000000000e+02
3.960000000000000000e+02
4.200000000000000000e+02
4.180000000000000000e+02
4.420000000000000000e+02
4.620000000000000000e+02
4.950000000000000000e+02
4.890000000000000000e+02
5.010000000000000000e+02
4.970000000000000000e+02
5.010000000000000000e+02
5.040000000000000000e+02
4.980000000000000000e+02
4.930000000000000000e+02
4.900000000000000000e+02
4.740000000000000000e+02
4.630000000000000000e+02
4.750000000000000000e+02
4.710000000000000000e+02
4.620000000000000000e+02
4.610000000000000000e+02
4.490000000000000000e+02
4.390000000000000000e+02
4.380000000000000000e+02
4.330000000000000000e+02
4.420000000000000000e+02
4.410000000000000000e+02
4.460000000000000000e+02
4.510000000000000000e+02
4.400000000000000000e+02
4.280000000000000000e+02
4.050000000000000000e+02
3.850000000000000000e+02
3.880000000000000000e+02
3.700000000000000000e+02
3.880000000000000000e+02
3.820000000000000000e+02
3.810000000000000000e+02
3.740000000000000000e+02
3.610000000000000000e+02
3.590000000000000000e+02
3.630000000000000000e+02
3.470000000000000000e+02
3.460000000000000000e+02
3.430000000000000000e+02
3.350000000000000000e+02
3.200000000000000000e+02
3.070000000000000000e+02
3.050000000000000000e+02
3.100000000000000000e+02
2.920000000000000000e+02
2.690000000000000000e+02
2.620000000000000000e+02
2.560000000000000000e+02
2.600000000000000000e+02
2.540000000000000000e+02
2.430000000000000000e+02
2.410000000000000000e+02
2.490000000000000000e+02
2.310000000000000000e+02
2.480000000000000000e+02
2.420000000000000000e+02
2.380000000000000000e+02
2.280000000000000000e+02
2.330000000000000000e+02
2.340000000000000000e+02
2.320000000000000000e+02
2.460000000000000000e+02
2.450000000000000000e+02
2.530000000000000000e+02
2.580000000000000000e+02
2.690000000000000000e+02
2.890000000000000000e+02
2.970000000000000000e+02
3.120000000000000000e+02
3.120000000000000000e+02
3.020000000000000000e+02
3.030000000000000000e+02
3.100000000000000000e+02
3.200000000000000000e+02
3.130000000000000000e+02
3.180000000000000000e+02
3.240000000000000000e+02
3.270000000000000000e+02
3.270000000000000000e+02
3.170000000000000000e+02
3.190000000000000000e+02
3.170000000000000000e+02
3.130000000000000000e+02
3.000000000000000000e+02
2.960000000000000000e+02
2.890000000000000000e+02
2.720000000000000000e+02
2.810000000000000000e+02
2.670000000000000000e+02
2.630000000000000000e+02
2.570000000000000000e+02
