8.600000000000000000e+01
9.300000000000000000e+01
9.100000000000000000e+01
9.100000000000000000e+01
8.500000000000000000e+01
8.200000000000000000e+01
8.400000000000000000e+01
8.100000000000000000e+01
7.600000000000000000e+01
8.000000000000000000e+01
8.400000000000000000e+01
8.000000000000000000e+01
7.700000000000000000e+01
8.700000000000000000e+01
8.500000000000000000e+01
8.500000000000000000e+01
7.900000000000000000e+01
7.900000000000000000e+01
8.500000000000000000e+01
8.300000000000000000e+01
7.400000000000000000e+01
7.500000000000000000e+01
6.800000000000000000e+01
7.100000000000000000e+01
7.100000000000000000e+01
7.300000000000000000e+01
7.200000000000000000e+01
7.800000000000000000e+01
7.700000000000000000e+01
7.300000000000000000e+01
7.100000000000000000e+01
7.700000000000000000e+01
8.500000000000000000e+01
8.200000000000000000e+01
9.400000000000000000e+01
1.030000000000000000e+02
1.050000000000000000e+02
1.170000000000000000e+02
1.240000000000000000e+02
1.290000000000000000e+02
1.400000000000000000e+02
1.550000000000000000e+02
1.670000000000000000e+02
1.730000000000000000e+02
1.850000000000000000e+02
2.030000000000000000e+02
2.200000000000000000e+02
2.250000000000000000e+02
2.260000000000000000e+02
2.420000000000000000e+02
2.510000000000000000e+02
2.630000000000000000e+02
2.570000000000000000e+02
2.780000000000000000e+02
2.710000000000000000e+02
2.790000000000000000e+02
2.830000000000000000e+02
2.730000000000000000e+02
2.920000000000000000e+02
2.990000000000000000e+02
3.010000000000000000e+02
2.800000000000000000e+02
2.700000000000000000e+02
2.740000000000000000e+02
2.630000000000000000e+02
2.630000000000000000e+02
2.510000000000000000e+02
2.590000000000000000e+02
2.580000000000000000e+02
2.580000000000000000e+02
2.600000000000000000e+02
2.440000000000000000e+02
2.290000000000000000e+02
2.130000000000000000e+02
2.210000000000000000e+02
2.160000000000000000e+02
2.120000000000000000e+02
2.040000000000000000e+02
1.900000000000000000e+02
1.910000000000000000e+02
1.880000000000000000e+02
1.910000000000000000e+02
1.950000000000000000e+02
1.960000000000000000e+02
1.920000000000000000e+02
1.940000000000000000e+02
1.970000000000000000e+02
2.180000000000000000e+02
2.090000000000000000e+02
2.190000000000000000e+02
2.180000000000000000e+02
2.440000000000000000e+02
2.470000000000000000e+02
2.400000000000000000e+02
2.360000000000000000e+02
2.390000000000000000e+02
2.370000000000000000e+02
2.430000000000000000e+02
2.380000000000000000e+02
2.360000000000000000e+02
2.160000000000000000e+02
2.060000000000000000e+02
1.980000000000000000e+02
1.910000000000000000e+02
1.820000000000000000e+02
1.790000000000000000e+02
1.780000000000000000e+02
1.670000000000000000e+02
1.690000000000000000e+02
1.670000000000000000e+02
1.700000000000000000e+02
1.650000000000000000e+02
1.540000000000000000e+02
1.490000000000000000e+02
1.480000000000000000e+02
1.510000000000000000e+02
1.560000000000000000e+02
1.390000000000000000e+02
1.340000000000000000e+02
1.390000000000000000e+02
1.380000000000000000e+02
