1.090000000000000000e+02
1.140000000000000000e+02
1.220000000000000000e+02
1.160000000000000000e+02
1.220000000000000000e+02
1.260000000000000000e+02
1.310000000000000000e+02
1.380000000000000000e+02
1.480000000000000000e+02
1.700000000000000000e+02
1.900000000000000000e+02
2.050000000000000000e+02
2.360000000000000000e+02
2.790000000000000000e+02
2.960000000000000000e+02
3.050000000000000000e+02
3.410000000000000000e+02
3.620000000000000000e+02
4.210000000000000000e+02
4.460000000000000000e+02
4.440000000000000000e+02
4.570000000000000000e+02
4.630000000000000000e+02
4.810000000000000000e+02
4.750000000000000000e+02
4.610000000000000000e+02
4.840000000000000000e+02
4.760000000000000000e+02
4.890000000000000000e+02
4.860000000000000000e+02
4.920000000000000000e+02
5.020000000000000000e+02
5.130000000000000000e+02
5.110000000000000000e+02
5.020000000000000000e+02
4.820000000000000000e+02
4.700000000000000000e+02
4.740000000000000000e+02
4.870000000000000000e+02
4.980000000000000000e+02
4.850000000000000000e+02
4.660000000000000000e+02
4.590000000000000000e+02
4.570000000000000000e+02
4.550000000000000000e+02
4.570000000000000000e+02
4.500000000000000000e+02
4.450000000000000000e+02
4.420000000000000000e+02
4.410000000000000000e+02
4.430000000000000000e+02
4.340000000000000000e+02
4.180000000000000000e+02
4.210000000000000000e+02
4.130000000000000000e+02
4.010000000000000000e+02
3.970000000000000000e+02
3.950000000000000000e+02
3.870000000000000000e+02
3.940000000000000000e+02
3.950000000000000000e+02
3.730000000000000000e+02
3.640000000000000000e+02
3.730000000000000000e+02
3.630000000000000000e+02
3.800000000000000000e+02
3.760000000000000000e+02
3.810000000000000000e+02
3.730000000000000000e+02
3.610000000000000000e+02
3.580000000000000000e+02
3.580000000000000000e+02
3.330000000000000000e+02
3.420000000000000000e+02
3.340000000000000000e+02
3.400000000000000000e+02
3.310000000000000000e+02
3.320000000000000000e+02
3.320000000000000000e+02
3.090000000000000000e+02
3.020000000000000000e+02
2.880000000000000000e+02
2.930000000000000000e+02
2.840000000000000000e+02
2.780000000000000000e+02
2.570000000000000000e+02
2.480000000000000000e+02
2.460000000000000000e+02
2.380000000000000000e+02
2.340000000000000000e+02
2.370000000000000000e+02
2.330000000000000000e+02
2.360000000000000000e+02
2.490000000000000000e+02
2.540000000000000000e+02
2.520000000000000000e+02
2.640000000000000000e+02
2.820000000000000000e+02
2.890000000000000000e+02
2.780000000000000000e+02
2.720000000000000000e+02
2.700000000000000000e+02
2.790000000000000000e+02
2.780000000000000000e+02
2.730000000000000000e+02
2.740000000000000000e+02
2.730000000000000000e+02
2.770000000000000000e+02
2.780000000000000000e+02
2.870000000000000000e+02
2.920000000000000000e+02
2.810000000000000000e+02
2.570000000000000000e+02
2.670000000000000000e+02
2.680000000000000000e+02
2.660000000000000000e+02
2.580000000000000000e+02
2.470000000000000000e+02
2.480000000000000000e+02
2.520000000000000000e+02
2.540000000000000000e+02
2.580000000000000000e+02
