6.700000000000000000e+01
5.800000000000000000e+01
5.700000000000000000e+01
5.400000000000000000e+01
4.700000000000000000e+01
5.100000000000000000e+01
5.200000000000000000e+01
5.300000000000000000e+01
5.200000000000000000e+01
5.100000000000000000e+01
5.600000000000000000e+01
5.300000000000000000e+01
5.400000000000000000e+01
5.300000000000000000e+01
5.500000000000000000e+01
5.200000000000000000e+01
4.700000000000000000e+01
5.200000000000000000e+01
4.600000000000000000e+01
4.000000000000000000e+01
3.700000000000000000e+01
3.700000000000000000e+01
3.500000000000000000e+01
3.400000000000000000e+01
3.400000000000000000e+01
3.500000000000000000e+01
3.400000000000000000e+01
3.700000000000000000e+01
3.300000000000000000e+01
3.000000000000000000e+01
2.800000000000000000e+01
2.800000000000000000e+01
2.400000000000000000e+01
2.600000000000000000e+01
2.400000000000000000e+01
2.300000000000000000e+01
2.500000000000000000e+01
2.800000000000000000e+01
2.900000000000000000e+01
3.700000000000000000e+01
3.600000000000000000e+01
3.700000000000000000e+01
4.100000000000000000e+01
4.200000000000000000e+01
5.400000000000000000e+01
5.200000000000000000e+01
6.000000000000000000e+01
5.900000000000000000e+01
5.900000000000000000e+01
5.900000000000000000e+01
7.100000000000000000e+01
7.500000000000000000e+01
8.100000000000000000e+01
9.100000000000000000e+01
9.000000000000000000e+01
9.100000000000000000e+01
9.800000000000000000e+01
1.260000000000000000e+02
1.320000000000000000e+02
1.480000000000000000e+02
1.650000000000000000e+02
1.750000000000000000e+02
1.900000000000000000e+02
2.110000000000000000e+02
2.270000000000000000e+02
2.450000000000000000e+02
2.560000000000000000e+02
2.660000000000000000e+02
2.780000000000000000e+02
3.030000000000000000e+02
3.000000000000000000e+02
3.130000000000000000e+02
3.120000000000000000e+02
3.180000000000000000e+02
3.310000000000000000e+02
3.260000000000000000e+02
3.270000000000000000e+02
3.430000000000000000e+02
3.290000000000000000e+02
3.240000000000000000e+02
3.310000000000000000e+02
3.210000000000000000e+02
2.980000000000000000e+02
2.980000000000000000e+02
2.780000000000000000e+02
2.830000000000000000e+02
2.890000000000000000e+02
2.750000000000000000e+02
2.540000000000000000e+02
2.480000000000000000e+02
2.280000000000000000e+02
2.410000000000000000e+02
2.390000000000000000e+02
2.450000000000000000e+02
2.360000000000000000e+02
2.360000000000000000e+02
2.220000000000000000e+02
2.160000000000000000e+02
2.090000000000000000e+02
2.030000000000000000e+02
1.900000000000000000e+02
1.800000000000000000e+02
1.760000000000000000e+02
1.710000000000000000e+02
1.660000000000000000e+02
1.740000000000000000e+02
1.910000000000000000e+02
2.020000000000000000e+02
2.160000000000000000e+02
2.120000000000000000e+02
2.200000000000000000e+02
2.260000000000000000e+02
2.260000000000000000e+02
2.220000000000000000e+02
2.190000000000000000e+02
1.900000000000000000e+02
1.860000000000000000e+02
1.860000000000000000e+02
1.940000000000000000e+02
2.050000000000000000e+02
2.020000000000000000e+02
