8.200000000000000000e+01
8.400000000000000000e+01
8.500000000000000000e+01
8.200000000000000000e+01
8.400000000000000000e+01
8.500000000000000000e+01
8.100000000000000000e+01
9.000000000000000000e+01
9.700000000000000000e+01
1.010000000000000000e+02
1.140000000000000000e+02
1.120000000000000000e+02
1.160000000000000000e+02
1.200000000000000000e+02
1.320000000000000000e+02
1.400000000000000000e+02
1.610000000000000000e+02
1.820000000000000000e+02
1.770000000000000000e+02
1.890000000000000000e+02
2.160000000000000000e+02
2.480000000000000000e+02
2.570000000000000000e+02
2.740000000000000000e+02
2.920000000000000000e+02
2.930000000000000000e+02
3.240000000000000000e+02
3.280000000000000000e+02
3.440000000000000000e+02
3.620000000000000000e+02
3.710000000000000000e+02
3.800000000000000000e+02
3.780000000000000000e+02
4.040000000000000000e+02
4.030000000000000000e+02
4.040000000000000000e+02
4.240000000000000000e+02
4.160000000000000000e+02
4.170000000000000000e+02
4.120000000000000000e+02
4.150000000000000000e+02
4.130000000000000000e+02
4.060000000000000000e+02
3.970000000000000000e+02
3.910000000000000000e+02
4.050000000000000000e+02
4.020000000000000000e+02
4.080000000000000000e+02
4.100000000000000000e+02
4.120000000000000000e+02
4.100000000000000000e+02
4.030000000000000000e+02
3.820000000000000000e+02
3.790000000000000000e+02
3.870000000000000000e+02
3.880000000000000000e+02
3.730000000000000000e+02
3.640000000000000000e+02
3.570000000000000000e+02
3.400000000000000000e+02
3.490000000000000000e+02
3.400000000000000000e+02
3.240000000000000000e+02
3.170000000000000000e+02
3.060000000000000000e+02
3.110000000000000000e+02
3.010000000000000000e+02
3.020000000000000000e+02
2.920000000000000000e+02
2.860000000000000000e+02
2.890000000000000000e+02
2.960000000000000000e+02
2.860000000000000000e+02
2.900000000000000000e+02
2.890000000000000000e+02
2.920000000000000000e+02
2.900000000000000000e+02
2.990000000000000000e+02
2.900000000000000000e+02
2.890000000000000000e+02
2.820000000000000000e+02
2.870000000000000000e+02
2.950000000000000000e+02
2.860000000000000000e+02
2.730000000000000000e+02
2.660000000000000000e+02
2.570000000000000000e+02
2.650000000000000000e+02
2.740000000000000000e+02
2.710000000000000000e+02
2.880000000000000000e+02
2.880000000000000000e+02
2.920000000000000000e+02
3.030000000000000000e+02
3.170000000000000000e+02
3.230000000000000000e+02
3.230000000000000000e+02
3.320000000000000000e+02
3.420000000000000000e+02
3.260000000000000000e+02
3.390000000000000000e+02
3.270000000000000000e+02
3.210000000000000000e+02
3.060000000000000000e+02
3.030000000000000000e+02
3.050000000000000000e+02
3.090000000000000000e+02
3.070000000000000000e+02
3.030000000000000000e+02
3.020000000000000000e+02
3.020000000000000000e+02
2.890000000000000000e+02
2.880000000000000000e+02
3.010000000000000000e+02
3.110000000000000000e+02
3.020000000000000000e+02
2.970000000000000000e+02
2.800000000000000000e+02
2.750000000000000000e+02
2.700000000000000000e+02
2.880000000000000000e+02
2.800000000000000000e+02
