1.730000000000000000e+02
1.760000000000000000e+02
1.700000000000000000e+02
1.770000000000000000e+02
1.870000000000000000e+02
1.850000000000000000e+02
1.870000000000000000e+02
2.150000000000000000e+02
2.310000000000000000e+02
2.450000000000000000e+02
2.550000000000000000e+02
2.930000000000000000e+02
3.110000000000000000e+02
3.230000000000000000e+02
3.320000000000000000e+02
3.800000000000000000e+02
3.880000000000000000e+02
3.940000000000000000e+02
4.060000000000000000e+02
3.890000000000000000e+02
4.010000000000000000e+02
3.940000000000000000e+02
3.770000000000000000e+02
3.820000000000000000e+02
3.610000000000000000e+02
3.600000000000000000e+02
3.550000000000000000e+02
3.490000000000000000e+02
3.440000000000000000e+02
3.330000000000000000e+02
3.390000000000000000e+02
3.270000000000000000e+02
3.240000000000000000e+02
3.220000000000000000e+02
3.140000000000000000e+02
3.060000000000000000e+02
3.120000000000000000e+02
3.010000000000000000e+02
3.020000000000000000e+02
2.870000000000000000e+02
3.020000000000000000e+02
2.810000000000000000e+02
2.740000000000000000e+02
2.680000000000000000e+02
2.600000000000000000e+02
2.530000000000000000e+02
2.540000000000000000e+02
2.610000000000000000e+02
2.580000000000000000e+02
2.730000000000000000e+02
2.860000000000000000e+02
2.870000000000000000e+02
2.920000000000000000e+02
3.090000000000000000e+02
3.300000000000000000e+02
3.290000000000000000e+02
3.370000000000000000e+02
3.210000000000000000e+02
3.230000000000000000e+02
3.070000000000000000e+02
3.160000000000000000e+02
3.100000000000000000e+02
3.230000000000000000e+02
3.380000000000000000e+02
3.250000000000000000e+02
3.230000000000000000e+02
3.190000000000000000e+02
3.290000000000000000e+02
3.170000000000000000e+02
3.190000000000000000e+02
3.120000000000000000e+02
2.890000000000000000e+02
2.780000000000000000e+02
2.850000000000000000e+02
2.750000000000000000e+02
2.680000000000000000e+02
2.780000000000000000e+02
2.720000000000000000e+02
2.610000000000000000e+02
2.540000000000000000e+02
2.510000000000000000e+02
2.510000000000000000e+02
2.430000000000000000e+02
2.490000000000000000e+02
2.550000000000000000e+02
2.650000000000000000e+02
2.770000000000000000e+02
2.760000000000000000e+02
2.820000000000000000e+02
2.940000000000000000e+02
3.070000000000000000e+02
3.040000000000000000e+02
3.210000000000000000e+02
3.060000000000000000e+02
2.920000000000000000e+02
3.060000000000000000e+02
3.130000000000000000e+02
2.930000000000000000e+02
2.940000000000000000e+02
2.720000000000000000e+02
2.660000000000000000e+02
2.670000000000000000e+02
2.540000000000000000e+02
2.410000000000000000e+02
2.330000000000000000e+02
2.160000000000000000e+02
2.070000000000000000e+02
2.080000000000000000e+02
2.030000000000000000e+02
1.940000000000000000e+02
1.970000000000000000e+02
1.940000000000000000e+02
1.920000000000000000e+02
1.940000000000000000e+02
1.890000000000000000e+02
1.880000000000000000e+02
1.910000000000000000e+02
2.000000000000000000e+02
1.970000000000000000e+02
2.070000000000000000e+02
2.130000000000000000e+02
