8.600000000000000000e+01
9.600000000000000000e+01
9.800000000000000000e+01
9.500000000000000000e+01
1.040000000000000000e+02
1.070000000000000000e+02
1.160000000000000000e+02
1.180000000000000000e+02
1.330000000000000000e+02
1.310000000000000000e+02
1.340000000000000000e+02
1.500000000000000000e+02
1.730000000000000000e+02
1.740000000000000000e+02
1.930000000000000000e+02
2.110000000000000000e+02
2.450000000000000000e+02
2.670000000000000000e+02
2.790000000000000000e+02
3.060000000000000000e+02
3.450000000000000000e+02
3.620000000000000000e+02
3.740000000000000000e+02
4.120000000000000000e+02
4.030000000000000000e+02
4.340000000000000000e+02
4.530000000000000000e+02
4.850000000000000000e+02
4.950000000000000000e+02
5.140000000000000000e+02
5.130000000000000000e+02
5.180000000000000000e+02
5.190000000000000000e+02
5.110000000000000000e+02
5.070000000000000000e+02
5.050000000000000000e+02
5.050000000000000000e+02
5.110000000000000000e+02
5.130000000000000000e+02
5.180000000000000000e+02
5.070000000000000000e+02
4.990000000000000000e+02
4.890000000000000000e+02
4.840000000000000000e+02
4.880000000000000000e+02
4.800000000000000000e+02
4.740000000000000000e+02
4.560000000000000000e+02
4.330000000000000000e+02
4.290000000000000000e+02
4.210000000000000000e+02
4.100000000000000000e+02
4.010000000000000000e+02
4.030000000000000000e+02
4.040000000000000000e+02
3.970000000000000000e+02
4.120000000000000000e+02
3.910000000000000000e+02
3.840000000000000000e+02
3.700000000000000000e+02
3.680000000000000000e+02
3.640000000000000000e+02
3.650000000000000000e+02
3.670000000000000000e+02
3.410000000000000000e+02
3.320000000000000000e+02
3.380000000000000000e+02
3.430000000000000000e+02
3.460000000000000000e+02
3.470000000000000000e+02
3.400000000000000000e+02
3.260000000000000000e+02
3.230000000000000000e+02
3.250000000000000000e+02
3.220000000000000000e+02
3.190000000000000000e+02
3.260000000000000000e+02
3.190000000000000000e+02
3.120000000000000000e+02
3.060000000000000000e+02
2.960000000000000000e+02
2.750000000000000000e+02
2.770000000000000000e+02
2.840000000000000000e+02
2.690000000000000000e+02
2.690000000000000000e+02
2.770000000000000000e+02
2.730000000000000000e+02
2.570000000000000000e+02
2.510000000000000000e+02
2.380000000000000000e+02
2.420000000000000000e+02
2.530000000000000000e+02
2.540000000000000000e+02
2.600000000000000000e+02
2.600000000000000000e+02
2.650000000000000000e+02
2.760000000000000000e+02
2.790000000000000000e+02
2.940000000000000000e+02
3.100000000000000000e+02
3.150000000000000000e+02
3.200000000000000000e+02
3.380000000000000000e+02
3.330000000000000000e+02
3.270000000000000000e+02
3.310000000000000000e+02
3.480000000000000000e+02
3.520000000000000000e+02
3.340000000000000000e+02
3.300000000000000000e+02
3.290000000000000000e+02
3.250000000000000000e+02
3.260000000000000000e+02
3.230000000000000000e+02
3.280000000000000000e+02
3.150000000000000000e+02
3.160000000000000000e+02
3.230000000000000000e+02
3.160000000000000000e+02
3.120000000000000000e+02
3.070000000000000000e+02
