1.000000000000000000e+02
9.700000000000000000e+01
9.800000000000000000e+01
9.500000000000000000e+01
1.080000000000000000e+02
1.010000000000000000e+02
1.070000000000000000e+02
1.090000000000000000e+02
1.100000000000000000e+02
1.110000000000000000e+02
1.070000000000000000e+02
1.090000000000000000e+02
1.130000000000000000e+02
1.200000000000000000e+02
1.150000000000000000e+02
1.120000000000000000e+02
1.100000000000000000e+02
1.060000000000000000e+02
9.900000000000000000e+01
1.030000000000000000e+02
1.070000000000000000e+02
9.400000000000000000e+01
7.900000000000000000e+01
7.800000000000000000e+01
7.000000000000000000e+01
6.900000000000000000e+01
7.400000000000000000e+01
7.600000000000000000e+01
7.800000000000000000e+01
8.700000000000000000e+01
8.700000000000000000e+01
8.000000000000000000e+01
8.600000000000000000e+01
8.700000000000000000e+01
8.200000000000000000e+01
8.000000000000000000e+01
9.800000000000000000e+01
1.050000000000000000e+02
1.030000000000000000e+02
1.120000000000000000e+02
1.230000000000000000e+02
1.310000000000000000e+02
1.420000000000000000e+02
1.590000000000000000e+02
1.610000000000000000e+02
1.830000000000000000e+02
1.990000000000000000e+02
1.920000000000000000e+02
2.000000000000000000e+02
2.110000000000000000e+02
2.110000000000000000e+02
2.210000000000000000e+02
2.360000000000000000e+02
2.410000000000000000e+02
2.570000000000000000e+02
2.580000000000000000e+02
2.690000000000000000e+02
2.670000000000000000e+02
2.530000000000000000e+02
2.730000000000000000e+02
2.620000000000000000e+02
2.490000000000000000e+02
2.440000000000000000e+02
2.450000000000000000e+02
2.370000000000000000e+02
2.340000000000000000e+02
2.240000000000000000e+02
2.160000000000000000e+02
2.240000000000000000e+02
2.140000000000000000e+02
2.220000000000000000e+02
2.170000000000000000e+02
2.120000000000000000e+02
2.050000000000000000e+02
2.010000000000000000e+02
1.960000000000000000e+02
2.060000000000000000e+02
2.000000000000000000e+02
1.810000000000000000e+02
1.900000000000000000e+02
1.880000000000000000e+02
1.950000000000000000e+02
1.900000000000000000e+02
1.980000000000000000e+02
2.270000000000000000e+02
2.320000000000000000e+02
2.390000000000000000e+02
2.390000000000000000e+02
2.380000000000000000e+02
2.450000000000000000e+02
2.380000000000000000e+02
2.460000000000000000e+02
2.500000000000000000e+02
2.550000000000000000e+02
2.470000000000000000e+02
2.420000000000000000e+02
2.340000000000000000e+02
2.380000000000000000e+02
2.360000000000000000e+02
2.210000000000000000e+02
2.030000000000000000e+02
1.920000000000000000e+02
1.970000000000000000e+02
2.000000000000000000e+02
1.900000000000000000e+02
1.840000000000000000e+02
1.710000000000000000e+02
1.640000000000000000e+02
1.640000000000000000e+02
1.470000000000000000e+02
1.450000000000000000e+02
1.520000000000000000e+02
1.520000000000000000e+02
1.460000000000000000e+02
1.420000000000000000e+02
1.460000000000000000e+02
1.360000000000000000e+02
1.380000000000000000e+02
1.390000000000000000e+02
1.420000000000000000e+02
1.420000000000000000e+02
