1.310000000000000000e+02
1.460000000000000000e+02
1.530000000000000000e+02
1.730000000000000000e+02
1.830000000000000000e+02
1.940000000000000000e+02
2.090000000000000000e+02
2.210000000000000000e+02
2.490000000000000000e+02
2.800000000000000000e+02
3.140000000000000000e+02
3.380000000000000000e+02
3.540000000000000000e+02
3.700000000000000000e+02
3.730000000000000000e+02
3.910000000000000000e+02
3.980000000000000000e+02
4.170000000000000000e+02
4.140000000000000000e+02
4.200000000000000000e+02
4.410000000000000000e+02
4.380000000000000000e+02
4.250000000000000000e+02
4.290000000000000000e+02
4.260000000000000000e+02
4.360000000000000000e+02
4.430000000000000000e+02
4.620000000000000000e+02
4.710000000000000000e+02
4.620000000000000000e+02
4.590000000000000000e+02
4.520000000000000000e+02
4.530000000000000000e+02
4.400000000000000000e+02
4.460000000000000000e+02
4.330000000000000000e+02
4.420000000000000000e+02
4.320000000000000000e+02
4.320000000000000000e+02
4.210000000000000000e+02
4.010000000000000000e+02
3.940000000000000000e+02
3.880000000000000000e+02
3.840000000000000000e+02
3.890000000000000000e+02
3.900000000000000000e+02
4.030000000000000000e+02
3.990000000000000000e+02
3.770000000000000000e+02
3.700000000000000000e+02
3.570000000000000000e+02
3.500000000000000000e+02
3.350000000000000000e+02
3.280000000000000000e+02
3.180000000000000000e+02
3.090000000000000000e+02
2.980000000000000000e+02
2.790000000000000000e+02
2.780000000000000000e+02
2.760000000000000000e+02
2.740000000000000000e+02
2.900000000000000000e+02
3.060000000000000000e+02
3.110000000000000000e+02
3.130000000000000000e+02
3.240000000000000000e+02
3.170000000000000000e+02
3.250000000000000000e+02
3.350000000000000000e+02
3.380000000000000000e+02
3.410000000000000000e+02
3.360000000000000000e+02
3.360000000000000000e+02
3.300000000000000000e+02
3.220000000000000000e+02
3.090000000000000000e+02
3.060000000000000000e+02
3.020000000000000000e+02
3.040000000000000000e+02
3.000000000000000000e+02
2.910000000000000000e+02
2.880000000000000000e+02
2.760000000000000000e+02
2.550000000000000000e+02
2.450000000000000000e+02
2.310000000000000000e+02
2.170000000000000000e+02
2.220000000000000000e+02
2.200000000000000000e+02
2.150000000000000000e+02
2.200000000000000000e+02
2.100000000000000000e+02
2.110000000000000000e+02
2.190000000000000000e+02
2.240000000000000000e+02
2.260000000000000000e+02
2.300000000000000000e+02
2.270000000000000000e+02
2.370000000000000000e+02
2.500000000000000000e+02
2.500000000000000000e+02
2.490000000000000000e+02
2.630000000000000000e+02
2.760000000000000000e+02
2.910000000000000000e+02
2.920000000000000000e+02
3.050000000000000000e+02
3.040000000000000000e+02
3.120000000000000000e+02
3.130000000000000000e+02
3.110000000000000000e+02
3.020000000000000000e+02
3.010000000000000000e+02
2.820000000000000000e+02
2.700000000000000000e+02
2.660000000000000000e+02
2.510000000000000000e+02
2.460000000000000000e+02
2.340000000000000000e+02
2.310000000000000000e+02
2.180000000000000000e+02
2.050000000000000000e+02
2.000000000000000000e+02
