8.600000000000000000e+01
7.700000000000000000e+01
8.400000000000000000e+01
9.100000000000000000e+01
8.500000000000000000e+01
8.700000000000000000e+01
7.900000000000000000e+01
8.300000000000000000e+01
9.300000000000000000e+01
9.700000000000000000e+01
9.000000000000000000e+01
9.300000000000000000e+01
9.600000000000000000e+01
9.000000000000000000e+01
8.800000000000000000e+01
9.300000000000000000e+01
8.900000000000000000e+01
7.800000000000000000e+01
7.400000000000000000e+01
7.200000000000000000e+01
7.400000000000000000e+01
7.400000000000000000e+01
6.800000000000000000e+01
6.200000000000000000e+01
5.900000000000000000e+01
5.700000000000000000e+01
6.600000000000000000e+01
7.200000000000000000e+01
7.000000000000000000e+01
7.300000000000000000e+01
7.800000000000000000e+01
7.800000000000000000e+01
7.900000000000000000e+01
8.900000000000000000e+01
9.900000000000000000e+01
9.800000000000000000e+01
1.050000000000000000e+02
1.110000000000000000e+02
1.200000000000000000e+02
1.360000000000000000e+02
1.510000000000000000e+02
1.660000000000000000e+02
1.740000000000000000e+02
1.870000000000000000e+02
1.890000000000000000e+02
2.060000000000000000e+02
2.230000000000000000e+02
2.320000000000000000e+02
2.380000000000000000e+02
2.490000000000000000e+02
2.550000000000000000e+02
2.730000000000000000e+02
2.770000000000000000e+02
3.020000000000000000e+02
3.170000000000000000e+02
3.380000000000000000e+02
3.230000000000000000e+02
3.350000000000000000e+02
3.210000000000000000e+02
3.200000000000000000e+02
3.190000000000000000e+02
3.140000000000000000e+02
3.110000000000000000e+02
3.010000000000000000e+02
3.030000000000000000e+02
2.950000000000000000e+02
2.740000000000000000e+02
2.670000000000000000e+02
2.680000000000000000e+02
2.610000000000000000e+02
2.570000000000000000e+02
2.490000000000000000e+02
2.420000000000000000e+02
2.420000000000000000e+02
2.300000000000000000e+02
2.200000000000000000e+02
2.120000000000000000e+02
2.110000000000000000e+02
2.020000000000000000e+02
1.840000000000000000e+02
1.740000000000000000e+02
1.680000000000000000e+02
1.710000000000000000e+02
1.750000000000000000e+02
1.710000000000000000e+02
1.710000000000000000e+02
1.740000000000000000e+02
1.750000000000000000e+02
1.770000000000000000e+02
1.840000000000000000e+02
1.920000000000000000e+02
2.080000000000000000e+02
2.140000000000000000e+02
2.260000000000000000e+02
2.340000000000000000e+02
2.360000000000000000e+02
2.470000000000000000e+02
2.540000000000000000e+02
2.520000000000000000e+02
2.320000000000000000e+02
2.410000000000000000e+02
2.350000000000000000e+02
2.250000000000000000e+02
2.260000000000000000e+02
2.320000000000000000e+02
2.160000000000000000e+02
2.070000000000000000e+02
2.000000000000000000e+02
1.940000000000000000e+02
1.840000000000000000e+02
1.850000000000000000e+02
1.700000000000000000e+02
1.690000000000000000e+02
1.730000000000000000e+02
1.680000000000000000e+02
1.500000000000000000e+02
1.460000000000000000e+02
1.370000000000000000e+02
1.340000000000000000e+02
1.330000000000000000e+02
1.290000000000000000e+02
