6.700000000000000000e+01
7.400000000000000000e+01
7.700000000000000000e+01
7.800000000000000000e+01
7.500000000000000000e+01
7.600000000000000000e+01
8.400000000000000000e+01
9.000000000000000000e+01
9.800000000000000000e+01
1.030000000000000000e+02
1.220000000000000000e+02
1.290000000000000000e+02
1.430000000000000000e+02
1.690000000000000000e+02
1.770000000000000000e+02
1.890000000000000000e+02
2.150000000000000000e+02
2.150000000000000000e+02
2.430000000000000000e+02
2.670000000000000000e+02
2.760000000000000000e+02
3.030000000000000000e+02
3.360000000000000000e+02
3.330000000000000000e+02
3.230000000000000000e+02
3.450000000000000000e+02
3.560000000000000000e+02
3.550000000000000000e+02
3.830000000000000000e+02
3.830000000000000000e+02
4.040000000000000000e+02
4.110000000000000000e+02
4.240000000000000000e+02
4.270000000000000000e+02
4.370000000000000000e+02
4.280000000000000000e+02
4.380000000000000000e+02
4.460000000000000000e+02
4.410000000000000000e+02
4.350000000000000000e+02
4.290000000000000000e+02
4.330000000000000000e+02
4.270000000000000000e+02
4.120000000000000000e+02
4.040000000000000000e+02
4.010000000000000000e+02
4.080000000000000000e+02
4.140000000000000000e+02
4.150000000000000000e+02
3.870000000000000000e+02
3.890000000000000000e+02
3.830000000000000000e+02
3.780000000000000000e+02
3.870000000000000000e+02
3.780000000000000000e+02
3.450000000000000000e+02
3.360000000000000000e+02
3.260000000000000000e+02
3.430000000000000000e+02
3.270000000000000000e+02
3.330000000000000000e+02
3.210000000000000000e+02
3.340000000000000000e+02
3.260000000000000000e+02
3.350000000000000000e+02
3.280000000000000000e+02
3.210000000000000000e+02
3.230000000000000000e+02
3.160000000000000000e+02
3.030000000000000000e+02
3.050000000000000000e+02
3.030000000000000000e+02
3.050000000000000000e+02
3.090000000000000000e+02
2.990000000000000000e+02
3.010000000000000000e+02
2.950000000000000000e+02
3.000000000000000000e+02
2.940000000000000000e+02
2.760000000000000000e+02
2.820000000000000000e+02
2.830000000000000000e+02
2.920000000000000000e+02
2.810000000000000000e+02
2.650000000000000000e+02
2.700000000000000000e+02
2.500000000000000000e+02
2.680000000000000000e+02
2.640000000000000000e+02
2.580000000000000000e+02
2.680000000000000000e+02
2.830000000000000000e+02
2.830000000000000000e+02
3.030000000000000000e+02
2.860000000000000000e+02
2.980000000000000000e+02
3.080000000000000000e+02
3.090000000000000000e+02
3.350000000000000000e+02
3.310000000000000000e+02
3.300000000000000000e+02
3.360000000000000000e+02
3.150000000000000000e+02
3.120000000000000000e+02
3.040000000000000000e+02
3.010000000000000000e+02
3.000000000000000000e+02
3.000000000000000000e+02
2.930000000000000000e+02
2.890000000000000000e+02
2.810000000000000000e+02
2.750000000000000000e+02
2.610000000000000000e+02
2.750000000000000000e+02
2.750000000000000000e+02
2.880000000000000000e+02
2.820000000000000000e+02
2.840000000000000000e+02
2.770000000000000000e+02
2.650000000000000000e+02
2.750000000000000000e+02
2.770000000000000000e+02
