1.140000000000000000e+02
1.260000000000000000e+02
1.360000000000000000e+02
1.350000000000000000e+02
1.470000000000000000e+02
1.610000000000000000e+02
1.760000000000000000e+02
1.790000000000000000e+02
1.980000000000000000e+02
2.230000000000000000e+02
2.330000000000000000e+02
2.470000000000000000e+02
2.620000000000000000e+02
2.630000000000000000e+02
2.800000000000000000e+02
2.960000000000000000e+02
3.240000000000000000e+02
3.160000000000000000e+02
3.150000000000000000e+02
3.150000000000000000e+02
3.280000000000000000e+02
3.290000000000000000e+02
3.290000000000000000e+02
3.340000000000000000e+02
3.410000000000000000e+02
3.600000000000000000e+02
3.510000000000000000e+02
3.500000000000000000e+02
3.610000000000000000e+02
3.600000000000000000e+02
3.650000000000000000e+02
3.730000000000000000e+02
3.670000000000000000e+02
3.790000000000000000e+02
3.740000000000000000e+02
3.630000000000000000e+02
3.360000000000000000e+02
3.280000000000000000e+02
3.290000000000000000e+02
3.300000000000000000e+02
3.300000000000000000e+02
3.160000000000000000e+02
3.140000000000000000e+02
3.100000000000000000e+02
3.010000000000000000e+02
3.070000000000000000e+02
3.100000000000000000e+02
3.020000000000000000e+02
2.950000000000000000e+02
2.750000000000000000e+02
2.620000000000000000e+02
2.530000000000000000e+02
2.590000000000000000e+02
2.550000000000000000e+02
2.630000000000000000e+02
2.530000000000000000e+02
2.640000000000000000e+02
2.710000000000000000e+02
2.770000000000000000e+02
2.710000000000000000e+02
2.670000000000000000e+02
2.770000000000000000e+02
2.810000000000000000e+02
2.800000000000000000e+02
3.020000000000000000e+02
3.020000000000000000e+02
3.110000000000000000e+02
3.100000000000000000e+02
3.150000000000000000e+02
3.270000000000000000e+02
3.320000000000000000e+02
3.220000000000000000e+02
3.300000000000000000e+02
3.270000000000000000e+02
3.380000000000000000e+02
3.250000000000000000e+02
3.290000000000000000e+02
3.110000000000000000e+02
2.990000000000000000e+02
2.880000000000000000e+02
2.850000000000000000e+02
2.770000000000000000e+02
2.720000000000000000e+02
2.620000000000000000e+02
2.560000000000000000e+02
2.530000000000000000e+02
2.400000000000000000e+02
2.410000000000000000e+02
2.410000000000000000e+02
2.420000000000000000e+02
2.400000000000000000e+02
2.510000000000000000e+02
2.380000000000000000e+02
2.360000000000000000e+02
2.420000000000000000e+02
2.450000000000000000e+02
2.470000000000000000e+02
2.490000000000000000e+02
2.570000000000000000e+02
2.510000000000000000e+02
2.490000000000000000e+02
2.470000000000000000e+02
2.460000000000000000e+02
2.430000000000000000e+02
2.440000000000000000e+02
2.490000000000000000e+02
2.470000000000000000e+02
2.440000000000000000e+02
2.340000000000000000e+02
2.260000000000000000e+02
2.300000000000000000e+02
2.330000000000000000e+02
2.330000000000000000e+02
2.120000000000000000e+02
2.100000000000000000e+02
2.290000000000000000e+02
2.380000000000000000e+02
2.370000000000000000e+02
2.360000000000000000e+02
2.270000000000000000e+02
2.310000000000000000e+02
2.280000000000000000e+02
2.290000000000000000e+02
