1.870000000000000000e+02
1.790000000000000000e+02
1.780000000000000000e+02
1.780000000000000000e+02
1.700000000000000000e+02
1.740000000000000000e+02
1.690000000000000000e+02
1.960000000000000000e+02
1.920000000000000000e+02
1.970000000000000000e+02
2.300000000000000000e+02
2.640000000000000000e+02
2.840000000000000000e+02
3.060000000000000000e+02
3.240000000000000000e+02
3.690000000000000000e+02
4.170000000000000000e+02
4.350000000000000000e+02
4.340000000000000000e+02
4.530000000000000000e+02
4.730000000000000000e+02
4.930000000000000000e+02
5.200000000000000000e+02
5.190000000000000000e+02
5.100000000000000000e+02
5.150000000000000000e+02
5.040000000000000000e+02
4.930000000000000000e+02
4.900000000000000000e+02
4.780000000000000000e+02
4.730000000000000000e+02
4.620000000000000000e+02
4.510000000000000000e+02
4.430000000000000000e+02
4.270000000000000000e+02
4.160000000000000000e+02
4.230000000000000000e+02
4.260000000000000000e+02
4.200000000000000000e+02
4.020000000000000000e+02
3.970000000000000000e+02
3.720000000000000000e+02
3.780000000000000000e+02
3.670000000000000000e+02
3.680000000000000000e+02
3.720000000000000000e+02
3.510000000000000000e+02
3.320000000000000000e+02
3.430000000000000000e+02
3.260000000000000000e+02
3.230000000000000000e+02
3.220000000000000000e+02
3.090000000000000000e+02
2.980000000000000000e+02
2.970000000000000000e+02
2.910000000000000000e+02
2.910000000000000000e+02
2.990000000000000000e+02
3.040000000000000000e+02
3.060000000000000000e+02
3.180000000000000000e+02
3.230000000000000000e+02
3.300000000000000000e+02
3.460000000000000000e+02
3.450000000000000000e+02
3.430000000000000000e+02
3.490000000000000000e+02
3.360000000000000000e+02
3.370000000000000000e+02
3.310000000000000000e+02
3.390000000000000000e+02
3.310000000000000000e+02
3.240000000000000000e+02
3.030000000000000000e+02
2.960000000000000000e+02
2.990000000000000000e+02
2.840000000000000000e+02
2.770000000000000000e+02
2.770000000000000000e+02
2.700000000000000000e+02
2.680000000000000000e+02
2.540000000000000000e+02
2.530000000000000000e+02
2.450000000000000000e+02
2.430000000000000000e+02
2.410000000000000000e+02
2.430000000000000000e+02
2.460000000000000000e+02
2.500000000000000000e+02
2.490000000000000000e+02
2.610000000000000000e+02
2.680000000000000000e+02
2.860000000000000000e+02
2.850000000000000000e+02
2.870000000000000000e+02
2.970000000000000000e+02
3.030000000000000000e+02
2.880000000000000000e+02
2.810000000000000000e+02
2.720000000000000000e+02
2.750000000000000000e+02
2.890000000000000000e+02
2.840000000000000000e+02
2.670000000000000000e+02
2.750000000000000000e+02
2.790000000000000000e+02
2.660000000000000000e+02
2.600000000000000000e+02
2.410000000000000000e+02
2.370000000000000000e+02
2.370000000000000000e+02
2.290000000000000000e+02
2.170000000000000000e+02
2.020000000000000000e+02
1.970000000000000000e+02
1.970000000000000000e+02
1.920000000000000000e+02
1.900000000000000000e+02
1.910000000000000000e+02
1.910000000000000000e+02
1.910000000000000000e+02
