1.280000000000000000e+02
1.240000000000000000e+02
1.390000000000000000e+02
1.510000000000000000e+02
1.570000000000000000e+02
1.610000000000000000e+02
1.750000000000000000e+02
1.970000000000000000e+02
2.080000000000000000e+02
2.190000000000000000e+02
2.140000000000000000e+02
2.390000000000000000e+02
2.420000000000000000e+02
2.760000000000000000e+02
2.980000000000000000e+02
3.220000000000000000e+02
3.300000000000000000e+02
3.250000000000000000e+02
3.290000000000000000e+02
3.410000000000000000e+02
3.400000000000000000e+02
3.570000000000000000e+02
3.480000000000000000e+02
3.690000000000000000e+02
3.670000000000000000e+02
3.670000000000000000e+02
3.640000000000000000e+02
3.540000000000000000e+02
3.490000000000000000e+02
3.620000000000000000e+02
3.650000000000000000e+02
3.520000000000000000e+02
3.410000000000000000e+02
3.360000000000000000e+02
3.260000000000000000e+02
3.240000000000000000e+02
3.260000000000000000e+02
3.200000000000000000e+02
3.030000000000000000e+02
3.050000000000000000e+02
2.910000000000000000e+02
3.000000000000000000e+02
2.940000000000000000e+02
2.860000000000000000e+02
2.800000000000000000e+02
2.800000000000000000e+02
2.710000000000000000e+02
2.560000000000000000e+02
2.540000000000000000e+02
2.480000000000000000e+02
2.550000000000000000e+02
2.530000000000000000e+02
2.690000000000000000e+02
2.620000000000000000e+02
2.710000000000000000e+02
2.700000000000000000e+02
2.690000000000000000e+02
2.960000000000000000e+02
3.010000000000000000e+02
3.050000000000000000e+02
3.080000000000000000e+02
3.040000000000000000e+02
3.110000000000000000e+02
3.060000000000000000e+02
3.160000000000000000e+02
3.090000000000000000e+02
3.120000000000000000e+02
3.010000000000000000e+02
2.900000000000000000e+02
2.870000000000000000e+02
2.730000000000000000e+02
2.530000000000000000e+02
2.610000000000000000e+02
2.520000000000000000e+02
2.480000000000000000e+02
2.450000000000000000e+02
2.400000000000000000e+02
2.170000000000000000e+02
2.120000000000000000e+02
2.200000000000000000e+02
2.230000000000000000e+02
2.290000000000000000e+02
2.350000000000000000e+02
2.400000000000000000e+02
2.470000000000000000e+02
2.440000000000000000e+02
2.420000000000000000e+02
2.460000000000000000e+02
2.540000000000000000e+02
2.650000000000000000e+02
2.700000000000000000e+02
2.870000000000000000e+02
2.660000000000000000e+02
2.620000000000000000e+02
2.590000000000000000e+02
2.700000000000000000e+02
2.700000000000000000e+02
2.670000000000000000e+02
2.640000000000000000e+02
2.590000000000000000e+02
2.490000000000000000e+02
2.430000000000000000e+02
2.320000000000000000e+02
2.260000000000000000e+02
2.260000000000000000e+02
2.200000000000000000e+02
2.100000000000000000e+02
2.080000000000000000e+02
2.020000000000000000e+02
2.020000000000000000e+02
2.000000000000000000e+02
1.890000000000000000e+02
1.880000000000000000e+02
1.770000000000000000e+02
1.750000000000000000e+02
1.650000000000000000e+02
1.640000000000000000e+02
1.620000000000000000e+02
1.620000000000000000e+02
1.760000000000000000e+02
1.740000000000000000e+02
1.770000000000000000e+02
1.820000000000000000e+02
