1.610000000000000000e+02
1.530000000000000000e+02
1.520000000000000000e+02
1.480000000000000000e+02
1.550000000000000000e+02
1.540000000000000000e+02
1.650000000000000000e+02
1.560000000000000000e+02
1.570000000000000000e+02
1.690000000000000000e+02
1.710000000000000000e+02
1.630000000000000000e+02
1.510000000000000000e+02
1.590000000000000000e+02
1.580000000000000000e+02
1.530000000000000000e+02
1.620000000000000000e+02
1.670000000000000000e+02
1.660000000000000000e+02
1.610000000000000000e+02
1.490000000000000000e+02
1.330000000000000000e+02
1.350000000000000000e+02
1.290000000000000000e+02
1.210000000000000000e+02
1.170000000000000000e+02
1.180000000000000000e+02
1.240000000000000000e+02
1.230000000000000000e+02
1.360000000000000000e+02
1.340000000000000000e+02
1.380000000000000000e+02
1.410000000000000000e+02
1.470000000000000000e+02
1.510000000000000000e+02
1.600000000000000000e+02
1.660000000000000000e+02
1.810000000000000000e+02
1.790000000000000000e+02
2.000000000000000000e+02
2.170000000000000000e+02
2.250000000000000000e+02
2.330000000000000000e+02
2.350000000000000000e+02
2.520000000000000000e+02
2.690000000000000000e+02
2.860000000000000000e+02
3.010000000000000000e+02
3.030000000000000000e+02
2.960000000000000000e+02
3.000000000000000000e+02
2.920000000000000000e+02
2.950000000000000000e+02
2.740000000000000000e+02
2.890000000000000000e+02
2.750000000000000000e+02
2.630000000000000000e+02
2.550000000000000000e+02
2.380000000000000000e+02
2.330000000000000000e+02
2.480000000000000000e+02
2.360000000000000000e+02
2.230000000000000000e+02
2.220000000000000000e+02
2.130000000000000000e+02
2.120000000000000000e+02
1.950000000000000000e+02
2.030000000000000000e+02
2.070000000000000000e+02
1.970000000000000000e+02
1.980000000000000000e+02
2.040000000000000000e+02
1.910000000000000000e+02
1.950000000000000000e+02
1.970000000000000000e+02
1.900000000000000000e+02
1.890000000000000000e+02
1.970000000000000000e+02
2.010000000000000000e+02
2.080000000000000000e+02
2.190000000000000000e+02
2.310000000000000000e+02
2.540000000000000000e+02
2.760000000000000000e+02
2.800000000000000000e+02
2.820000000000000000e+02
2.810000000000000000e+02
2.720000000000000000e+02
2.830000000000000000e+02
2.890000000000000000e+02
2.940000000000000000e+02
2.970000000000000000e+02
2.880000000000000000e+02
2.870000000000000000e+02
2.760000000000000000e+02
2.590000000000000000e+02
2.370000000000000000e+02
2.360000000000000000e+02
2.340000000000000000e+02
2.120000000000000000e+02
1.980000000000000000e+02
1.810000000000000000e+02
1.760000000000000000e+02
1.660000000000000000e+02
1.570000000000000000e+02
1.490000000000000000e+02
1.480000000000000000e+02
1.360000000000000000e+02
1.390000000000000000e+02
1.370000000000000000e+02
1.460000000000000000e+02
1.460000000000000000e+02
1.460000000000000000e+02
1.440000000000000000e+02
1.360000000000000000e+02
1.290000000000000000e+02
1.300000000000000000e+02
1.250000000000000000e+02
1.220000000000000000e+02
1.190000000000000000e+02
1.100000000000000000e+02
