1.600000000000000000e+02
1.580000000000000000e+02
1.540000000000000000e+02
1.530000000000000000e+02
1.450000000000000000e+02
1.440000000000000000e+02
1.460000000000000000e+02
1.470000000000000000e+02
1.360000000000000000e+02
1.330000000000000000e+02
1.310000000000000000e+02
1.320000000000000000e+02
1.330000000000000000e+02
1.200000000000000000e+02
1.270000000000000000e+02
1.340000000000000000e+02
1.330000000000000000e+02
1.360000000000000000e+02
1.250000000000000000e+02
1.160000000000000000e+02
1.110000000000000000e+02
1.110000000000000000e+02
1.070000000000000000e+02
9.700000000000000000e+01
9.300000000000000000e+01
8.800000000000000000e+01
9.500000000000000000e+01
8.800000000000000000e+01
9.100000000000000000e+01
8.900000000000000000e+01
8.900000000000000000e+01
8.300000000000000000e+01
8.600000000000000000e+01
8.900000000000000000e+01
9.300000000000000000e+01
1.010000000000000000e+02
1.160000000000000000e+02
1.240000000000000000e+02
1.260000000000000000e+02
1.450000000000000000e+02
1.420000000000000000e+02
1.490000000000000000e+02
1.570000000000000000e+02
1.660000000000000000e+02
1.790000000000000000e+02
1.970000000000000000e+02
2.160000000000000000e+02
2.390000000000000000e+02
2.530000000000000000e+02
2.790000000000000000e+02
2.900000000000000000e+02
2.870000000000000000e+02
3.130000000000000000e+02
3.130000000000000000e+02
3.240000000000000000e+02
3.250000000000000000e+02
3.240000000000000000e+02
3.060000000000000000e+02
3.060000000000000000e+02
2.840000000000000000e+02
2.830000000000000000e+02
2.810000000000000000e+02
2.820000000000000000e+02
2.760000000000000000e+02
2.730000000000000000e+02
2.670000000000000000e+02
2.570000000000000000e+02
2.490000000000000000e+02
2.470000000000000000e+02
2.530000000000000000e+02
2.470000000000000000e+02
2.450000000000000000e+02
2.300000000000000000e+02
2.250000000000000000e+02
2.240000000000000000e+02
2.120000000000000000e+02
2.160000000000000000e+02
2.170000000000000000e+02
2.040000000000000000e+02
1.940000000000000000e+02
1.790000000000000000e+02
1.840000000000000000e+02
1.870000000000000000e+02
1.830000000000000000e+02
1.800000000000000000e+02
1.910000000000000000e+02
1.960000000000000000e+02
2.070000000000000000e+02
2.090000000000000000e+02
2.110000000000000000e+02
2.160000000000000000e+02
2.240000000000000000e+02
2.260000000000000000e+02
2.280000000000000000e+02
2.200000000000000000e+02
2.250000000000000000e+02
2.250000000000000000e+02
2.250000000000000000e+02
2.190000000000000000e+02
2.130000000000000000e+02
2.080000000000000000e+02
2.090000000000000000e+02
2.080000000000000000e+02
2.090000000000000000e+02
2.100000000000000000e+02
2.010000000000000000e+02
2.030000000000000000e+02
2.050000000000000000e+02
1.990000000000000000e+02
1.890000000000000000e+02
1.890000000000000000e+02
1.970000000000000000e+02
1.780000000000000000e+02
1.600000000000000000e+02
1.690000000000000000e+02
1.620000000000000000e+02
1.740000000000000000e+02
1.730000000000000000e+02
1.830000000000000000e+02
1.760000000000000000e+02
1.690000000000000000e+02
