6.300000000000000000e+01
6.900000000000000000e+01
7.600000000000000000e+01
7.300000000000000000e+01
8.800000000000000000e+01
9.400000000000000000e+01
9.600000000000000000e+01
1.030000000000000000e+02
1.050000000000000000e+02
9.900000000000000000e+01
1.230000000000000000e+02
1.430000000000000000e+02
1.500000000000000000e+02
1.720000000000000000e+02
1.920000000000000000e+02
2.200000000000000000e+02
2.390000000000000000e+02
2.570000000000000000e+02
2.860000000000000000e+02
3.120000000000000000e+02
3.220000000000000000e+02
3.440000000000000000e+02
3.590000000000000000e+02
3.690000000000000000e+02
3.830000000000000000e+02
4.140000000000000000e+02
4.230000000000000000e+02
4.300000000000000000e+02
4.480000000000000000e+02
4.380000000000000000e+02
4.440000000000000000e+02
4.430000000000000000e+02
4.220000000000000000e+02
4.190000000000000000e+02
4.050000000000000000e+02
3.990000000000000000e+02
4.070000000000000000e+02
3.980000000000000000e+02
3.930000000000000000e+02
3.820000000000000000e+02
4.040000000000000000e+02
3.990000000000000000e+02
3.810000000000000000e+02
3.910000000000000000e+02
3.940000000000000000e+02
3.980000000000000000e+02
4.010000000000000000e+02
3.850000000000000000e+02
3.740000000000000000e+02
3.760000000000000000e+02
3.710000000000000000e+02
3.690000000000000000e+02
3.620000000000000000e+02
3.410000000000000000e+02
3.330000000000000000e+02
3.460000000000000000e+02
3.500000000000000000e+02
3.370000000000000000e+02
3.270000000000000000e+02
3.280000000000000000e+02
3.070000000000000000e+02
2.960000000000000000e+02
2.980000000000000000e+02
2.940000000000000000e+02
2.900000000000000000e+02
2.780000000000000000e+02
2.620000000000000000e+02
2.620000000000000000e+02
2.640000000000000000e+02
2.500000000000000000e+02
2.330000000000000000e+02
2.360000000000000000e+02
2.450000000000000000e+02
2.490000000000000000e+02
2.510000000000000000e+02
2.510000000000000000e+02
2.370000000000000000e+02
2.550000000000000000e+02
2.420000000000000000e+02
2.520000000000000000e+02
2.500000000000000000e+02
2.440000000000000000e+02
2.290000000000000000e+02
2.350000000000000000e+02
2.430000000000000000e+02
2.570000000000000000e+02
2.720000000000000000e+02
2.780000000000000000e+02
2.870000000000000000e+02
3.020000000000000000e+02
3.020000000000000000e+02
2.910000000000000000e+02
2.890000000000000000e+02
2.750000000000000000e+02
2.820000000000000000e+02
2.730000000000000000e+02
2.850000000000000000e+02
2.890000000000000000e+02
2.920000000000000000e+02
2.880000000000000000e+02
2.730000000000000000e+02
2.770000000000000000e+02
2.770000000000000000e+02
2.780000000000000000e+02
2.880000000000000000e+02
2.780000000000000000e+02
2.760000000000000000e+02
2.730000000000000000e+02
2.860000000000000000e+02
2.620000000000000000e+02
2.550000000000000000e+02
2.420000000000000000e+02
2.510000000000000000e+02
2.540000000000000000e+02
2.480000000000000000e+02
2.460000000000000000e+02
2.530000000000000000e+02
2.420000000000000000e+02
2.350000000000000000e+02
2.410000000000000000e+02
2.600000000000000000e+02
2.670000000000000000e+02
