6.100000000000000000e+01
6.400000000000000000e+01
6.500000000000000000e+01
7.900000000000000000e+01
7.400000000000000000e+01
7.300000000000000000e+01
8.100000000000000000e+01
7.300000000000000000e+01
7.200000000000000000e+01
7.700000000000000000e+01
7.600000000000000000e+01
8.300000000000000000e+01
6.900000000000000000e+01
6.700000000000000000e+01
7.000000000000000000e+01
6.700000000000000000e+01
7.000000000000000000e+01
7.300000000000000000e+01
7.000000000000000000e+01
6.900000000000000000e+01
5.900000000000000000e+01
5.100000000000000000e+01
5.100000000000000000e+01
4.600000000000000000e+01
4.400000000000000000e+01
4.400000000000000000e+01
4.000000000000000000e+01
3.400000000000000000e+01
3.200000000000000000e+01
2.900000000000000000e+01
2.800000000000000000e+01
2.600000000000000000e+01
2.600000000000000000e+01
2.700000000000000000e+01
2.900000000000000000e+01
2.800000000000000000e+01
3.600000000000000000e+01
3.500000000000000000e+01
4.000000000000000000e+01
4.500000000000000000e+01
4.500000000000000000e+01
5.400000000000000000e+01
5.800000000000000000e+01
6.400000000000000000e+01
6.700000000000000000e+01
7.400000000000000000e+01
7.500000000000000000e+01
7.800000000000000000e+01
8.200000000000000000e+01
8.500000000000000000e+01
9.200000000000000000e+01
9.500000000000000000e+01
1.120000000000000000e+02
1.250000000000000000e+02
1.370000000000000000e+02
1.380000000000000000e+02
1.510000000000000000e+02
1.730000000000000000e+02
2.130000000000000000e+02
2.390000000000000000e+02
2.640000000000000000e+02
2.830000000000000000e+02
2.980000000000000000e+02
3.180000000000000000e+02
3.400000000000000000e+02
3.490000000000000000e+02
3.500000000000000000e+02
3.620000000000000000e+02
3.650000000000000000e+02
3.690000000000000000e+02
3.510000000000000000e+02
3.550000000000000000e+02
3.440000000000000000e+02
3.550000000000000000e+02
3.490000000000000000e+02
3.460000000000000000e+02
3.450000000000000000e+02
3.320000000000000000e+02
3.330000000000000000e+02
3.280000000000000000e+02
3.250000000000000000e+02
3.180000000000000000e+02
3.070000000000000000e+02
2.890000000000000000e+02
2.770000000000000000e+02
2.840000000000000000e+02
2.640000000000000000e+02
2.510000000000000000e+02
2.350000000000000000e+02
2.230000000000000000e+02
2.130000000000000000e+02
2.060000000000000000e+02
1.940000000000000000e+02
1.850000000000000000e+02
1.750000000000000000e+02
1.760000000000000000e+02
1.870000000000000000e+02
1.910000000000000000e+02
1.940000000000000000e+02
1.890000000000000000e+02
1.890000000000000000e+02
1.920000000000000000e+02
2.020000000000000000e+02
2.060000000000000000e+02
2.000000000000000000e+02
1.980000000000000000e+02
1.930000000000000000e+02
2.070000000000000000e+02
2.000000000000000000e+02
1.850000000000000000e+02
1.760000000000000000e+02
1.660000000000000000e+02
1.640000000000000000e+02
1.550000000000000000e+02
1.570000000000000000e+02
1.550000000000000000e+02
1.610000000000000000e+02
1.610000000000000000e+02
1.550000000000000000e+02
1.590000000000000000e+02
1.510000000000000000e+02
