1.310000000000000000e+02
1.280000000000000000e+02
1.250000000000000000e+02
1.200000000000000000e+02
1.290000000000000000e+02
1.320000000000000000e+02
1.540000000000000000e+02
1.750000000000000000e+02
1.990000000000000000e+02
2.010000000000000000e+02
2.180000000000000000e+02
2.300000000000000000e+02
2.580000000000000000e+02
2.890000000000000000e+02
3.240000000000000000e+02
3.570000000000000000e+02
3.510000000000000000e+02
3.720000000000000000e+02
3.660000000000000000e+02
3.800000000000000000e+02
3.950000000000000000e+02
4.100000000000000000e+02
4.030000000000000000e+02
4.220000000000000000e+02
4.260000000000000000e+02
4.430000000000000000e+02
4.560000000000000000e+02
4.700000000000000000e+02
4.820000000000000000e+02
4.750000000000000000e+02
4.740000000000000000e+02
4.820000000000000000e+02
4.850000000000000000e+02
4.650000000000000000e+02
4.500000000000000000e+02
4.460000000000000000e+02
4.370000000000000000e+02
4.400000000000000000e+02
4.400000000000000000e+02
4.500000000000000000e+02
4.470000000000000000e+02
4.520000000000000000e+02
4.530000000000000000e+02
4.410000000000000000e+02
4.360000000000000000e+02
4.180000000000000000e+02
4.240000000000000000e+02
4.250000000000000000e+02
4.100000000000000000e+02
3.960000000000000000e+02
3.860000000000000000e+02
3.640000000000000000e+02
3.490000000000000000e+02
3.650000000000000000e+02
3.730000000000000000e+02
3.720000000000000000e+02
3.610000000000000000e+02
3.580000000000000000e+02
3.550000000000000000e+02
3.380000000000000000e+02
3.400000000000000000e+02
3.290000000000000000e+02
3.290000000000000000e+02
3.230000000000000000e+02
3.190000000000000000e+02
3.170000000000000000e+02
3.160000000000000000e+02
3.190000000000000000e+02
3.020000000000000000e+02
3.060000000000000000e+02
3.040000000000000000e+02
2.970000000000000000e+02
2.850000000000000000e+02
2.960000000000000000e+02
2.970000000000000000e+02
2.950000000000000000e+02
2.850000000000000000e+02
3.000000000000000000e+02
2.990000000000000000e+02
3.000000000000000000e+02
2.820000000000000000e+02
2.760000000000000000e+02
2.710000000000000000e+02
2.720000000000000000e+02
2.750000000000000000e+02
2.870000000000000000e+02
2.640000000000000000e+02
2.590000000000000000e+02
2.430000000000000000e+02
2.460000000000000000e+02
2.420000000000000000e+02
2.400000000000000000e+02
2.330000000000000000e+02
2.430000000000000000e+02
2.350000000000000000e+02
2.440000000000000000e+02
2.610000000000000000e+02
2.750000000000000000e+02
2.950000000000000000e+02
3.140000000000000000e+02
3.220000000000000000e+02
3.250000000000000000e+02
3.250000000000000000e+02
3.180000000000000000e+02
3.080000000000000000e+02
3.090000000000000000e+02
3.220000000000000000e+02
3.070000000000000000e+02
3.140000000000000000e+02
3.120000000000000000e+02
3.150000000000000000e+02
3.250000000000000000e+02
3.050000000000000000e+02
3.150000000000000000e+02
3.130000000000000000e+02
3.050000000000000000e+02
3.090000000000000000e+02
3.120000000000000000e+02
2.970000000000000000e+02
3.010000000000000000e+02
2.960000000000000000e+02
2.880000000000000000e+02
