9.900000000000000000e+01
9.800000000000000000e+01
1.040000000000000000e+02
1.150000000000000000e+02
1.180000000000000000e+02
1.160000000000000000e+02
1.280000000000000000e+02
1.410000000000000000e+02
1.500000000000000000e+02
1.510000000000000000e+02
1.740000000000000000e+02
1.820000000000000000e+02
1.960000000000000000e+02
2.260000000000000000e+02
2.420000000000000000e+02
2.760000000000000000e+02
2.960000000000000000e+02
3.240000000000000000e+02
3.360000000000000000e+02
3.690000000000000000e+02
3.900000000000000000e+02
3.950000000000000000e+02
4.130000000000000000e+02
4.200000000000000000e+02
4.350000000000000000e+02
4.350000000000000000e+02
4.320000000000000000e+02
4.530000000000000000e+02
4.610000000000000000e+02
4.480000000000000000e+02
4.300000000000000000e+02
4.500000000000000000e+02
4.490000000000000000e+02
4.380000000000000000e+02
4.350000000000000000e+02
4.260000000000000000e+02
4.410000000000000000e+02
4.620000000000000000e+02
4.590000000000000000e+02
4.470000000000000000e+02
4.460000000000000000e+02
4.480000000000000000e+02
4.500000000000000000e+02
4.300000000000000000e+02
4.160000000000000000e+02
3.990000000000000000e+02
3.890000000000000000e+02
3.940000000000000000e+02
3.730000000000000000e+02
3.740000000000000000e+02
3.830000000000000000e+02
3.920000000000000000e+02
3.830000000000000000e+02
3.860000000000000000e+02
3.980000000000000000e+02
3.940000000000000000e+02
3.830000000000000000e+02
3.650000000000000000e+02
3.800000000000000000e+02
3.770000000000000000e+02
3.800000000000000000e+02
3.750000000000000000e+02
3.770000000000000000e+02
3.800000000000000000e+02
3.480000000000000000e+02
3.350000000000000000e+02
3.330000000000000000e+02
3.350000000000000000e+02
3.320000000000000000e+02
3.220000000000000000e+02
3.100000000000000000e+02
2.890000000000000000e+02
2.870000000000000000e+02
2.820000000000000000e+02
2.780000000000000000e+02
2.730000000000000000e+02
2.690000000000000000e+02
2.760000000000000000e+02
2.710000000000000000e+02
2.720000000000000000e+02
2.570000000000000000e+02
2.610000000000000000e+02
2.690000000000000000e+02
2.660000000000000000e+02
2.620000000000000000e+02
2.570000000000000000e+02
2.740000000000000000e+02
2.750000000000000000e+02
2.800000000000000000e+02
2.920000000000000000e+02
2.910000000000000000e+02
2.960000000000000000e+02
3.130000000000000000e+02
3.330000000000000000e+02
3.360000000000000000e+02
3.230000000000000000e+02
3.120000000000000000e+02
3.050000000000000000e+02
3.060000000000000000e+02
3.010000000000000000e+02
3.100000000000000000e+02
3.060000000000000000e+02
3.080000000000000000e+02
3.040000000000000000e+02
2.970000000000000000e+02
2.870000000000000000e+02
2.820000000000000000e+02
2.750000000000000000e+02
2.650000000000000000e+02
2.570000000000000000e+02
2.630000000000000000e+02
2.530000000000000000e+02
2.450000000000000000e+02
2.460000000000000000e+02
2.470000000000000000e+02
2.430000000000000000e+02
2.450000000000000000e+02
2.590000000000000000e+02
2.630000000000000000e+02
2.820000000000000000e+02
2.850000000000000000e+02
3.100000000000000000e+02
