9.000000000000000000e+01
8.800000000000000000e+01
8.900000000000000000e+01
9.600000000000000000e+01
1.020000000000000000e+02
9.600000000000000000e+01
1.000000000000000000e+02
1.020000000000000000e+02
1.110000000000000000e+02
1.240000000000000000e+02
1.350000000000000000e+02
1.470000000000000000e+02
1.510000000000000000e+02
1.670000000000000000e+02
1.850000000000000000e+02
1.930000000000000000e+02
2.070000000000000000e+02
2.320000000000000000e+02
2.510000000000000000e+02
2.770000000000000000e+02
2.960000000000000000e+02
3.080000000000000000e+02
3.270000000000000000e+02
3.320000000000000000e+02
3.580000000000000000e+02
3.910000000000000000e+02
4.080000000000000000e+02
4.270000000000000000e+02
4.240000000000000000e+02
4.410000000000000000e+02
4.460000000000000000e+02
4.540000000000000000e+02
4.460000000000000000e+02
4.280000000000000000e+02
4.380000000000000000e+02
4.490000000000000000e+02
4.540000000000000000e+02
4.520000000000000000e+02
4.500000000000000000e+02
4.590000000000000000e+02
4.390000000000000000e+02
4.330000000000000000e+02
4.270000000000000000e+02
4.330000000000000000e+02
4.380000000000000000e+02
4.510000000000000000e+02
4.520000000000000000e+02
4.440000000000000000e+02
4.360000000000000000e+02
4.410000000000000000e+02
4.300000000000000000e+02
4.210000000000000000e+02
4.020000000000000000e+02
3.830000000000000000e+02
3.960000000000000000e+02
3.990000000000000000e+02
3.720000000000000000e+02
3.580000000000000000e+02
3.470000000000000000e+02
3.310000000000000000e+02
3.360000000000000000e+02
3.260000000000000000e+02
3.410000000000000000e+02
3.530000000000000000e+02
3.480000000000000000e+02
3.550000000000000000e+02
3.690000000000000000e+02
3.600000000000000000e+02
3.430000000000000000e+02
3.400000000000000000e+02
3.190000000000000000e+02
3.050000000000000000e+02
3.160000000000000000e+02
3.180000000000000000e+02
3.280000000000000000e+02
3.170000000000000000e+02
3.090000000000000000e+02
3.030000000000000000e+02
3.010000000000000000e+02
2.980000000000000000e+02
2.930000000000000000e+02
2.890000000000000000e+02
2.860000000000000000e+02
2.730000000000000000e+02
2.640000000000000000e+02
2.680000000000000000e+02
2.770000000000000000e+02
2.670000000000000000e+02
2.510000000000000000e+02
2.590000000000000000e+02
2.610000000000000000e+02
2.650000000000000000e+02
2.560000000000000000e+02
2.580000000000000000e+02
2.620000000000000000e+02
2.590000000000000000e+02
2.640000000000000000e+02
2.760000000000000000e+02
2.800000000000000000e+02
2.850000000000000000e+02
3.010000000000000000e+02
2.930000000000000000e+02
3.020000000000000000e+02
3.100000000000000000e+02
3.190000000000000000e+02
3.360000000000000000e+02
3.410000000000000000e+02
3.410000000000000000e+02
3.520000000000000000e+02
3.380000000000000000e+02
3.370000000000000000e+02
3.470000000000000000e+02
3.550000000000000000e+02
3.580000000000000000e+02
3.450000000000000000e+02
3.370000000000000000e+02
3.150000000000000000e+02
3.040000000000000000e+02
2.970000000000000000e+02
2.970000000000000000e+02
2.950000000000000000e+02
2.950000000000000000e+02
