6.900000000000000000e+01
6.800000000000000000e+01
6.900000000000000000e+01
6.900000000000000000e+01
7.100000000000000000e+01
6.700000000000000000e+01
7.000000000000000000e+01
8.100000000000000000e+01
8.200000000000000000e+01
8.700000000000000000e+01
9.900000000000000000e+01
1.150000000000000000e+02
1.250000000000000000e+02
1.380000000000000000e+02
1.620000000000000000e+02
1.880000000000000000e+02
2.100000000000000000e+02
2.390000000000000000e+02
2.660000000000000000e+02
3.000000000000000000e+02
3.240000000000000000e+02
3.330000000000000000e+02
3.540000000000000000e+02
3.660000000000000000e+02
3.730000000000000000e+02
3.880000000000000000e+02
4.010000000000000000e+02
4.060000000000000000e+02
4.070000000000000000e+02
3.950000000000000000e+02
4.120000000000000000e+02
4.270000000000000000e+02
4.180000000000000000e+02
4.220000000000000000e+02
3.940000000000000000e+02
3.900000000000000000e+02
3.930000000000000000e+02
4.000000000000000000e+02
3.970000000000000000e+02
3.990000000000000000e+02
3.880000000000000000e+02
3.840000000000000000e+02
3.660000000000000000e+02
3.660000000000000000e+02
3.820000000000000000e+02
3.860000000000000000e+02
3.700000000000000000e+02
3.650000000000000000e+02
3.630000000000000000e+02
3.550000000000000000e+02
3.480000000000000000e+02
3.560000000000000000e+02
3.650000000000000000e+02
3.640000000000000000e+02
3.620000000000000000e+02
3.610000000000000000e+02
3.470000000000000000e+02
3.470000000000000000e+02
3.480000000000000000e+02
3.400000000000000000e+02
3.250000000000000000e+02
3.290000000000000000e+02
3.200000000000000000e+02
3.120000000000000000e+02
3.010000000000000000e+02
3.040000000000000000e+02
2.960000000000000000e+02
2.800000000000000000e+02
2.790000000000000000e+02
2.890000000000000000e+02
2.700000000000000000e+02
2.620000000000000000e+02
2.630000000000000000e+02
2.560000000000000000e+02
2.550000000000000000e+02
2.470000000000000000e+02
2.500000000000000000e+02
2.300000000000000000e+02
2.350000000000000000e+02
2.380000000000000000e+02
2.390000000000000000e+02
2.330000000000000000e+02
2.400000000000000000e+02
2.600000000000000000e+02
2.700000000000000000e+02
2.820000000000000000e+02
2.920000000000000000e+02
2.930000000000000000e+02
2.960000000000000000e+02
3.080000000000000000e+02
3.250000000000000000e+02
3.110000000000000000e+02
3.060000000000000000e+02
3.020000000000000000e+02
3.160000000000000000e+02
3.320000000000000000e+02
3.370000000000000000e+02
3.660000000000000000e+02
3.660000000000000000e+02
3.740000000000000000e+02
3.700000000000000000e+02
3.660000000000000000e+02
3.490000000000000000e+02
3.640000000000000000e+02
3.570000000000000000e+02
3.450000000000000000e+02
3.390000000000000000e+02
3.320000000000000000e+02
3.240000000000000000e+02
3.080000000000000000e+02
3.020000000000000000e+02
3.130000000000000000e+02
3.130000000000000000e+02
3.080000000000000000e+02
3.020000000000000000e+02
2.900000000000000000e+02
2.880000000000000000e+02
2.900000000000000000e+02
2.680000000000000000e+02
2.590000000000000000e+02
2.540000000000000000e+02
2.500000000000000000e+02
