1.040000000000000000e+02
1.180000000000000000e+02
1.200000000000000000e+02
1.280000000000000000e+02
1.280000000000000000e+02
1.240000000000000000e+02
1.240000000000000000e+02
1.300000000000000000e+02
1.390000000000000000e+02
1.500000000000000000e+02
1.590000000000000000e+02
1.770000000000000000e+02
1.990000000000000000e+02
2.240000000000000000e+02
2.450000000000000000e+02
2.770000000000000000e+02
3.100000000000000000e+02
3.380000000000000000e+02
3.600000000000000000e+02
3.740000000000000000e+02
4.050000000000000000e+02
4.210000000000000000e+02
4.230000000000000000e+02
4.420000000000000000e+02
4.460000000000000000e+02
4.370000000000000000e+02
4.360000000000000000e+02
4.470000000000000000e+02
4.380000000000000000e+02
4.440000000000000000e+02
4.490000000000000000e+02
4.470000000000000000e+02
4.500000000000000000e+02
4.540000000000000000e+02
4.560000000000000000e+02
4.540000000000000000e+02
4.370000000000000000e+02
4.200000000000000000e+02
4.510000000000000000e+02
4.530000000000000000e+02
4.460000000000000000e+02
4.420000000000000000e+02
4.330000000000000000e+02
4.440000000000000000e+02
4.280000000000000000e+02
4.250000000000000000e+02
4.130000000000000000e+02
4.200000000000000000e+02
4.000000000000000000e+02
3.810000000000000000e+02
3.680000000000000000e+02
3.780000000000000000e+02
3.860000000000000000e+02
3.750000000000000000e+02
3.620000000000000000e+02
3.530000000000000000e+02
3.460000000000000000e+02
3.560000000000000000e+02
3.510000000000000000e+02
3.410000000000000000e+02
3.190000000000000000e+02
3.110000000000000000e+02
3.030000000000000000e+02
3.070000000000000000e+02
3.040000000000000000e+02
2.910000000000000000e+02
2.770000000000000000e+02
2.830000000000000000e+02
2.890000000000000000e+02
3.010000000000000000e+02
3.000000000000000000e+02
2.930000000000000000e+02
2.760000000000000000e+02
2.710000000000000000e+02
2.690000000000000000e+02
2.680000000000000000e+02
2.610000000000000000e+02
2.620000000000000000e+02
2.580000000000000000e+02
2.460000000000000000e+02
2.560000000000000000e+02
2.600000000000000000e+02
2.640000000000000000e+02
2.780000000000000000e+02
3.060000000000000000e+02
3.050000000000000000e+02
3.070000000000000000e+02
3.180000000000000000e+02
3.450000000000000000e+02
3.480000000000000000e+02
3.480000000000000000e+02
3.410000000000000000e+02
3.440000000000000000e+02
3.380000000000000000e+02
3.300000000000000000e+02
3.480000000000000000e+02
3.430000000000000000e+02
3.240000000000000000e+02
3.170000000000000000e+02
3.050000000000000000e+02
3.010000000000000000e+02
2.960000000000000000e+02
3.050000000000000000e+02
2.990000000000000000e+02
2.940000000000000000e+02
2.930000000000000000e+02
2.760000000000000000e+02
2.890000000000000000e+02
2.900000000000000000e+02
2.940000000000000000e+02
2.860000000000000000e+02
2.980000000000000000e+02
2.890000000000000000e+02
2.730000000000000000e+02
2.630000000000000000e+02
2.440000000000000000e+02
2.300000000000000000e+02
2.360000000000000000e+02
2.480000000000000000e+02
2.550000000000000000e+02
2.560000000000000000e+02
2.570000000000000000e+02
