4.100000000000000000e+01
4.400000000000000000e+01
4.500000000000000000e+01
4.900000000000000000e+01
5.400000000000000000e+01
5.200000000000000000e+01
5.700000000000000000e+01
6.600000000000000000e+01
7.000000000000000000e+01
7.700000000000000000e+01
7.900000000000000000e+01
8.000000000000000000e+01
8.700000000000000000e+01
9.100000000000000000e+01
9.800000000000000000e+01
1.000000000000000000e+02
1.090000000000000000e+02
1.140000000000000000e+02
1.130000000000000000e+02
1.240000000000000000e+02
1.230000000000000000e+02
1.170000000000000000e+02
1.180000000000000000e+02
1.250000000000000000e+02
1.300000000000000000e+02
1.370000000000000000e+02
1.350000000000000000e+02
1.420000000000000000e+02
1.530000000000000000e+02
1.610000000000000000e+02
1.560000000000000000e+02
1.600000000000000000e+02
1.550000000000000000e+02
1.560000000000000000e+02
1.560000000000000000e+02
1.600000000000000000e+02
1.660000000000000000e+02
1.690000000000000000e+02
1.700000000000000000e+02
1.680000000000000000e+02
1.620000000000000000e+02
1.690000000000000000e+02
1.630000000000000000e+02
1.690000000000000000e+02
1.690000000000000000e+02
1.720000000000000000e+02
1.760000000000000000e+02
1.740000000000000000e+02
1.670000000000000000e+02
1.670000000000000000e+02
1.630000000000000000e+02
1.660000000000000000e+02
1.680000000000000000e+02
1.630000000000000000e+02
1.650000000000000000e+02
1.560000000000000000e+02
1.490000000000000000e+02
1.480000000000000000e+02
1.390000000000000000e+02
1.380000000000000000e+02
1.360000000000000000e+02
1.310000000000000000e+02
1.330000000000000000e+02
1.330000000000000000e+02
1.290000000000000000e+02
1.360000000000000000e+02
1.340000000000000000e+02
1.320000000000000000e+02
1.290000000000000000e+02
1.380000000000000000e+02
1.370000000000000000e+02
1.360000000000000000e+02
1.330000000000000000e+02
1.330000000000000000e+02
1.320000000000000000e+02
1.270000000000000000e+02
1.190000000000000000e+02
1.150000000000000000e+02
1.190000000000000000e+02
1.230000000000000000e+02
1.220000000000000000e+02
1.250000000000000000e+02
1.300000000000000000e+02
1.290000000000000000e+02
1.220000000000000000e+02
1.190000000000000000e+02
1.160000000000000000e+02
1.110000000000000000e+02
1.070000000000000000e+02
1.050000000000000000e+02
1.030000000000000000e+02
1.010000000000000000e+02
1.020000000000000000e+02
1.070000000000000000e+02
1.100000000000000000e+02
1.090000000000000000e+02
1.090000000000000000e+02
1.060000000000000000e+02
1.030000000000000000e+02
1.070000000000000000e+02
1.050000000000000000e+02
1.010000000000000000e+02
1.030000000000000000e+02
1.060000000000000000e+02
1.100000000000000000e+02
1.120000000000000000e+02
1.080000000000000000e+02
1.100000000000000000e+02
1.130000000000000000e+02
1.070000000000000000e+02
1.110000000000000000e+02
1.100000000000000000e+02
1.070000000000000000e+02
1.070000000000000000e+02
1.060000000000000000e+02
1.050000000000000000e+02
1.010000000000000000e+02
1.110000000000000000e+02
1.110000000000000000e+02
1.090000000000000000e+02
1.050000000000000000e+02
1.050000000000000000e+02
1.010000000000000000e+02
