8.600000000000000000e+01
8.500000000000000000e+01
7.900000000000000000e+01
7.700000000000000000e+01
7.900000000000000000e+01
8.100000000000000000e+01
7.900000000000000000e+01
7.500000000000000000e+01
7.700000000000000000e+01
7.000000000000000000e+01
6.800000000000000000e+01
6.500000000000000000e+01
5.600000000000000000e+01
5.100000000000000000e+01
4.900000000000000000e+01
5.500000000000000000e+01
5.800000000000000000e+01
5.800000000000000000e+01
5.100000000000000000e+01
5.300000000000000000e+01
5.400000000000000000e+01
4.800000000000000000e+01
4.100000000000000000e+01
3.500000000000000000e+01
2.900000000000000000e+01
2.600000000000000000e+01
2.600000000000000000e+01
2.700000000000000000e+01
2.800000000000000000e+01
2.900000000000000000e+01
2.800000000000000000e+01
2.800000000000000000e+01
2.600000000000000000e+01
3.200000000000000000e+01
3.600000000000000000e+01
3.900000000000000000e+01
3.800000000000000000e+01
4.300000000000000000e+01
4.100000000000000000e+01
4.400000000000000000e+01
4.600000000000000000e+01
5.400000000000000000e+01
6.100000000000000000e+01
6.900000000000000000e+01
6.900000000000000000e+01
7.000000000000000000e+01
7.500000000000000000e+01
7.700000000000000000e+01
8.400000000000000000e+01
9.300000000000000000e+01
9.800000000000000000e+01
9.900000000000000000e+01
1.050000000000000000e+02
1.100000000000000000e+02
1.250000000000000000e+02
1.400000000000000000e+02
1.460000000000000000e+02
1.630000000000000000e+02
1.610000000000000000e+02
1.750000000000000000e+02
1.940000000000000000e+02
2.120000000000000000e+02
2.450000000000000000e+02
2.600000000000000000e+02
2.890000000000000000e+02
2.890000000000000000e+02
2.990000000000000000e+02
3.350000000000000000e+02
3.520000000000000000e+02
3.450000000000000000e+02
3.500000000000000000e+02
3.570000000000000000e+02
3.650000000000000000e+02
3.680000000000000000e+02
3.500000000000000000e+02
3.560000000000000000e+02
3.540000000000000000e+02
3.430000000000000000e+02
3.490000000000000000e+02
3.440000000000000000e+02
3.250000000000000000e+02
3.000000000000000000e+02
2.840000000000000000e+02
2.760000000000000000e+02
2.810000000000000000e+02
2.770000000000000000e+02
2.770000000000000000e+02
2.740000000000000000e+02
2.640000000000000000e+02
2.540000000000000000e+02
2.420000000000000000e+02
2.270000000000000000e+02
2.260000000000000000e+02
2.200000000000000000e+02
2.120000000000000000e+02
2.020000000000000000e+02
1.890000000000000000e+02
1.630000000000000000e+02
1.610000000000000000e+02
1.560000000000000000e+02
1.500000000000000000e+02
1.580000000000000000e+02
1.600000000000000000e+02
1.530000000000000000e+02
1.610000000000000000e+02
1.670000000000000000e+02
1.590000000000000000e+02
1.540000000000000000e+02
1.640000000000000000e+02
1.750000000000000000e+02
1.830000000000000000e+02
1.820000000000000000e+02
1.810000000000000000e+02
1.770000000000000000e+02
1.710000000000000000e+02
1.730000000000000000e+02
1.670000000000000000e+02
1.730000000000000000e+02
1.720000000000000000e+02
1.800000000000000000e+02
1.730000000000000000e+02
