6.400000000000000000e+01
6.800000000000000000e+01
6.500000000000000000e+01
6.300000000000000000e+01
6.000000000000000000e+01
6.600000000000000000e+01
6.600000000000000000e+01
6.400000000000000000e+01
6.500000000000000000e+01
5.800000000000000000e+01
6.000000000000000000e+01
6.000000000000000000e+01
6.000000000000000000e+01
5.900000000000000000e+01
6.000000000000000000e+01
5.700000000000000000e+01
5.300000000000000000e+01
5.000000000000000000e+01
4.600000000000000000e+01
4.200000000000000000e+01
4.100000000000000000e+01
3.700000000000000000e+01
3.600000000000000000e+01
3.300000000000000000e+01
3.200000000000000000e+01
3.300000000000000000e+01
3.300000000000000000e+01
3.600000000000000000e+01
3.900000000000000000e+01
3.600000000000000000e+01
3.900000000000000000e+01
3.900000000000000000e+01
3.600000000000000000e+01
3.900000000000000000e+01
4.600000000000000000e+01
4.400000000000000000e+01
3.700000000000000000e+01
4.200000000000000000e+01
4.800000000000000000e+01
5.000000000000000000e+01
6.100000000000000000e+01
6.200000000000000000e+01
6.400000000000000000e+01
7.500000000000000000e+01
9.300000000000000000e+01
9.300000000000000000e+01
1.070000000000000000e+02
1.140000000000000000e+02
1.180000000000000000e+02
1.300000000000000000e+02
1.450000000000000000e+02
1.630000000000000000e+02
1.840000000000000000e+02
1.970000000000000000e+02
2.210000000000000000e+02
2.430000000000000000e+02
2.610000000000000000e+02
2.800000000000000000e+02
2.890000000000000000e+02
3.000000000000000000e+02
2.980000000000000000e+02
3.260000000000000000e+02
3.360000000000000000e+02
3.300000000000000000e+02
3.390000000000000000e+02
3.290000000000000000e+02
3.310000000000000000e+02
3.310000000000000000e+02
3.310000000000000000e+02
3.300000000000000000e+02
3.260000000000000000e+02
3.190000000000000000e+02
3.260000000000000000e+02
3.160000000000000000e+02
3.070000000000000000e+02
3.060000000000000000e+02
3.010000000000000000e+02
2.840000000000000000e+02
2.800000000000000000e+02
2.680000000000000000e+02
2.640000000000000000e+02
2.460000000000000000e+02
2.310000000000000000e+02
2.320000000000000000e+02
2.240000000000000000e+02
2.090000000000000000e+02
2.080000000000000000e+02
2.060000000000000000e+02
2.000000000000000000e+02
1.950000000000000000e+02
1.900000000000000000e+02
1.870000000000000000e+02
1.790000000000000000e+02
1.850000000000000000e+02
1.900000000000000000e+02
1.940000000000000000e+02
1.990000000000000000e+02
1.980000000000000000e+02
1.990000000000000000e+02
1.930000000000000000e+02
2.020000000000000000e+02
2.070000000000000000e+02
1.910000000000000000e+02
1.910000000000000000e+02
1.880000000000000000e+02
1.940000000000000000e+02
1.920000000000000000e+02
1.840000000000000000e+02
1.920000000000000000e+02
1.920000000000000000e+02
1.800000000000000000e+02
1.680000000000000000e+02
1.610000000000000000e+02
1.520000000000000000e+02
1.540000000000000000e+02
1.470000000000000000e+02
1.410000000000000000e+02
1.380000000000000000e+02
1.270000000000000000e+02
1.300000000000000000e+02
1.360000000000000000e+02
