6.800000000000000000e+01
7.100000000000000000e+01
7.500000000000000000e+01
8.200000000000000000e+01
7.600000000000000000e+01
7.300000000000000000e+01
7.000000000000000000e+01
7.700000000000000000e+01
7.300000000000000000e+01
6.800000000000000000e+01
6.200000000000000000e+01
6.000000000000000000e+01
5.800000000000000000e+01
5.400000000000000000e+01
5.600000000000000000e+01
5.200000000000000000e+01
5.500000000000000000e+01
5.200000000000000000e+01
5.100000000000000000e+01
4.800000000000000000e+01
4.600000000000000000e+01
4.400000000000000000e+01
3.900000000000000000e+01
3.800000000000000000e+01
3.500000000000000000e+01
3.400000000000000000e+01
3.300000000000000000e+01
3.200000000000000000e+01
3.400000000000000000e+01
3.400000000000000000e+01
3.200000000000000000e+01
2.900000000000000000e+01
2.800000000000000000e+01
2.500000000000000000e+01
2.600000000000000000e+01
3.100000000000000000e+01
3.000000000000000000e+01
3.300000000000000000e+01
3.700000000000000000e+01
3.700000000000000000e+01
4.100000000000000000e+01
4.100000000000000000e+01
3.700000000000000000e+01
4.100000000000000000e+01
4.600000000000000000e+01
5.100000000000000000e+01
6.000000000000000000e+01
6.900000000000000000e+01
8.700000000000000000e+01
9.700000000000000000e+01
1.020000000000000000e+02
1.120000000000000000e+02
1.200000000000000000e+02
1.260000000000000000e+02
1.390000000000000000e+02
1.490000000000000000e+02
1.530000000000000000e+02
1.610000000000000000e+02
1.680000000000000000e+02
1.960000000000000000e+02
1.960000000000000000e+02
2.210000000000000000e+02
2.250000000000000000e+02
2.310000000000000000e+02
2.590000000000000000e+02
3.010000000000000000e+02
3.180000000000000000e+02
3.190000000000000000e+02
3.240000000000000000e+02
3.280000000000000000e+02
3.370000000000000000e+02
3.430000000000000000e+02
3.470000000000000000e+02
3.480000000000000000e+02
3.580000000000000000e+02
3.360000000000000000e+02
3.270000000000000000e+02
3.240000000000000000e+02
3.270000000000000000e+02
3.150000000000000000e+02
3.040000000000000000e+02
3.000000000000000000e+02
3.210000000000000000e+02
3.000000000000000000e+02
2.950000000000000000e+02
3.020000000000000000e+02
2.880000000000000000e+02
2.760000000000000000e+02
2.610000000000000000e+02
2.730000000000000000e+02
2.640000000000000000e+02
2.610000000000000000e+02
2.510000000000000000e+02
2.320000000000000000e+02
2.200000000000000000e+02
2.070000000000000000e+02
2.080000000000000000e+02
1.940000000000000000e+02
1.920000000000000000e+02
1.970000000000000000e+02
1.870000000000000000e+02
1.860000000000000000e+02
1.820000000000000000e+02
1.740000000000000000e+02
1.810000000000000000e+02
1.860000000000000000e+02
1.940000000000000000e+02
1.930000000000000000e+02
1.980000000000000000e+02
2.080000000000000000e+02
2.060000000000000000e+02
1.990000000000000000e+02
1.990000000000000000e+02
2.150000000000000000e+02
2.070000000000000000e+02
2.000000000000000000e+02
1.990000000000000000e+02
1.890000000000000000e+02
1.880000000000000000e+02
1.760000000000000000e+02
1.680000000000000000e+02
