1.200000000000000000e+02
1.170000000000000000e+02
1.090000000000000000e+02
1.050000000000000000e+02
1.070000000000000000e+02
1.120000000000000000e+02
1.140000000000000000e+02
1.100000000000000000e+02
1.030000000000000000e+02
1.080000000000000000e+02
1.070000000000000000e+02
1.010000000000000000e+02
9.200000000000000000e+01
9.500000000000000000e+01
9.700000000000000000e+01
9.600000000000000000e+01
9.500000000000000000e+01
1.030000000000000000e+02
1.030000000000000000e+02
9.900000000000000000e+01
9.700000000000000000e+01
9.200000000000000000e+01
8.500000000000000000e+01
8.100000000000000000e+01
8.300000000000000000e+01
9.000000000000000000e+01
7.900000000000000000e+01
7.800000000000000000e+01
8.100000000000000000e+01
8.500000000000000000e+01
8.400000000000000000e+01
8.000000000000000000e+01
8.900000000000000000e+01
8.300000000000000000e+01
9.200000000000000000e+01
1.010000000000000000e+02
1.000000000000000000e+02
1.080000000000000000e+02
1.210000000000000000e+02
1.280000000000000000e+02
1.320000000000000000e+02
1.370000000000000000e+02
1.550000000000000000e+02
1.550000000000000000e+02
1.670000000000000000e+02
1.840000000000000000e+02
2.060000000000000000e+02
2.210000000000000000e+02
2.430000000000000000e+02
2.570000000000000000e+02
2.860000000000000000e+02
2.900000000000000000e+02
3.070000000000000000e+02
3.040000000000000000e+02
2.990000000000000000e+02
3.220000000000000000e+02
3.350000000000000000e+02
3.290000000000000000e+02
3.160000000000000000e+02
2.970000000000000000e+02
2.920000000000000000e+02
2.810000000000000000e+02
2.840000000000000000e+02
2.870000000000000000e+02
2.830000000000000000e+02
2.780000000000000000e+02
2.740000000000000000e+02
2.550000000000000000e+02
2.420000000000000000e+02
2.510000000000000000e+02
2.370000000000000000e+02
2.260000000000000000e+02
2.170000000000000000e+02
2.110000000000000000e+02
2.010000000000000000e+02
2.030000000000000000e+02
1.990000000000000000e+02
1.930000000000000000e+02
2.070000000000000000e+02
1.870000000000000000e+02
1.800000000000000000e+02
1.900000000000000000e+02
1.900000000000000000e+02
1.970000000000000000e+02
1.970000000000000000e+02
2.020000000000000000e+02
2.030000000000000000e+02
2.130000000000000000e+02
2.150000000000000000e+02
2.150000000000000000e+02
2.320000000000000000e+02
2.210000000000000000e+02
2.250000000000000000e+02
2.310000000000000000e+02
2.170000000000000000e+02
2.260000000000000000e+02
2.250000000000000000e+02
2.210000000000000000e+02
2.250000000000000000e+02
2.190000000000000000e+02
2.150000000000000000e+02
2.150000000000000000e+02
2.080000000000000000e+02
1.970000000000000000e+02
1.970000000000000000e+02
2.020000000000000000e+02
1.900000000000000000e+02
1.790000000000000000e+02
1.650000000000000000e+02
1.620000000000000000e+02
1.510000000000000000e+02
1.420000000000000000e+02
1.340000000000000000e+02
1.290000000000000000e+02
1.280000000000000000e+02
1.210000000000000000e+02
1.160000000000000000e+02
1.300000000000000000e+02
1.280000000000000000e+02
1.280000000000000000e+02
1.070000000000000000e+02
