8.300000000000000000e+01
9.000000000000000000e+01
9.700000000000000000e+01
1.100000000000000000e+02
1.140000000000000000e+02
1.200000000000000000e+02
1.150000000000000000e+02
1.250000000000000000e+02
1.380000000000000000e+02
1.490000000000000000e+02
1.700000000000000000e+02
1.810000000000000000e+02
2.010000000000000000e+02
2.180000000000000000e+02
2.310000000000000000e+02
2.630000000000000000e+02
2.770000000000000000e+02
3.040000000000000000e+02
3.350000000000000000e+02
3.570000000000000000e+02
3.760000000000000000e+02
4.100000000000000000e+02
4.180000000000000000e+02
4.250000000000000000e+02
4.250000000000000000e+02
4.430000000000000000e+02
4.540000000000000000e+02
4.800000000000000000e+02
4.890000000000000000e+02
4.840000000000000000e+02
4.860000000000000000e+02
4.770000000000000000e+02
4.520000000000000000e+02
4.550000000000000000e+02
4.600000000000000000e+02
4.560000000000000000e+02
4.580000000000000000e+02
4.570000000000000000e+02
4.480000000000000000e+02
4.740000000000000000e+02
4.730000000000000000e+02
4.660000000000000000e+02
4.610000000000000000e+02
4.430000000000000000e+02
4.260000000000000000e+02
4.210000000000000000e+02
4.300000000000000000e+02
4.350000000000000000e+02
4.190000000000000000e+02
4.130000000000000000e+02
4.060000000000000000e+02
3.950000000000000000e+02
3.910000000000000000e+02
3.960000000000000000e+02
3.870000000000000000e+02
3.910000000000000000e+02
3.780000000000000000e+02
3.770000000000000000e+02
3.810000000000000000e+02
3.770000000000000000e+02
3.550000000000000000e+02
3.710000000000000000e+02
3.560000000000000000e+02
3.660000000000000000e+02
3.510000000000000000e+02
3.520000000000000000e+02
3.480000000000000000e+02
3.590000000000000000e+02
3.520000000000000000e+02
3.530000000000000000e+02
3.600000000000000000e+02
3.360000000000000000e+02
3.180000000000000000e+02
3.120000000000000000e+02
3.000000000000000000e+02
2.940000000000000000e+02
2.980000000000000000e+02
2.850000000000000000e+02
2.940000000000000000e+02
2.780000000000000000e+02
2.860000000000000000e+02
2.850000000000000000e+02
2.780000000000000000e+02
2.570000000000000000e+02
2.570000000000000000e+02
2.490000000000000000e+02
2.320000000000000000e+02
2.340000000000000000e+02
2.270000000000000000e+02
2.350000000000000000e+02
2.350000000000000000e+02
2.150000000000000000e+02
2.180000000000000000e+02
2.180000000000000000e+02
2.210000000000000000e+02
2.200000000000000000e+02
2.280000000000000000e+02
2.240000000000000000e+02
2.330000000000000000e+02
2.440000000000000000e+02
2.660000000000000000e+02
2.870000000000000000e+02
3.060000000000000000e+02
3.170000000000000000e+02
3.260000000000000000e+02
3.380000000000000000e+02
3.420000000000000000e+02
3.470000000000000000e+02
3.420000000000000000e+02
3.390000000000000000e+02
3.250000000000000000e+02
3.390000000000000000e+02
3.570000000000000000e+02
3.420000000000000000e+02
3.420000000000000000e+02
3.520000000000000000e+02
3.430000000000000000e+02
3.300000000000000000e+02
3.240000000000000000e+02
3.160000000000000000e+02
3.120000000000000000e+02
3.180000000000000000e+02
