7.900000000000000000e+01
8.300000000000000000e+01
9.000000000000000000e+01
9.100000000000000000e+01
9.100000000000000000e+01
9.300000000000000000e+01
9.400000000000000000e+01
1.010000000000000000e+02
1.160000000000000000e+02
1.330000000000000000e+02
1.390000000000000000e+02
1.500000000000000000e+02
1.820000000000000000e+02
2.010000000000000000e+02
2.330000000000000000e+02
2.760000000000000000e+02
3.060000000000000000e+02
3.150000000000000000e+02
3.380000000000000000e+02
3.710000000000000000e+02
4.070000000000000000e+02
4.050000000000000000e+02
4.430000000000000000e+02
4.480000000000000000e+02
4.500000000000000000e+02
4.610000000000000000e+02
4.600000000000000000e+02
4.320000000000000000e+02
4.330000000000000000e+02
4.370000000000000000e+02
4.470000000000000000e+02
4.160000000000000000e+02
4.190000000000000000e+02
4.210000000000000000e+02
4.150000000000000000e+02
4.180000000000000000e+02
4.190000000000000000e+02
3.960000000000000000e+02
3.760000000000000000e+02
3.840000000000000000e+02
3.870000000000000000e+02
3.910000000000000000e+02
4.000000000000000000e+02
3.970000000000000000e+02
3.810000000000000000e+02
3.620000000000000000e+02
3.560000000000000000e+02
3.610000000000000000e+02
3.460000000000000000e+02
3.560000000000000000e+02
3.650000000000000000e+02
3.610000000000000000e+02
3.580000000000000000e+02
3.570000000000000000e+02
3.490000000000000000e+02
3.350000000000000000e+02
3.420000000000000000e+02
3.440000000000000000e+02
3.360000000000000000e+02
3.340000000000000000e+02
3.170000000000000000e+02
3.200000000000000000e+02
3.140000000000000000e+02
3.140000000000000000e+02
3.090000000000000000e+02
2.900000000000000000e+02
2.870000000000000000e+02
2.870000000000000000e+02
2.790000000000000000e+02
2.720000000000000000e+02
2.730000000000000000e+02
2.730000000000000000e+02
2.710000000000000000e+02
2.680000000000000000e+02
2.820000000000000000e+02
2.670000000000000000e+02
2.730000000000000000e+02
2.560000000000000000e+02
2.490000000000000000e+02
2.570000000000000000e+02
2.450000000000000000e+02
2.540000000000000000e+02
2.490000000000000000e+02
2.470000000000000000e+02
2.560000000000000000e+02
2.610000000000000000e+02
2.780000000000000000e+02
2.990000000000000000e+02
3.050000000000000000e+02
3.400000000000000000e+02
3.470000000000000000e+02
3.530000000000000000e+02
3.670000000000000000e+02
4.010000000000000000e+02
4.080000000000000000e+02
4.060000000000000000e+02
3.970000000000000000e+02
3.820000000000000000e+02
3.900000000000000000e+02
3.670000000000000000e+02
3.790000000000000000e+02
3.630000000000000000e+02
3.590000000000000000e+02
3.520000000000000000e+02
3.590000000000000000e+02
3.500000000000000000e+02
3.430000000000000000e+02
3.340000000000000000e+02
3.200000000000000000e+02
2.960000000000000000e+02
2.980000000000000000e+02
2.890000000000000000e+02
2.870000000000000000e+02
2.970000000000000000e+02
2.990000000000000000e+02
2.890000000000000000e+02
2.860000000000000000e+02
2.870000000000000000e+02
2.680000000000000000e+02
2.670000000000000000e+02
2.750000000000000000e+02
2.520000000000000000e+02
