5.500000000000000000e+01
5.200000000000000000e+01
4.900000000000000000e+01
5.100000000000000000e+01
5.000000000000000000e+01
4.900000000000000000e+01
5.400000000000000000e+01
5.000000000000000000e+01
5.300000000000000000e+01
5.800000000000000000e+01
5.800000000000000000e+01
5.900000000000000000e+01
6.600000000000000000e+01
7.600000000000000000e+01
8.000000000000000000e+01
8.500000000000000000e+01
9.800000000000000000e+01
1.050000000000000000e+02
1.230000000000000000e+02
1.380000000000000000e+02
1.450000000000000000e+02
1.570000000000000000e+02
1.440000000000000000e+02
1.550000000000000000e+02
1.550000000000000000e+02
1.560000000000000000e+02
1.520000000000000000e+02
1.550000000000000000e+02
1.670000000000000000e+02
1.600000000000000000e+02
1.690000000000000000e+02
1.670000000000000000e+02
1.790000000000000000e+02
1.770000000000000000e+02
1.550000000000000000e+02
1.650000000000000000e+02
1.680000000000000000e+02
1.700000000000000000e+02
1.610000000000000000e+02
1.670000000000000000e+02
1.710000000000000000e+02
1.740000000000000000e+02
1.730000000000000000e+02
1.700000000000000000e+02
1.710000000000000000e+02
1.650000000000000000e+02
1.550000000000000000e+02
1.590000000000000000e+02
1.500000000000000000e+02
1.460000000000000000e+02
1.460000000000000000e+02
1.420000000000000000e+02
1.350000000000000000e+02
1.310000000000000000e+02
1.310000000000000000e+02
1.330000000000000000e+02
1.370000000000000000e+02
1.380000000000000000e+02
1.370000000000000000e+02
1.290000000000000000e+02
1.260000000000000000e+02
1.320000000000000000e+02
1.360000000000000000e+02
1.370000000000000000e+02
1.300000000000000000e+02
1.300000000000000000e+02
1.340000000000000000e+02
1.430000000000000000e+02
1.380000000000000000e+02
1.350000000000000000e+02
1.390000000000000000e+02
1.340000000000000000e+02
1.390000000000000000e+02
1.320000000000000000e+02
1.270000000000000000e+02
1.260000000000000000e+02
1.240000000000000000e+02
1.130000000000000000e+02
1.170000000000000000e+02
1.230000000000000000e+02
1.240000000000000000e+02
1.160000000000000000e+02
1.100000000000000000e+02
1.110000000000000000e+02
1.070000000000000000e+02
9.800000000000000000e+01
1.030000000000000000e+02
1.060000000000000000e+02
1.000000000000000000e+02
9.800000000000000000e+01
1.000000000000000000e+02
9.600000000000000000e+01
8.900000000000000000e+01
9.100000000000000000e+01
9.300000000000000000e+01
9.500000000000000000e+01
9.500000000000000000e+01
9.500000000000000000e+01
9.400000000000000000e+01
8.600000000000000000e+01
8.700000000000000000e+01
9.000000000000000000e+01
9.300000000000000000e+01
9.500000000000000000e+01
9.100000000000000000e+01
9.000000000000000000e+01
8.900000000000000000e+01
9.000000000000000000e+01
9.600000000000000000e+01
9.700000000000000000e+01
1.040000000000000000e+02
1.070000000000000000e+02
1.100000000000000000e+02
1.100000000000000000e+02
1.090000000000000000e+02
1.070000000000000000e+02
9.400000000000000000e+01
9.600000000000000000e+01
9.400000000000000000e+01
9.000000000000000000e+01
9.600000000000000000e+01
9.600000000000000000e+01
