9.900000000000000000e+01
1.040000000000000000e+02
1.100000000000000000e+02
1.130000000000000000e+02
1.190000000000000000e+02
1.250000000000000000e+02
1.270000000000000000e+02
1.330000000000000000e+02
1.480000000000000000e+02
1.600000000000000000e+02
1.760000000000000000e+02
1.960000000000000000e+02
2.170000000000000000e+02
2.450000000000000000e+02
2.740000000000000000e+02
2.890000000000000000e+02
3.220000000000000000e+02
3.500000000000000000e+02
3.590000000000000000e+02
3.920000000000000000e+02
4.120000000000000000e+02
4.370000000000000000e+02
4.600000000000000000e+02
4.700000000000000000e+02
4.620000000000000000e+02
4.710000000000000000e+02
4.880000000000000000e+02
4.880000000000000000e+02
4.790000000000000000e+02
4.740000000000000000e+02
4.990000000000000000e+02
5.010000000000000000e+02
5.060000000000000000e+02
5.080000000000000000e+02
5.080000000000000000e+02
4.990000000000000000e+02
5.220000000000000000e+02
5.210000000000000000e+02
4.950000000000000000e+02
4.890000000000000000e+02
5.010000000000000000e+02
4.940000000000000000e+02
4.790000000000000000e+02
4.750000000000000000e+02
4.720000000000000000e+02
4.600000000000000000e+02
4.210000000000000000e+02
4.100000000000000000e+02
4.280000000000000000e+02
4.190000000000000000e+02
4.110000000000000000e+02
4.090000000000000000e+02
4.100000000000000000e+02
4.160000000000000000e+02
3.940000000000000000e+02
4.020000000000000000e+02
3.970000000000000000e+02
3.930000000000000000e+02
3.960000000000000000e+02
3.850000000000000000e+02
3.700000000000000000e+02
3.810000000000000000e+02
3.840000000000000000e+02
3.670000000000000000e+02
3.680000000000000000e+02
3.670000000000000000e+02
3.660000000000000000e+02
3.390000000000000000e+02
3.350000000000000000e+02
3.280000000000000000e+02
3.220000000000000000e+02
3.240000000000000000e+02
3.330000000000000000e+02
3.260000000000000000e+02
3.270000000000000000e+02
3.230000000000000000e+02
3.250000000000000000e+02
3.210000000000000000e+02
3.210000000000000000e+02
3.100000000000000000e+02
3.040000000000000000e+02
3.200000000000000000e+02
3.140000000000000000e+02
3.060000000000000000e+02
3.000000000000000000e+02
2.910000000000000000e+02
2.780000000000000000e+02
2.690000000000000000e+02
2.640000000000000000e+02
2.600000000000000000e+02
2.600000000000000000e+02
2.590000000000000000e+02
2.430000000000000000e+02
2.460000000000000000e+02
2.420000000000000000e+02
2.380000000000000000e+02
2.340000000000000000e+02
2.350000000000000000e+02
2.420000000000000000e+02
2.460000000000000000e+02
2.540000000000000000e+02
2.550000000000000000e+02
2.880000000000000000e+02
3.070000000000000000e+02
3.140000000000000000e+02
3.250000000000000000e+02
3.300000000000000000e+02
3.460000000000000000e+02
3.350000000000000000e+02
3.450000000000000000e+02
3.530000000000000000e+02
3.520000000000000000e+02
3.520000000000000000e+02
3.510000000000000000e+02
3.550000000000000000e+02
3.490000000000000000e+02
3.390000000000000000e+02
3.300000000000000000e+02
3.140000000000000000e+02
3.030000000000000000e+02
3.070000000000000000e+02
3.170000000000000000e+02
