1.270000000000000000e+02
1.290000000000000000e+02
1.430000000000000000e+02
1.480000000000000000e+02
1.600000000000000000e+02
1.430000000000000000e+02
1.590000000000000000e+02
1.870000000000000000e+02
2.070000000000000000e+02
2.200000000000000000e+02
2.400000000000000000e+02
2.540000000000000000e+02
2.790000000000000000e+02
2.970000000000000000e+02
3.150000000000000000e+02
3.350000000000000000e+02
3.570000000000000000e+02
3.600000000000000000e+02
3.620000000000000000e+02
3.590000000000000000e+02
3.560000000000000000e+02
3.660000000000000000e+02
3.840000000000000000e+02
3.810000000000000000e+02
3.960000000000000000e+02
4.090000000000000000e+02
4.060000000000000000e+02
4.020000000000000000e+02
4.090000000000000000e+02
4.070000000000000000e+02
4.000000000000000000e+02
3.830000000000000000e+02
3.880000000000000000e+02
3.730000000000000000e+02
3.670000000000000000e+02
3.640000000000000000e+02
3.670000000000000000e+02
3.530000000000000000e+02
3.260000000000000000e+02
3.060000000000000000e+02
2.970000000000000000e+02
3.020000000000000000e+02
2.980000000000000000e+02
2.960000000000000000e+02
2.930000000000000000e+02
2.840000000000000000e+02
2.800000000000000000e+02
2.740000000000000000e+02
2.760000000000000000e+02
2.720000000000000000e+02
2.600000000000000000e+02
2.510000000000000000e+02
2.520000000000000000e+02
2.550000000000000000e+02
2.530000000000000000e+02
2.600000000000000000e+02
2.530000000000000000e+02
2.600000000000000000e+02
2.660000000000000000e+02
2.710000000000000000e+02
2.960000000000000000e+02
2.860000000000000000e+02
2.840000000000000000e+02
2.900000000000000000e+02
2.940000000000000000e+02
2.990000000000000000e+02
2.940000000000000000e+02
3.010000000000000000e+02
3.040000000000000000e+02
3.020000000000000000e+02
2.970000000000000000e+02
2.910000000000000000e+02
2.820000000000000000e+02
2.620000000000000000e+02
2.480000000000000000e+02
2.370000000000000000e+02
2.290000000000000000e+02
2.200000000000000000e+02
2.150000000000000000e+02
2.070000000000000000e+02
2.180000000000000000e+02
2.260000000000000000e+02
2.310000000000000000e+02
2.300000000000000000e+02
2.370000000000000000e+02
2.400000000000000000e+02
2.310000000000000000e+02
2.400000000000000000e+02
2.470000000000000000e+02
2.460000000000000000e+02
2.440000000000000000e+02
2.380000000000000000e+02
2.510000000000000000e+02
2.510000000000000000e+02
2.510000000000000000e+02
2.680000000000000000e+02
2.660000000000000000e+02
2.600000000000000000e+02
2.530000000000000000e+02
2.610000000000000000e+02
2.610000000000000000e+02
2.660000000000000000e+02
2.570000000000000000e+02
2.550000000000000000e+02
2.360000000000000000e+02
2.300000000000000000e+02
2.260000000000000000e+02
2.290000000000000000e+02
2.250000000000000000e+02
2.120000000000000000e+02
2.070000000000000000e+02
2.090000000000000000e+02
2.090000000000000000e+02
2.120000000000000000e+02
2.130000000000000000e+02
2.260000000000000000e+02
2.300000000000000000e+02
2.300000000000000000e+02
2.270000000000000000e+02
2.360000000000000000e+02
2.230000000000000000e+02
2.320000000000000000e+02
2.390000000000000000e+02
