5.300000000000000000e+01
5.100000000000000000e+01
5.100000000000000000e+01
5.300000000000000000e+01
5.000000000000000000e+01
4.800000000000000000e+01
4.700000000000000000e+01
4.500000000000000000e+01
4.100000000000000000e+01
4.400000000000000000e+01
4.900000000000000000e+01
4.200000000000000000e+01
3.900000000000000000e+01
3.900000000000000000e+01
3.700000000000000000e+01
3.500000000000000000e+01
3.600000000000000000e+01
3.700000000000000000e+01
3.600000000000000000e+01
3.800000000000000000e+01
3.700000000000000000e+01
3.200000000000000000e+01
3.500000000000000000e+01
3.000000000000000000e+01
2.800000000000000000e+01
2.800000000000000000e+01
2.200000000000000000e+01
1.800000000000000000e+01
2.000000000000000000e+01
2.100000000000000000e+01
2.100000000000000000e+01
2.800000000000000000e+01
2.400000000000000000e+01
3.000000000000000000e+01
3.000000000000000000e+01
2.900000000000000000e+01
2.900000000000000000e+01
3.200000000000000000e+01
3.300000000000000000e+01
3.500000000000000000e+01
3.900000000000000000e+01
3.500000000000000000e+01
3.800000000000000000e+01
4.200000000000000000e+01
4.700000000000000000e+01
5.800000000000000000e+01
6.500000000000000000e+01
6.400000000000000000e+01
7.300000000000000000e+01
7.900000000000000000e+01
8.900000000000000000e+01
1.030000000000000000e+02
1.120000000000000000e+02
1.170000000000000000e+02
1.300000000000000000e+02
1.550000000000000000e+02
1.730000000000000000e+02
1.830000000000000000e+02
1.970000000000000000e+02
2.080000000000000000e+02
2.290000000000000000e+02
2.390000000000000000e+02
2.640000000000000000e+02
2.840000000000000000e+02
3.020000000000000000e+02
3.240000000000000000e+02
3.370000000000000000e+02
3.450000000000000000e+02
3.480000000000000000e+02
3.390000000000000000e+02
3.380000000000000000e+02
3.360000000000000000e+02
3.290000000000000000e+02
3.440000000000000000e+02
3.330000000000000000e+02
3.330000000000000000e+02
3.370000000000000000e+02
3.400000000000000000e+02
3.140000000000000000e+02
3.090000000000000000e+02
3.000000000000000000e+02
2.980000000000000000e+02
2.850000000000000000e+02
2.690000000000000000e+02
2.770000000000000000e+02
2.850000000000000000e+02
2.740000000000000000e+02
2.680000000000000000e+02
2.520000000000000000e+02
2.530000000000000000e+02
2.430000000000000000e+02
2.300000000000000000e+02
2.210000000000000000e+02
2.100000000000000000e+02
1.980000000000000000e+02
1.840000000000000000e+02
1.790000000000000000e+02
1.750000000000000000e+02
1.780000000000000000e+02
1.760000000000000000e+02
1.780000000000000000e+02
1.850000000000000000e+02
1.830000000000000000e+02
1.690000000000000000e+02
1.750000000000000000e+02
1.840000000000000000e+02
1.840000000000000000e+02
1.950000000000000000e+02
1.930000000000000000e+02
1.780000000000000000e+02
1.960000000000000000e+02
2.100000000000000000e+02
2.280000000000000000e+02
2.180000000000000000e+02
2.100000000000000000e+02
2.100000000000000000e+02
2.140000000000000000e+02
2.210000000000000000e+02
2.130000000000000000e+02
2.180000000000000000e+02
2.130000000000000000e+02
