8.700000000000000000e+01
9.600000000000000000e+01
9.800000000000000000e+01
8.900000000000000000e+01
9.700000000000000000e+01
1.080000000000000000e+02
1.150000000000000000e+02
1.190000000000000000e+02
1.280000000000000000e+02
1.330000000000000000e+02
1.420000000000000000e+02
1.560000000000000000e+02
1.780000000000000000e+02
1.980000000000000000e+02
2.140000000000000000e+02
2.200000000000000000e+02
2.480000000000000000e+02
2.720000000000000000e+02
2.900000000000000000e+02
2.980000000000000000e+02
3.340000000000000000e+02
3.590000000000000000e+02
3.840000000000000000e+02
3.830000000000000000e+02
3.910000000000000000e+02
3.700000000000000000e+02
3.830000000000000000e+02
3.870000000000000000e+02
3.890000000000000000e+02
3.910000000000000000e+02
3.900000000000000000e+02
4.010000000000000000e+02
3.980000000000000000e+02
3.980000000000000000e+02
3.910000000000000000e+02
4.120000000000000000e+02
4.050000000000000000e+02
4.030000000000000000e+02
4.130000000000000000e+02
4.280000000000000000e+02
4.310000000000000000e+02
4.380000000000000000e+02
4.450000000000000000e+02
4.490000000000000000e+02
4.430000000000000000e+02
4.360000000000000000e+02
4.340000000000000000e+02
4.220000000000000000e+02
4.050000000000000000e+02
4.090000000000000000e+02
3.870000000000000000e+02
3.760000000000000000e+02
3.720000000000000000e+02
3.630000000000000000e+02
3.480000000000000000e+02
3.310000000000000000e+02
3.390000000000000000e+02
3.360000000000000000e+02
3.320000000000000000e+02
3.550000000000000000e+02
3.490000000000000000e+02
3.450000000000000000e+02
3.510000000000000000e+02
3.460000000000000000e+02
3.290000000000000000e+02
3.340000000000000000e+02
3.380000000000000000e+02
3.350000000000000000e+02
3.320000000000000000e+02
3.260000000000000000e+02
3.170000000000000000e+02
3.150000000000000000e+02
3.210000000000000000e+02
3.150000000000000000e+02
3.200000000000000000e+02
3.000000000000000000e+02
2.870000000000000000e+02
2.880000000000000000e+02
2.800000000000000000e+02
2.780000000000000000e+02
2.790000000000000000e+02
2.740000000000000000e+02
2.660000000000000000e+02
2.580000000000000000e+02
2.580000000000000000e+02
2.450000000000000000e+02
2.420000000000000000e+02
2.490000000000000000e+02
2.580000000000000000e+02
2.660000000000000000e+02
2.860000000000000000e+02
3.070000000000000000e+02
3.190000000000000000e+02
3.330000000000000000e+02
3.450000000000000000e+02
3.490000000000000000e+02
3.300000000000000000e+02
3.420000000000000000e+02
3.350000000000000000e+02
3.320000000000000000e+02
3.400000000000000000e+02
3.400000000000000000e+02
3.160000000000000000e+02
2.970000000000000000e+02
2.950000000000000000e+02
2.850000000000000000e+02
2.890000000000000000e+02
2.830000000000000000e+02
2.880000000000000000e+02
2.850000000000000000e+02
2.900000000000000000e+02
2.740000000000000000e+02
2.610000000000000000e+02
2.660000000000000000e+02
2.600000000000000000e+02
2.640000000000000000e+02
2.700000000000000000e+02
2.700000000000000000e+02
2.620000000000000000e+02
2.520000000000000000e+02
2.490000000000000000e+02
2.460000000000000000e+02
