6.700000000000000000e+01
8.000000000000000000e+01
8.400000000000000000e+01
8.800000000000000000e+01
9.300000000000000000e+01
9.800000000000000000e+01
1.100000000000000000e+02
1.120000000000000000e+02
1.160000000000000000e+02
1.200000000000000000e+02
1.190000000000000000e+02
1.420000000000000000e+02
1.500000000000000000e+02
1.750000000000000000e+02
2.050000000000000000e+02
2.310000000000000000e+02
2.600000000000000000e+02
2.860000000000000000e+02
3.190000000000000000e+02
3.410000000000000000e+02
3.560000000000000000e+02
3.750000000000000000e+02
4.070000000000000000e+02
4.300000000000000000e+02
4.360000000000000000e+02
4.570000000000000000e+02
4.850000000000000000e+02
4.940000000000000000e+02
4.910000000000000000e+02
5.000000000000000000e+02
5.110000000000000000e+02
5.140000000000000000e+02
5.070000000000000000e+02
4.900000000000000000e+02
5.130000000000000000e+02
4.860000000000000000e+02
4.820000000000000000e+02
4.830000000000000000e+02
4.880000000000000000e+02
5.060000000000000000e+02
4.980000000000000000e+02
5.130000000000000000e+02
5.150000000000000000e+02
5.030000000000000000e+02
5.210000000000000000e+02
5.180000000000000000e+02
5.010000000000000000e+02
4.720000000000000000e+02
4.770000000000000000e+02
4.660000000000000000e+02
4.610000000000000000e+02
4.450000000000000000e+02
4.520000000000000000e+02
4.530000000000000000e+02
4.440000000000000000e+02
4.400000000000000000e+02
4.140000000000000000e+02
4.210000000000000000e+02
4.370000000000000000e+02
4.070000000000000000e+02
4.090000000000000000e+02
3.930000000000000000e+02
3.770000000000000000e+02
3.800000000000000000e+02
3.630000000000000000e+02
3.630000000000000000e+02
3.480000000000000000e+02
3.290000000000000000e+02
3.090000000000000000e+02
3.110000000000000000e+02
3.010000000000000000e+02
3.120000000000000000e+02
3.090000000000000000e+02
3.090000000000000000e+02
3.000000000000000000e+02
3.060000000000000000e+02
3.110000000000000000e+02
3.120000000000000000e+02
2.930000000000000000e+02
2.810000000000000000e+02
2.670000000000000000e+02
2.760000000000000000e+02
2.810000000000000000e+02
2.850000000000000000e+02
2.800000000000000000e+02
2.760000000000000000e+02
2.520000000000000000e+02
2.400000000000000000e+02
2.310000000000000000e+02
2.280000000000000000e+02
2.360000000000000000e+02
2.340000000000000000e+02
2.390000000000000000e+02
2.440000000000000000e+02
2.410000000000000000e+02
2.520000000000000000e+02
2.720000000000000000e+02
2.860000000000000000e+02
3.040000000000000000e+02
3.060000000000000000e+02
3.220000000000000000e+02
3.310000000000000000e+02
3.410000000000000000e+02
3.440000000000000000e+02
3.420000000000000000e+02
3.300000000000000000e+02
3.480000000000000000e+02
3.490000000000000000e+02
3.510000000000000000e+02
3.490000000000000000e+02
3.640000000000000000e+02
3.650000000000000000e+02
3.620000000000000000e+02
3.740000000000000000e+02
3.800000000000000000e+02
3.800000000000000000e+02
3.690000000000000000e+02
3.630000000000000000e+02
3.540000000000000000e+02
3.450000000000000000e+02
3.510000000000000000e+02
3.460000000000000000e+02
