7.100000000000000000e+01
7.300000000000000000e+01
8.000000000000000000e+01
8.300000000000000000e+01
8.800000000000000000e+01
9.000000000000000000e+01
9.300000000000000000e+01
1.080000000000000000e+02
1.120000000000000000e+02
1.200000000000000000e+02
1.320000000000000000e+02
1.380000000000000000e+02
1.560000000000000000e+02
1.530000000000000000e+02
1.700000000000000000e+02
1.750000000000000000e+02
2.080000000000000000e+02
2.310000000000000000e+02
2.310000000000000000e+02
2.570000000000000000e+02
2.770000000000000000e+02
2.920000000000000000e+02
3.090000000000000000e+02
3.270000000000000000e+02
3.300000000000000000e+02
3.770000000000000000e+02
3.850000000000000000e+02
3.800000000000000000e+02
3.920000000000000000e+02
3.780000000000000000e+02
3.770000000000000000e+02
3.770000000000000000e+02
3.800000000000000000e+02
3.840000000000000000e+02
3.920000000000000000e+02
3.880000000000000000e+02
3.870000000000000000e+02
3.940000000000000000e+02
4.020000000000000000e+02
4.090000000000000000e+02
4.110000000000000000e+02
4.130000000000000000e+02
4.130000000000000000e+02
4.230000000000000000e+02
4.150000000000000000e+02
4.090000000000000000e+02
3.990000000000000000e+02
3.850000000000000000e+02
3.850000000000000000e+02
3.930000000000000000e+02
3.860000000000000000e+02
3.690000000000000000e+02
3.700000000000000000e+02
3.490000000000000000e+02
3.520000000000000000e+02
3.400000000000000000e+02
3.310000000000000000e+02
3.370000000000000000e+02
3.380000000000000000e+02
3.390000000000000000e+02
3.360000000000000000e+02
3.480000000000000000e+02
3.570000000000000000e+02
3.530000000000000000e+02
3.550000000000000000e+02
3.370000000000000000e+02
3.230000000000000000e+02
3.210000000000000000e+02
3.140000000000000000e+02
2.890000000000000000e+02
3.020000000000000000e+02
2.870000000000000000e+02
2.890000000000000000e+02
2.810000000000000000e+02
2.730000000000000000e+02
2.780000000000000000e+02
2.750000000000000000e+02
2.920000000000000000e+02
2.940000000000000000e+02
3.050000000000000000e+02
2.930000000000000000e+02
2.830000000000000000e+02
2.750000000000000000e+02
2.680000000000000000e+02
2.780000000000000000e+02
2.700000000000000000e+02
2.540000000000000000e+02
2.490000000000000000e+02
2.520000000000000000e+02
2.640000000000000000e+02
2.730000000000000000e+02
2.790000000000000000e+02
2.860000000000000000e+02
2.920000000000000000e+02
2.960000000000000000e+02
3.040000000000000000e+02
3.070000000000000000e+02
3.120000000000000000e+02
3.090000000000000000e+02
3.020000000000000000e+02
3.170000000000000000e+02
3.210000000000000000e+02
3.160000000000000000e+02
3.200000000000000000e+02
3.180000000000000000e+02
3.150000000000000000e+02
3.060000000000000000e+02
3.100000000000000000e+02
3.080000000000000000e+02
2.870000000000000000e+02
2.960000000000000000e+02
2.980000000000000000e+02
3.050000000000000000e+02
2.990000000000000000e+02
2.960000000000000000e+02
2.910000000000000000e+02
2.860000000000000000e+02
2.730000000000000000e+02
2.610000000000000000e+02
2.570000000000000000e+02
2.470000000000000000e+02
2.490000000000000000e+02
