1.210000000000000000e+02
1.130000000000000000e+02
1.100000000000000000e+02
1.190000000000000000e+02
1.210000000000000000e+02
1.200000000000000000e+02
1.240000000000000000e+02
1.220000000000000000e+02
1.210000000000000000e+02
1.250000000000000000e+02
1.320000000000000000e+02
1.400000000000000000e+02
1.340000000000000000e+02
1.330000000000000000e+02
1.280000000000000000e+02
1.310000000000000000e+02
1.320000000000000000e+02
1.260000000000000000e+02
1.190000000000000000e+02
1.100000000000000000e+02
1.010000000000000000e+02
1.090000000000000000e+02
1.140000000000000000e+02
1.110000000000000000e+02
9.500000000000000000e+01
8.500000000000000000e+01
9.500000000000000000e+01
9.000000000000000000e+01
9.300000000000000000e+01
9.700000000000000000e+01
9.700000000000000000e+01
1.110000000000000000e+02
1.080000000000000000e+02
1.090000000000000000e+02
1.080000000000000000e+02
1.110000000000000000e+02
1.180000000000000000e+02
1.270000000000000000e+02
1.290000000000000000e+02
1.420000000000000000e+02
1.460000000000000000e+02
1.550000000000000000e+02
1.720000000000000000e+02
1.780000000000000000e+02
1.870000000000000000e+02
1.980000000000000000e+02
2.090000000000000000e+02
2.160000000000000000e+02
2.320000000000000000e+02
2.440000000000000000e+02
2.410000000000000000e+02
2.320000000000000000e+02
2.410000000000000000e+02
2.450000000000000000e+02
2.480000000000000000e+02
2.700000000000000000e+02
2.680000000000000000e+02
2.740000000000000000e+02
2.830000000000000000e+02
2.800000000000000000e+02
2.800000000000000000e+02
2.770000000000000000e+02
2.740000000000000000e+02
2.710000000000000000e+02
2.610000000000000000e+02
2.440000000000000000e+02
2.460000000000000000e+02
2.280000000000000000e+02
2.180000000000000000e+02
2.220000000000000000e+02
2.150000000000000000e+02
2.150000000000000000e+02
2.130000000000000000e+02
2.190000000000000000e+02
2.010000000000000000e+02
2.120000000000000000e+02
2.080000000000000000e+02
2.270000000000000000e+02
2.280000000000000000e+02
2.390000000000000000e+02
2.510000000000000000e+02
2.490000000000000000e+02
2.550000000000000000e+02
2.520000000000000000e+02
2.530000000000000000e+02
2.310000000000000000e+02
2.210000000000000000e+02
2.140000000000000000e+02
2.140000000000000000e+02
2.180000000000000000e+02
2.150000000000000000e+02
2.030000000000000000e+02
1.890000000000000000e+02
1.860000000000000000e+02
1.890000000000000000e+02
2.010000000000000000e+02
1.950000000000000000e+02
1.860000000000000000e+02
1.860000000000000000e+02
1.870000000000000000e+02
1.830000000000000000e+02
2.000000000000000000e+02
2.060000000000000000e+02
1.980000000000000000e+02
2.010000000000000000e+02
2.050000000000000000e+02
2.120000000000000000e+02
2.140000000000000000e+02
2.220000000000000000e+02
2.210000000000000000e+02
2.280000000000000000e+02
2.200000000000000000e+02
2.280000000000000000e+02
2.270000000000000000e+02
2.140000000000000000e+02
2.010000000000000000e+02
2.020000000000000000e+02
1.950000000000000000e+02
1.870000000000000000e+02
1.860000000000000000e+02
1.810000000000000000e+02
