1.100000000000000000e+02
1.120000000000000000e+02
1.070000000000000000e+02
1.200000000000000000e+02
1.210000000000000000e+02
1.280000000000000000e+02
1.330000000000000000e+02
1.370000000000000000e+02
1.490000000000000000e+02
1.560000000000000000e+02
1.650000000000000000e+02
1.770000000000000000e+02
1.940000000000000000e+02
2.050000000000000000e+02
2.480000000000000000e+02
2.710000000000000000e+02
2.870000000000000000e+02
3.240000000000000000e+02
3.490000000000000000e+02
3.860000000000000000e+02
3.860000000000000000e+02
3.990000000000000000e+02
4.390000000000000000e+02
4.450000000000000000e+02
4.330000000000000000e+02
4.510000000000000000e+02
4.530000000000000000e+02
4.700000000000000000e+02
4.760000000000000000e+02
4.860000000000000000e+02
4.860000000000000000e+02
4.900000000000000000e+02
4.750000000000000000e+02
4.710000000000000000e+02
4.670000000000000000e+02
4.680000000000000000e+02
4.690000000000000000e+02
4.860000000000000000e+02
4.810000000000000000e+02
4.700000000000000000e+02
4.570000000000000000e+02
4.500000000000000000e+02
4.560000000000000000e+02
4.690000000000000000e+02
4.670000000000000000e+02
4.700000000000000000e+02
4.480000000000000000e+02
4.390000000000000000e+02
4.260000000000000000e+02
4.260000000000000000e+02
4.070000000000000000e+02
4.300000000000000000e+02
4.190000000000000000e+02
3.980000000000000000e+02
4.030000000000000000e+02
4.050000000000000000e+02
3.900000000000000000e+02
3.880000000000000000e+02
3.670000000000000000e+02
3.780000000000000000e+02
3.690000000000000000e+02
3.720000000000000000e+02
3.710000000000000000e+02
3.660000000000000000e+02
3.720000000000000000e+02
3.640000000000000000e+02
3.590000000000000000e+02
3.590000000000000000e+02
3.450000000000000000e+02
3.240000000000000000e+02
3.200000000000000000e+02
3.210000000000000000e+02
3.230000000000000000e+02
3.150000000000000000e+02
2.980000000000000000e+02
2.990000000000000000e+02
2.970000000000000000e+02
2.900000000000000000e+02
2.710000000000000000e+02
2.730000000000000000e+02
2.760000000000000000e+02
2.870000000000000000e+02
2.860000000000000000e+02
2.890000000000000000e+02
3.010000000000000000e+02
2.930000000000000000e+02
2.860000000000000000e+02
2.810000000000000000e+02
2.640000000000000000e+02
2.350000000000000000e+02
2.310000000000000000e+02
2.360000000000000000e+02
2.330000000000000000e+02
2.510000000000000000e+02
2.640000000000000000e+02
2.770000000000000000e+02
2.870000000000000000e+02
3.070000000000000000e+02
3.010000000000000000e+02
3.180000000000000000e+02
3.300000000000000000e+02
3.490000000000000000e+02
3.450000000000000000e+02
3.360000000000000000e+02
3.450000000000000000e+02
3.350000000000000000e+02
3.370000000000000000e+02
3.350000000000000000e+02
3.240000000000000000e+02
3.140000000000000000e+02
3.150000000000000000e+02
3.190000000000000000e+02
3.240000000000000000e+02
3.200000000000000000e+02
3.160000000000000000e+02
3.290000000000000000e+02
3.160000000000000000e+02
2.940000000000000000e+02
3.030000000000000000e+02
3.040000000000000000e+02
3.100000000000000000e+02
3.000000000000000000e+02
