4.700000000000000000e+01
4.600000000000000000e+01
4.900000000000000000e+01
5.200000000000000000e+01
5.300000000000000000e+01
5.700000000000000000e+01
6.100000000000000000e+01
5.800000000000000000e+01
6.200000000000000000e+01
6.200000000000000000e+01
7.200000000000000000e+01
7.900000000000000000e+01
8.500000000000000000e+01
9.000000000000000000e+01
9.900000000000000000e+01
9.700000000000000000e+01
1.140000000000000000e+02
1.210000000000000000e+02
1.300000000000000000e+02
1.340000000000000000e+02
1.390000000000000000e+02
1.450000000000000000e+02
1.400000000000000000e+02
1.430000000000000000e+02
1.520000000000000000e+02
1.630000000000000000e+02
1.560000000000000000e+02
1.570000000000000000e+02
1.600000000000000000e+02
1.650000000000000000e+02
1.630000000000000000e+02
1.550000000000000000e+02
1.540000000000000000e+02
1.530000000000000000e+02
1.520000000000000000e+02
1.540000000000000000e+02
1.410000000000000000e+02
1.420000000000000000e+02
1.410000000000000000e+02
1.430000000000000000e+02
1.490000000000000000e+02
1.390000000000000000e+02
1.430000000000000000e+02
1.420000000000000000e+02
1.350000000000000000e+02
1.360000000000000000e+02
1.230000000000000000e+02
1.200000000000000000e+02
1.230000000000000000e+02
1.280000000000000000e+02
1.300000000000000000e+02
1.260000000000000000e+02
1.200000000000000000e+02
1.240000000000000000e+02
1.200000000000000000e+02
1.180000000000000000e+02
1.110000000000000000e+02
1.170000000000000000e+02
1.170000000000000000e+02
1.120000000000000000e+02
1.030000000000000000e+02
1.110000000000000000e+02
1.080000000000000000e+02
1.060000000000000000e+02
1.000000000000000000e+02
1.000000000000000000e+02
9.600000000000000000e+01
9.700000000000000000e+01
9.200000000000000000e+01
1.010000000000000000e+02
1.040000000000000000e+02
9.800000000000000000e+01
9.900000000000000000e+01
1.000000000000000000e+02
1.030000000000000000e+02
1.070000000000000000e+02
1.020000000000000000e+02
1.040000000000000000e+02
9.800000000000000000e+01
9.700000000000000000e+01
8.800000000000000000e+01
8.700000000000000000e+01
8.700000000000000000e+01
8.200000000000000000e+01
7.400000000000000000e+01
7.400000000000000000e+01
8.100000000000000000e+01
8.300000000000000000e+01
8.500000000000000000e+01
8.200000000000000000e+01
8.500000000000000000e+01
8.500000000000000000e+01
9.300000000000000000e+01
9.400000000000000000e+01
9.500000000000000000e+01
1.020000000000000000e+02
1.000000000000000000e+02
9.600000000000000000e+01
9.700000000000000000e+01
9.600000000000000000e+01
1.000000000000000000e+02
1.020000000000000000e+02
9.800000000000000000e+01
9.300000000000000000e+01
9.000000000000000000e+01
8.900000000000000000e+01
8.900000000000000000e+01
9.200000000000000000e+01
9.100000000000000000e+01
8.700000000000000000e+01
8.400000000000000000e+01
7.900000000000000000e+01
7.500000000000000000e+01
7.600000000000000000e+01
7.600000000000000000e+01
8.200000000000000000e+01
7.900000000000000000e+01
8.500000000000000000e+01
7.700000000000000000e+01
7.900000000000000000e+01
8.300000000000000000e+01
8.600000000000000000e+01
