5.600000000000000000e+01
5.300000000000000000e+01
5.800000000000000000e+01
6.000000000000000000e+01
5.600000000000000000e+01
5.700000000000000000e+01
5.400000000000000000e+01
5.400000000000000000e+01
5.600000000000000000e+01
5.600000000000000000e+01
5.500000000000000000e+01
5.100000000000000000e+01
5.400000000000000000e+01
5.400000000000000000e+01
5.200000000000000000e+01
5.100000000000000000e+01
5.000000000000000000e+01
4.100000000000000000e+01
3.900000000000000000e+01
3.300000000000000000e+01
3.400000000000000000e+01
2.800000000000000000e+01
2.400000000000000000e+01
2.800000000000000000e+01
2.800000000000000000e+01
2.500000000000000000e+01
2.300000000000000000e+01
2.100000000000000000e+01
2.100000000000000000e+01
2.300000000000000000e+01
2.600000000000000000e+01
2.500000000000000000e+01
2.500000000000000000e+01
2.200000000000000000e+01
2.600000000000000000e+01
2.600000000000000000e+01
2.400000000000000000e+01
2.400000000000000000e+01
2.500000000000000000e+01
3.100000000000000000e+01
2.900000000000000000e+01
2.900000000000000000e+01
3.100000000000000000e+01
3.300000000000000000e+01
3.700000000000000000e+01
4.400000000000000000e+01
5.000000000000000000e+01
5.600000000000000000e+01
5.800000000000000000e+01
6.300000000000000000e+01
6.700000000000000000e+01
7.700000000000000000e+01
8.100000000000000000e+01
9.700000000000000000e+01
1.080000000000000000e+02
1.150000000000000000e+02
1.280000000000000000e+02
1.460000000000000000e+02
1.750000000000000000e+02
1.950000000000000000e+02
2.120000000000000000e+02
2.250000000000000000e+02
2.670000000000000000e+02
2.880000000000000000e+02
3.110000000000000000e+02
3.480000000000000000e+02
3.660000000000000000e+02
3.730000000000000000e+02
3.990000000000000000e+02
3.940000000000000000e+02
4.050000000000000000e+02
3.990000000000000000e+02
3.930000000000000000e+02
3.990000000000000000e+02
4.100000000000000000e+02
4.140000000000000000e+02
3.950000000000000000e+02
3.890000000000000000e+02
3.610000000000000000e+02
3.720000000000000000e+02
3.740000000000000000e+02
3.700000000000000000e+02
3.760000000000000000e+02
3.560000000000000000e+02
3.400000000000000000e+02
3.250000000000000000e+02
3.050000000000000000e+02
2.990000000000000000e+02
2.980000000000000000e+02
2.980000000000000000e+02
2.740000000000000000e+02
2.650000000000000000e+02
2.550000000000000000e+02
2.370000000000000000e+02
2.290000000000000000e+02
2.050000000000000000e+02
2.080000000000000000e+02
1.860000000000000000e+02
1.700000000000000000e+02
1.710000000000000000e+02
1.660000000000000000e+02
1.540000000000000000e+02
1.600000000000000000e+02
1.480000000000000000e+02
1.380000000000000000e+02
1.420000000000000000e+02
1.370000000000000000e+02
1.390000000000000000e+02
1.390000000000000000e+02
1.470000000000000000e+02
1.620000000000000000e+02
1.730000000000000000e+02
1.830000000000000000e+02
1.830000000000000000e+02
1.890000000000000000e+02
2.080000000000000000e+02
2.050000000000000000e+02
1.940000000000000000e+02
1.940000000000000000e+02
1.870000000000000000e+02
1.880000000000000000e+02
