5.100000000000000000e+01
5.400000000000000000e+01
4.900000000000000000e+01
4.800000000000000000e+01
5.100000000000000000e+01
5.400000000000000000e+01
5.100000000000000000e+01
5.700000000000000000e+01
5.400000000000000000e+01
5.800000000000000000e+01
6.300000000000000000e+01
5.900000000000000000e+01
6.700000000000000000e+01
7.500000000000000000e+01
8.900000000000000000e+01
9.800000000000000000e+01
1.180000000000000000e+02
1.150000000000000000e+02
1.190000000000000000e+02
1.300000000000000000e+02
1.360000000000000000e+02
1.390000000000000000e+02
1.490000000000000000e+02
1.530000000000000000e+02
1.520000000000000000e+02
1.610000000000000000e+02
1.630000000000000000e+02
1.800000000000000000e+02
1.830000000000000000e+02
1.840000000000000000e+02
1.750000000000000000e+02
1.850000000000000000e+02
1.930000000000000000e+02
1.860000000000000000e+02
1.830000000000000000e+02
1.740000000000000000e+02
1.840000000000000000e+02
1.790000000000000000e+02
1.800000000000000000e+02
1.790000000000000000e+02
1.810000000000000000e+02
1.760000000000000000e+02
1.640000000000000000e+02
1.660000000000000000e+02
1.680000000000000000e+02
1.640000000000000000e+02
1.720000000000000000e+02
1.740000000000000000e+02
1.850000000000000000e+02
1.860000000000000000e+02
1.830000000000000000e+02
1.750000000000000000e+02
1.760000000000000000e+02
1.720000000000000000e+02
1.670000000000000000e+02
1.650000000000000000e+02
1.610000000000000000e+02
1.550000000000000000e+02
1.410000000000000000e+02
1.330000000000000000e+02
1.300000000000000000e+02
1.280000000000000000e+02
1.250000000000000000e+02
1.320000000000000000e+02
1.300000000000000000e+02
1.370000000000000000e+02
1.300000000000000000e+02
1.330000000000000000e+02
1.330000000000000000e+02
1.250000000000000000e+02
1.250000000000000000e+02
1.360000000000000000e+02
1.280000000000000000e+02
1.290000000000000000e+02
1.210000000000000000e+02
1.230000000000000000e+02
1.190000000000000000e+02
1.180000000000000000e+02
1.260000000000000000e+02
1.190000000000000000e+02
1.140000000000000000e+02
1.130000000000000000e+02
1.180000000000000000e+02
1.170000000000000000e+02
1.150000000000000000e+02
1.090000000000000000e+02
1.090000000000000000e+02
1.080000000000000000e+02
1.010000000000000000e+02
1.040000000000000000e+02
1.050000000000000000e+02
1.000000000000000000e+02
1.010000000000000000e+02
9.600000000000000000e+01
9.500000000000000000e+01
9.300000000000000000e+01
8.500000000000000000e+01
8.100000000000000000e+01
8.200000000000000000e+01
8.100000000000000000e+01
8.000000000000000000e+01
8.200000000000000000e+01
8.200000000000000000e+01
9.000000000000000000e+01
9.900000000000000000e+01
1.060000000000000000e+02
1.060000000000000000e+02
1.110000000000000000e+02
1.080000000000000000e+02
1.000000000000000000e+02
9.700000000000000000e+01
9.700000000000000000e+01
1.080000000000000000e+02
9.900000000000000000e+01
9.700000000000000000e+01
1.020000000000000000e+02
1.040000000000000000e+02
1.030000000000000000e+02
1.080000000000000000e+02
1.020000000000000000e+02
1.020000000000000000e+02
9.800000000000000000e+01
