8.000000000000000000e+01
8.600000000000000000e+01
8.800000000000000000e+01
9.000000000000000000e+01
8.300000000000000000e+01
8.600000000000000000e+01
9.500000000000000000e+01
1.050000000000000000e+02
1.110000000000000000e+02
1.180000000000000000e+02
1.230000000000000000e+02
1.300000000000000000e+02
1.360000000000000000e+02
1.490000000000000000e+02
1.570000000000000000e+02
1.690000000000000000e+02
1.850000000000000000e+02
2.070000000000000000e+02
2.090000000000000000e+02
2.290000000000000000e+02
2.330000000000000000e+02
2.610000000000000000e+02
2.860000000000000000e+02
3.110000000000000000e+02
3.220000000000000000e+02
3.330000000000000000e+02
3.410000000000000000e+02
3.610000000000000000e+02
3.760000000000000000e+02
3.800000000000000000e+02
3.750000000000000000e+02
3.850000000000000000e+02
3.970000000000000000e+02
3.890000000000000000e+02
3.860000000000000000e+02
3.900000000000000000e+02
3.870000000000000000e+02
3.900000000000000000e+02
3.800000000000000000e+02
3.830000000000000000e+02
3.930000000000000000e+02
3.950000000000000000e+02
3.980000000000000000e+02
3.830000000000000000e+02
3.770000000000000000e+02
3.810000000000000000e+02
3.940000000000000000e+02
3.680000000000000000e+02
3.540000000000000000e+02
3.520000000000000000e+02
3.550000000000000000e+02
3.420000000000000000e+02
3.370000000000000000e+02
3.340000000000000000e+02
3.330000000000000000e+02
3.220000000000000000e+02
3.040000000000000000e+02
3.010000000000000000e+02
2.890000000000000000e+02
2.970000000000000000e+02
3.010000000000000000e+02
2.900000000000000000e+02
2.830000000000000000e+02
2.810000000000000000e+02
2.910000000000000000e+02
2.830000000000000000e+02
2.750000000000000000e+02
2.670000000000000000e+02
2.710000000000000000e+02
2.670000000000000000e+02
2.590000000000000000e+02
2.690000000000000000e+02
2.600000000000000000e+02
2.620000000000000000e+02
2.730000000000000000e+02
2.620000000000000000e+02
2.490000000000000000e+02
2.500000000000000000e+02
2.600000000000000000e+02
2.690000000000000000e+02
2.650000000000000000e+02
2.700000000000000000e+02
2.770000000000000000e+02
2.780000000000000000e+02
2.970000000000000000e+02
2.850000000000000000e+02
2.790000000000000000e+02
2.700000000000000000e+02
2.660000000000000000e+02
2.710000000000000000e+02
2.820000000000000000e+02
2.860000000000000000e+02
2.810000000000000000e+02
2.840000000000000000e+02
2.850000000000000000e+02
2.800000000000000000e+02
2.680000000000000000e+02
2.760000000000000000e+02
2.720000000000000000e+02
2.730000000000000000e+02
2.720000000000000000e+02
2.670000000000000000e+02
2.790000000000000000e+02
2.650000000000000000e+02
2.540000000000000000e+02
2.590000000000000000e+02
2.820000000000000000e+02
2.840000000000000000e+02
2.890000000000000000e+02
2.990000000000000000e+02
3.200000000000000000e+02
3.150000000000000000e+02
3.390000000000000000e+02
3.450000000000000000e+02
3.420000000000000000e+02
3.370000000000000000e+02
3.360000000000000000e+02
3.180000000000000000e+02
3.220000000000000000e+02
3.320000000000000000e+02
3.300000000000000000e+02
3.260000000000000000e+02
