1.940000000000000000e+02
1.960000000000000000e+02
1.910000000000000000e+02
1.930000000000000000e+02
1.970000000000000000e+02
2.010000000000000000e+02
1.960000000000000000e+02
1.970000000000000000e+02
2.020000000000000000e+02
2.230000000000000000e+02
2.390000000000000000e+02
2.500000000000000000e+02
2.730000000000000000e+02
3.230000000000000000e+02
3.590000000000000000e+02
3.810000000000000000e+02
3.970000000000000000e+02
4.190000000000000000e+02
4.210000000000000000e+02
4.350000000000000000e+02
4.420000000000000000e+02
4.380000000000000000e+02
4.320000000000000000e+02
4.250000000000000000e+02
4.320000000000000000e+02
4.390000000000000000e+02
4.370000000000000000e+02
4.520000000000000000e+02
4.260000000000000000e+02
4.280000000000000000e+02
4.050000000000000000e+02
3.940000000000000000e+02
3.850000000000000000e+02
3.810000000000000000e+02
3.700000000000000000e+02
3.680000000000000000e+02
3.610000000000000000e+02
3.490000000000000000e+02
3.350000000000000000e+02
3.260000000000000000e+02
3.110000000000000000e+02
3.100000000000000000e+02
2.930000000000000000e+02
2.840000000000000000e+02
2.670000000000000000e+02
2.660000000000000000e+02
2.670000000000000000e+02
2.580000000000000000e+02
2.490000000000000000e+02
2.510000000000000000e+02
2.550000000000000000e+02
2.560000000000000000e+02
2.600000000000000000e+02
2.770000000000000000e+02
2.750000000000000000e+02
2.970000000000000000e+02
3.250000000000000000e+02
3.210000000000000000e+02
3.370000000000000000e+02
3.390000000000000000e+02
3.510000000000000000e+02
3.620000000000000000e+02
3.680000000000000000e+02
3.510000000000000000e+02
3.420000000000000000e+02
3.260000000000000000e+02
3.130000000000000000e+02
3.230000000000000000e+02
3.330000000000000000e+02
3.110000000000000000e+02
2.950000000000000000e+02
3.060000000000000000e+02
2.980000000000000000e+02
3.040000000000000000e+02
2.980000000000000000e+02
2.910000000000000000e+02
2.850000000000000000e+02
2.820000000000000000e+02
2.760000000000000000e+02
2.460000000000000000e+02
2.420000000000000000e+02
2.300000000000000000e+02
2.260000000000000000e+02
2.210000000000000000e+02
2.250000000000000000e+02
2.180000000000000000e+02
2.120000000000000000e+02
2.120000000000000000e+02
2.120000000000000000e+02
2.300000000000000000e+02
2.370000000000000000e+02
2.350000000000000000e+02
2.490000000000000000e+02
2.690000000000000000e+02
2.870000000000000000e+02
2.940000000000000000e+02
2.950000000000000000e+02
3.060000000000000000e+02
3.030000000000000000e+02
3.130000000000000000e+02
3.130000000000000000e+02
3.220000000000000000e+02
3.230000000000000000e+02
3.050000000000000000e+02
2.960000000000000000e+02
2.930000000000000000e+02
2.860000000000000000e+02
2.850000000000000000e+02
2.740000000000000000e+02
2.630000000000000000e+02
2.590000000000000000e+02
2.680000000000000000e+02
2.590000000000000000e+02
2.620000000000000000e+02
2.480000000000000000e+02
2.320000000000000000e+02
2.300000000000000000e+02
2.140000000000000000e+02
2.060000000000000000e+02
1.910000000000000000e+02
1.820000000000000000e+02
