5.400000000000000000e+01
5.400000000000000000e+01
5.200000000000000000e+01
5.400000000000000000e+01
5.200000000000000000e+01
5.300000000000000000e+01
4.900000000000000000e+01
4.800000000000000000e+01
4.600000000000000000e+01
4.300000000000000000e+01
4.400000000000000000e+01
4.500000000000000000e+01
4.500000000000000000e+01
4.600000000000000000e+01
4.500000000000000000e+01
4.000000000000000000e+01
3.700000000000000000e+01
3.500000000000000000e+01
2.900000000000000000e+01
2.700000000000000000e+01
2.700000000000000000e+01
2.600000000000000000e+01
2.500000000000000000e+01
2.500000000000000000e+01
2.100000000000000000e+01
2.300000000000000000e+01
1.900000000000000000e+01
1.800000000000000000e+01
2.000000000000000000e+01
1.500000000000000000e+01
1.200000000000000000e+01
1.100000000000000000e+01
1.700000000000000000e+01
2.000000000000000000e+01
2.400000000000000000e+01
2.400000000000000000e+01
2.500000000000000000e+01
2.400000000000000000e+01
2.200000000000000000e+01
2.900000000000000000e+01
3.200000000000000000e+01
3.200000000000000000e+01
3.400000000000000000e+01
3.300000000000000000e+01
3.500000000000000000e+01
4.100000000000000000e+01
4.800000000000000000e+01
5.600000000000000000e+01
7.300000000000000000e+01
7.200000000000000000e+01
8.200000000000000000e+01
9.600000000000000000e+01
1.080000000000000000e+02
1.120000000000000000e+02
1.190000000000000000e+02
1.290000000000000000e+02
1.480000000000000000e+02
1.630000000000000000e+02
1.910000000000000000e+02
2.090000000000000000e+02
2.270000000000000000e+02
2.770000000000000000e+02
3.160000000000000000e+02
3.380000000000000000e+02
3.560000000000000000e+02
3.680000000000000000e+02
3.870000000000000000e+02
3.890000000000000000e+02
4.030000000000000000e+02
3.930000000000000000e+02
3.770000000000000000e+02
3.620000000000000000e+02
3.580000000000000000e+02
3.390000000000000000e+02
3.430000000000000000e+02
3.420000000000000000e+02
3.530000000000000000e+02
3.430000000000000000e+02
3.250000000000000000e+02
3.210000000000000000e+02
3.210000000000000000e+02
3.120000000000000000e+02
3.090000000000000000e+02
2.910000000000000000e+02
2.680000000000000000e+02
2.540000000000000000e+02
2.330000000000000000e+02
2.270000000000000000e+02
2.230000000000000000e+02
2.200000000000000000e+02
2.200000000000000000e+02
2.160000000000000000e+02
2.140000000000000000e+02
2.050000000000000000e+02
2.230000000000000000e+02
2.030000000000000000e+02
2.070000000000000000e+02
2.090000000000000000e+02
2.050000000000000000e+02
2.100000000000000000e+02
2.110000000000000000e+02
2.070000000000000000e+02
2.090000000000000000e+02
2.090000000000000000e+02
2.000000000000000000e+02
2.090000000000000000e+02
2.030000000000000000e+02
1.940000000000000000e+02
1.930000000000000000e+02
1.810000000000000000e+02
1.710000000000000000e+02
1.500000000000000000e+02
1.540000000000000000e+02
1.430000000000000000e+02
1.330000000000000000e+02
1.270000000000000000e+02
1.260000000000000000e+02
1.230000000000000000e+02
1.220000000000000000e+02
1.110000000000000000e+02
1.040000000000000000e+02
