6.900000000000000000e+01
6.700000000000000000e+01
8.300000000000000000e+01
8.800000000000000000e+01
8.900000000000000000e+01
9.700000000000000000e+01
1.140000000000000000e+02
1.250000000000000000e+02
1.380000000000000000e+02
1.400000000000000000e+02
1.430000000000000000e+02
1.460000000000000000e+02
1.610000000000000000e+02
1.750000000000000000e+02
1.850000000000000000e+02
2.080000000000000000e+02
2.140000000000000000e+02
2.480000000000000000e+02
2.740000000000000000e+02
3.050000000000000000e+02
3.340000000000000000e+02
3.580000000000000000e+02
3.830000000000000000e+02
4.040000000000000000e+02
4.230000000000000000e+02
4.250000000000000000e+02
4.310000000000000000e+02
4.520000000000000000e+02
4.790000000000000000e+02
4.880000000000000000e+02
4.930000000000000000e+02
4.910000000000000000e+02
4.900000000000000000e+02
4.980000000000000000e+02
4.830000000000000000e+02
4.890000000000000000e+02
4.910000000000000000e+02
4.870000000000000000e+02
4.680000000000000000e+02
4.600000000000000000e+02
4.590000000000000000e+02
4.550000000000000000e+02
4.420000000000000000e+02
4.410000000000000000e+02
4.300000000000000000e+02
4.140000000000000000e+02
4.060000000000000000e+02
4.060000000000000000e+02
4.190000000000000000e+02
4.180000000000000000e+02
4.380000000000000000e+02
4.130000000000000000e+02
3.970000000000000000e+02
4.030000000000000000e+02
4.000000000000000000e+02
3.840000000000000000e+02
3.740000000000000000e+02
3.820000000000000000e+02
3.930000000000000000e+02
3.950000000000000000e+02
3.820000000000000000e+02
3.680000000000000000e+02
3.730000000000000000e+02
3.600000000000000000e+02
3.600000000000000000e+02
3.490000000000000000e+02
3.300000000000000000e+02
3.420000000000000000e+02
3.440000000000000000e+02
3.480000000000000000e+02
3.430000000000000000e+02
3.160000000000000000e+02
3.250000000000000000e+02
3.080000000000000000e+02
2.900000000000000000e+02
2.820000000000000000e+02
2.750000000000000000e+02
2.690000000000000000e+02
2.690000000000000000e+02
2.640000000000000000e+02
2.580000000000000000e+02
2.620000000000000000e+02
2.520000000000000000e+02
2.540000000000000000e+02
2.440000000000000000e+02
2.500000000000000000e+02
2.590000000000000000e+02
2.590000000000000000e+02
2.610000000000000000e+02
2.710000000000000000e+02
2.630000000000000000e+02
2.590000000000000000e+02
2.630000000000000000e+02
2.750000000000000000e+02
2.930000000000000000e+02
2.870000000000000000e+02
2.860000000000000000e+02
2.900000000000000000e+02
2.890000000000000000e+02
2.950000000000000000e+02
2.890000000000000000e+02
2.730000000000000000e+02
2.650000000000000000e+02
2.540000000000000000e+02
2.640000000000000000e+02
2.690000000000000000e+02
2.810000000000000000e+02
2.750000000000000000e+02
2.570000000000000000e+02
2.590000000000000000e+02
2.640000000000000000e+02
2.610000000000000000e+02
2.710000000000000000e+02
2.670000000000000000e+02
2.840000000000000000e+02
2.720000000000000000e+02
2.650000000000000000e+02
2.660000000000000000e+02
2.670000000000000000e+02
2.780000000000000000e+02
2.970000000000000000e+02
3.060000000000000000e+02
