7.200000000000000000e+01
8.100000000000000000e+01
7.800000000000000000e+01
7.500000000000000000e+01
9.000000000000000000e+01
1.030000000000000000e+02
1.060000000000000000e+02
1.100000000000000000e+02
1.230000000000000000e+02
1.300000000000000000e+02
1.320000000000000000e+02
1.470000000000000000e+02
1.600000000000000000e+02
1.780000000000000000e+02
2.010000000000000000e+02
2.180000000000000000e+02
2.310000000000000000e+02
2.490000000000000000e+02
2.770000000000000000e+02
3.030000000000000000e+02
3.160000000000000000e+02
3.380000000000000000e+02
3.620000000000000000e+02
3.740000000000000000e+02
3.880000000000000000e+02
4.070000000000000000e+02
4.280000000000000000e+02
4.100000000000000000e+02
4.270000000000000000e+02
4.210000000000000000e+02
4.400000000000000000e+02
4.590000000000000000e+02
4.690000000000000000e+02
4.590000000000000000e+02
4.400000000000000000e+02
4.400000000000000000e+02
4.380000000000000000e+02
4.530000000000000000e+02
4.360000000000000000e+02
4.310000000000000000e+02
4.300000000000000000e+02
4.160000000000000000e+02
4.210000000000000000e+02
4.200000000000000000e+02
4.140000000000000000e+02
3.930000000000000000e+02
3.830000000000000000e+02
3.920000000000000000e+02
4.020000000000000000e+02
3.980000000000000000e+02
3.980000000000000000e+02
3.820000000000000000e+02
3.740000000000000000e+02
3.770000000000000000e+02
3.640000000000000000e+02
3.700000000000000000e+02
3.750000000000000000e+02
3.730000000000000000e+02
3.960000000000000000e+02
3.880000000000000000e+02
3.760000000000000000e+02
3.600000000000000000e+02
3.700000000000000000e+02
3.590000000000000000e+02
3.390000000000000000e+02
3.370000000000000000e+02
3.170000000000000000e+02
3.140000000000000000e+02
3.140000000000000000e+02
3.220000000000000000e+02
3.240000000000000000e+02
3.210000000000000000e+02
3.250000000000000000e+02
3.210000000000000000e+02
3.350000000000000000e+02
3.430000000000000000e+02
3.420000000000000000e+02
3.390000000000000000e+02
3.240000000000000000e+02
3.240000000000000000e+02
3.250000000000000000e+02
3.290000000000000000e+02
3.270000000000000000e+02
3.260000000000000000e+02
3.280000000000000000e+02
3.250000000000000000e+02
3.120000000000000000e+02
3.010000000000000000e+02
2.780000000000000000e+02
2.640000000000000000e+02
2.620000000000000000e+02
2.490000000000000000e+02
2.470000000000000000e+02
2.420000000000000000e+02
2.340000000000000000e+02
2.340000000000000000e+02
2.350000000000000000e+02
2.420000000000000000e+02
2.350000000000000000e+02
2.480000000000000000e+02
2.760000000000000000e+02
2.850000000000000000e+02
2.820000000000000000e+02
2.870000000000000000e+02
2.960000000000000000e+02
2.880000000000000000e+02
3.050000000000000000e+02
3.110000000000000000e+02
3.070000000000000000e+02
3.100000000000000000e+02
3.090000000000000000e+02
3.140000000000000000e+02
3.250000000000000000e+02
3.270000000000000000e+02
3.300000000000000000e+02
3.300000000000000000e+02
3.270000000000000000e+02
3.350000000000000000e+02
3.210000000000000000e+02
3.250000000000000000e+02
3.170000000000000000e+02
3.200000000000000000e+02
