7.500000000000000000e+01
7.900000000000000000e+01
8.100000000000000000e+01
8.000000000000000000e+01
7.600000000000000000e+01
8.500000000000000000e+01
8.300000000000000000e+01
9.300000000000000000e+01
9.700000000000000000e+01
1.040000000000000000e+02
1.110000000000000000e+02
1.110000000000000000e+02
1.130000000000000000e+02
1.300000000000000000e+02
1.550000000000000000e+02
1.620000000000000000e+02
1.720000000000000000e+02
1.930000000000000000e+02
2.130000000000000000e+02
2.320000000000000000e+02
2.490000000000000000e+02
2.880000000000000000e+02
3.270000000000000000e+02
3.390000000000000000e+02
3.660000000000000000e+02
3.810000000000000000e+02
3.800000000000000000e+02
3.870000000000000000e+02
4.060000000000000000e+02
4.180000000000000000e+02
4.250000000000000000e+02
4.380000000000000000e+02
4.470000000000000000e+02
4.470000000000000000e+02
4.490000000000000000e+02
4.570000000000000000e+02
4.480000000000000000e+02
4.650000000000000000e+02
4.680000000000000000e+02
4.340000000000000000e+02
4.300000000000000000e+02
4.300000000000000000e+02
4.330000000000000000e+02
4.090000000000000000e+02
4.150000000000000000e+02
4.250000000000000000e+02
4.180000000000000000e+02
4.260000000000000000e+02
4.230000000000000000e+02
4.440000000000000000e+02
4.480000000000000000e+02
4.520000000000000000e+02
4.360000000000000000e+02
4.240000000000000000e+02
4.060000000000000000e+02
3.920000000000000000e+02
3.810000000000000000e+02
3.750000000000000000e+02
3.690000000000000000e+02
3.660000000000000000e+02
3.520000000000000000e+02
3.600000000000000000e+02
3.530000000000000000e+02
3.480000000000000000e+02
3.440000000000000000e+02
3.380000000000000000e+02
3.410000000000000000e+02
3.360000000000000000e+02
3.440000000000000000e+02
3.510000000000000000e+02
3.430000000000000000e+02
3.180000000000000000e+02
3.040000000000000000e+02
3.110000000000000000e+02
3.080000000000000000e+02
2.990000000000000000e+02
2.940000000000000000e+02
3.000000000000000000e+02
3.060000000000000000e+02
3.020000000000000000e+02
2.850000000000000000e+02
2.760000000000000000e+02
2.450000000000000000e+02
2.400000000000000000e+02
2.360000000000000000e+02
2.290000000000000000e+02
2.300000000000000000e+02
2.220000000000000000e+02
2.310000000000000000e+02
2.270000000000000000e+02
2.340000000000000000e+02
2.270000000000000000e+02
2.370000000000000000e+02
2.450000000000000000e+02
2.370000000000000000e+02
2.350000000000000000e+02
2.420000000000000000e+02
2.690000000000000000e+02
2.900000000000000000e+02
3.020000000000000000e+02
2.960000000000000000e+02
2.850000000000000000e+02
2.750000000000000000e+02
2.850000000000000000e+02
2.850000000000000000e+02
2.810000000000000000e+02
2.730000000000000000e+02
2.740000000000000000e+02
2.680000000000000000e+02
2.650000000000000000e+02
2.600000000000000000e+02
2.490000000000000000e+02
2.500000000000000000e+02
2.360000000000000000e+02
2.350000000000000000e+02
2.230000000000000000e+02
2.190000000000000000e+02
2.020000000000000000e+02
2.220000000000000000e+02
2.310000000000000000e+02
2.360000000000000000e+02
2.550000000000000000e+02
