5.000000000000000000e+01
4.700000000000000000e+01
4.800000000000000000e+01
4.800000000000000000e+01
5.200000000000000000e+01
5.400000000000000000e+01
5.600000000000000000e+01
5.300000000000000000e+01
5.100000000000000000e+01
5.100000000000000000e+01
5.300000000000000000e+01
5.100000000000000000e+01
5.000000000000000000e+01
4.800000000000000000e+01
4.000000000000000000e+01
4.000000000000000000e+01
3.700000000000000000e+01
4.000000000000000000e+01
4.000000000000000000e+01
3.800000000000000000e+01
4.100000000000000000e+01
3.800000000000000000e+01
3.600000000000000000e+01
3.000000000000000000e+01
2.600000000000000000e+01
2.600000000000000000e+01
2.600000000000000000e+01
2.600000000000000000e+01
2.700000000000000000e+01
2.300000000000000000e+01
2.500000000000000000e+01
2.700000000000000000e+01
2.300000000000000000e+01
2.100000000000000000e+01
2.200000000000000000e+01
2.200000000000000000e+01
2.200000000000000000e+01
2.000000000000000000e+01
2.200000000000000000e+01
2.700000000000000000e+01
2.500000000000000000e+01
2.700000000000000000e+01
2.400000000000000000e+01
3.100000000000000000e+01
4.000000000000000000e+01
4.700000000000000000e+01
5.800000000000000000e+01
6.800000000000000000e+01
9.000000000000000000e+01
1.010000000000000000e+02
1.040000000000000000e+02
1.150000000000000000e+02
1.230000000000000000e+02
1.290000000000000000e+02
1.490000000000000000e+02
1.670000000000000000e+02
1.910000000000000000e+02
1.870000000000000000e+02
1.950000000000000000e+02
2.110000000000000000e+02
2.190000000000000000e+02
2.530000000000000000e+02
2.780000000000000000e+02
2.700000000000000000e+02
2.770000000000000000e+02
2.980000000000000000e+02
3.000000000000000000e+02
2.890000000000000000e+02
3.040000000000000000e+02
3.090000000000000000e+02
3.080000000000000000e+02
3.090000000000000000e+02
3.220000000000000000e+02
3.320000000000000000e+02
3.350000000000000000e+02
3.280000000000000000e+02
3.110000000000000000e+02
3.140000000000000000e+02
3.150000000000000000e+02
3.090000000000000000e+02
3.010000000000000000e+02
2.940000000000000000e+02
2.880000000000000000e+02
2.790000000000000000e+02
2.700000000000000000e+02
2.510000000000000000e+02
2.410000000000000000e+02
2.310000000000000000e+02
2.290000000000000000e+02
2.310000000000000000e+02
2.300000000000000000e+02
2.080000000000000000e+02
2.250000000000000000e+02
2.200000000000000000e+02
2.040000000000000000e+02
1.850000000000000000e+02
1.790000000000000000e+02
1.730000000000000000e+02
1.750000000000000000e+02
1.700000000000000000e+02
1.660000000000000000e+02
1.700000000000000000e+02
1.640000000000000000e+02
1.810000000000000000e+02
1.860000000000000000e+02
1.790000000000000000e+02
1.720000000000000000e+02
1.630000000000000000e+02
1.720000000000000000e+02
1.730000000000000000e+02
1.660000000000000000e+02
1.650000000000000000e+02
1.820000000000000000e+02
1.790000000000000000e+02
1.910000000000000000e+02
2.070000000000000000e+02
2.090000000000000000e+02
1.980000000000000000e+02
1.880000000000000000e+02
1.750000000000000000e+02
1.770000000000000000e+02
