9.500000000000000000e+01
9.800000000000000000e+01
8.900000000000000000e+01
8.300000000000000000e+01
8.800000000000000000e+01
9.900000000000000000e+01
1.040000000000000000e+02
1.090000000000000000e+02
1.150000000000000000e+02
1.240000000000000000e+02
1.410000000000000000e+02
1.590000000000000000e+02
1.690000000000000000e+02
1.940000000000000000e+02
2.060000000000000000e+02
2.380000000000000000e+02
2.700000000000000000e+02
2.960000000000000000e+02
3.130000000000000000e+02
3.360000000000000000e+02
3.590000000000000000e+02
3.850000000000000000e+02
3.940000000000000000e+02
4.040000000000000000e+02
4.040000000000000000e+02
4.050000000000000000e+02
4.040000000000000000e+02
4.360000000000000000e+02
4.370000000000000000e+02
4.370000000000000000e+02
4.250000000000000000e+02
4.340000000000000000e+02
4.370000000000000000e+02
4.460000000000000000e+02
4.570000000000000000e+02
4.620000000000000000e+02
4.490000000000000000e+02
4.510000000000000000e+02
4.580000000000000000e+02
4.520000000000000000e+02
4.510000000000000000e+02
4.700000000000000000e+02
4.760000000000000000e+02
4.630000000000000000e+02
4.590000000000000000e+02
4.520000000000000000e+02
4.540000000000000000e+02
4.510000000000000000e+02
4.340000000000000000e+02
4.180000000000000000e+02
3.990000000000000000e+02
3.930000000000000000e+02
3.700000000000000000e+02
3.550000000000000000e+02
3.500000000000000000e+02
3.690000000000000000e+02
3.780000000000000000e+02
3.790000000000000000e+02
3.710000000000000000e+02
3.560000000000000000e+02
3.600000000000000000e+02
3.520000000000000000e+02
3.460000000000000000e+02
3.380000000000000000e+02
3.330000000000000000e+02
3.260000000000000000e+02
3.240000000000000000e+02
3.060000000000000000e+02
3.050000000000000000e+02
2.840000000000000000e+02
2.800000000000000000e+02
2.710000000000000000e+02
2.770000000000000000e+02
2.700000000000000000e+02
2.710000000000000000e+02
2.670000000000000000e+02
2.660000000000000000e+02
2.560000000000000000e+02
2.610000000000000000e+02
2.570000000000000000e+02
2.560000000000000000e+02
2.610000000000000000e+02
2.450000000000000000e+02
2.410000000000000000e+02
2.280000000000000000e+02
2.390000000000000000e+02
2.500000000000000000e+02
2.590000000000000000e+02
2.680000000000000000e+02
2.690000000000000000e+02
2.790000000000000000e+02
2.880000000000000000e+02
3.010000000000000000e+02
2.990000000000000000e+02
2.920000000000000000e+02
3.070000000000000000e+02
3.000000000000000000e+02
3.120000000000000000e+02
3.260000000000000000e+02
3.160000000000000000e+02
3.140000000000000000e+02
3.340000000000000000e+02
3.450000000000000000e+02
3.420000000000000000e+02
3.450000000000000000e+02
3.350000000000000000e+02
3.200000000000000000e+02
3.130000000000000000e+02
3.060000000000000000e+02
2.930000000000000000e+02
2.780000000000000000e+02
2.800000000000000000e+02
2.750000000000000000e+02
2.720000000000000000e+02
2.570000000000000000e+02
2.530000000000000000e+02
2.490000000000000000e+02
2.460000000000000000e+02
2.310000000000000000e+02
2.350000000000000000e+02
2.300000000000000000e+02
2.260000000000000000e+02
