7.900000000000000000e+01
8.200000000000000000e+01
8.700000000000000000e+01
9.900000000000000000e+01
9.800000000000000000e+01
9.800000000000000000e+01
9.500000000000000000e+01
9.500000000000000000e+01
1.130000000000000000e+02
1.240000000000000000e+02
1.440000000000000000e+02
1.550000000000000000e+02
1.790000000000000000e+02
1.880000000000000000e+02
2.010000000000000000e+02
2.210000000000000000e+02
2.580000000000000000e+02
2.910000000000000000e+02
3.390000000000000000e+02
3.650000000000000000e+02
3.790000000000000000e+02
4.070000000000000000e+02
4.280000000000000000e+02
4.490000000000000000e+02
4.690000000000000000e+02
4.920000000000000000e+02
5.030000000000000000e+02
5.190000000000000000e+02
5.320000000000000000e+02
5.540000000000000000e+02
5.540000000000000000e+02
5.310000000000000000e+02
5.170000000000000000e+02
5.130000000000000000e+02
5.030000000000000000e+02
5.080000000000000000e+02
4.880000000000000000e+02
4.960000000000000000e+02
4.870000000000000000e+02
4.870000000000000000e+02
4.700000000000000000e+02
4.870000000000000000e+02
4.840000000000000000e+02
4.990000000000000000e+02
4.930000000000000000e+02
4.760000000000000000e+02
4.490000000000000000e+02
4.570000000000000000e+02
4.600000000000000000e+02
4.420000000000000000e+02
4.450000000000000000e+02
4.550000000000000000e+02
4.540000000000000000e+02
4.460000000000000000e+02
4.450000000000000000e+02
4.330000000000000000e+02
4.170000000000000000e+02
3.950000000000000000e+02
3.960000000000000000e+02
3.930000000000000000e+02
3.910000000000000000e+02
3.870000000000000000e+02
3.740000000000000000e+02
3.590000000000000000e+02
3.620000000000000000e+02
3.700000000000000000e+02
3.520000000000000000e+02
3.430000000000000000e+02
3.410000000000000000e+02
3.510000000000000000e+02
3.410000000000000000e+02
3.330000000000000000e+02
3.210000000000000000e+02
3.130000000000000000e+02
3.150000000000000000e+02
3.050000000000000000e+02
3.080000000000000000e+02
2.930000000000000000e+02
3.000000000000000000e+02
2.910000000000000000e+02
2.770000000000000000e+02
2.800000000000000000e+02
2.760000000000000000e+02
2.700000000000000000e+02
2.640000000000000000e+02
2.570000000000000000e+02
2.510000000000000000e+02
2.510000000000000000e+02
2.460000000000000000e+02
2.580000000000000000e+02
2.640000000000000000e+02
2.630000000000000000e+02
2.630000000000000000e+02
2.620000000000000000e+02
2.700000000000000000e+02
2.740000000000000000e+02
2.710000000000000000e+02
2.720000000000000000e+02
2.750000000000000000e+02
2.880000000000000000e+02
3.080000000000000000e+02
3.140000000000000000e+02
3.200000000000000000e+02
3.300000000000000000e+02
3.240000000000000000e+02
3.280000000000000000e+02
3.160000000000000000e+02
2.960000000000000000e+02
2.850000000000000000e+02
2.700000000000000000e+02
2.650000000000000000e+02
2.640000000000000000e+02
2.680000000000000000e+02
2.730000000000000000e+02
2.670000000000000000e+02
2.640000000000000000e+02
2.540000000000000000e+02
2.520000000000000000e+02
2.490000000000000000e+02
2.560000000000000000e+02
2.580000000000000000e+02
2.630000000000000000e+02
