1.050000000000000000e+02
1.040000000000000000e+02
1.160000000000000000e+02
1.290000000000000000e+02
1.310000000000000000e+02
1.350000000000000000e+02
1.390000000000000000e+02
1.450000000000000000e+02
1.660000000000000000e+02
1.580000000000000000e+02
1.690000000000000000e+02
1.860000000000000000e+02
1.930000000000000000e+02
2.130000000000000000e+02
2.330000000000000000e+02
2.480000000000000000e+02
2.870000000000000000e+02
3.050000000000000000e+02
3.330000000000000000e+02
3.530000000000000000e+02
3.690000000000000000e+02
3.740000000000000000e+02
3.790000000000000000e+02
3.880000000000000000e+02
4.060000000000000000e+02
4.220000000000000000e+02
4.300000000000000000e+02
4.270000000000000000e+02
4.280000000000000000e+02
4.410000000000000000e+02
4.370000000000000000e+02
4.500000000000000000e+02
4.650000000000000000e+02
4.700000000000000000e+02
4.780000000000000000e+02
4.720000000000000000e+02
4.690000000000000000e+02
4.620000000000000000e+02
4.410000000000000000e+02
4.330000000000000000e+02
4.470000000000000000e+02
4.210000000000000000e+02
4.180000000000000000e+02
4.150000000000000000e+02
4.220000000000000000e+02
4.160000000000000000e+02
4.130000000000000000e+02
4.100000000000000000e+02
4.180000000000000000e+02
4.200000000000000000e+02
4.030000000000000000e+02
3.880000000000000000e+02
3.980000000000000000e+02
3.900000000000000000e+02
3.930000000000000000e+02
3.990000000000000000e+02
3.910000000000000000e+02
3.790000000000000000e+02
3.730000000000000000e+02
3.660000000000000000e+02
3.560000000000000000e+02
3.640000000000000000e+02
3.610000000000000000e+02
3.520000000000000000e+02
3.430000000000000000e+02
3.490000000000000000e+02
3.590000000000000000e+02
3.550000000000000000e+02
3.410000000000000000e+02
3.250000000000000000e+02
3.260000000000000000e+02
3.260000000000000000e+02
3.190000000000000000e+02
3.010000000000000000e+02
2.970000000000000000e+02
2.960000000000000000e+02
3.000000000000000000e+02
2.930000000000000000e+02
2.820000000000000000e+02
2.870000000000000000e+02
3.000000000000000000e+02
2.880000000000000000e+02
2.820000000000000000e+02
2.620000000000000000e+02
2.500000000000000000e+02
2.550000000000000000e+02
2.510000000000000000e+02
2.400000000000000000e+02
2.310000000000000000e+02
2.220000000000000000e+02
2.330000000000000000e+02
2.340000000000000000e+02
2.470000000000000000e+02
2.420000000000000000e+02
2.550000000000000000e+02
2.640000000000000000e+02
2.620000000000000000e+02
2.700000000000000000e+02
2.920000000000000000e+02
3.190000000000000000e+02
3.180000000000000000e+02
3.240000000000000000e+02
3.120000000000000000e+02
3.350000000000000000e+02
3.530000000000000000e+02
3.490000000000000000e+02
3.450000000000000000e+02
3.520000000000000000e+02
3.400000000000000000e+02
3.270000000000000000e+02
3.190000000000000000e+02
3.380000000000000000e+02
3.210000000000000000e+02
3.190000000000000000e+02
3.170000000000000000e+02
3.070000000000000000e+02
3.000000000000000000e+02
2.960000000000000000e+02
2.930000000000000000e+02
2.830000000000000000e+02
2.610000000000000000e+02
2.770000000000000000e+02
