1.410000000000000000e+02
1.210000000000000000e+02
1.310000000000000000e+02
1.400000000000000000e+02
1.430000000000000000e+02
1.460000000000000000e+02
1.560000000000000000e+02
1.450000000000000000e+02
1.410000000000000000e+02
1.430000000000000000e+02
1.450000000000000000e+02
1.530000000000000000e+02
1.580000000000000000e+02
1.500000000000000000e+02
1.500000000000000000e+02
1.440000000000000000e+02
1.370000000000000000e+02
1.320000000000000000e+02
1.290000000000000000e+02
1.370000000000000000e+02
1.350000000000000000e+02
1.370000000000000000e+02
1.280000000000000000e+02
1.230000000000000000e+02
1.200000000000000000e+02
1.190000000000000000e+02
1.080000000000000000e+02
1.070000000000000000e+02
1.110000000000000000e+02
1.130000000000000000e+02
1.020000000000000000e+02
1.100000000000000000e+02
1.110000000000000000e+02
1.190000000000000000e+02
1.230000000000000000e+02
1.340000000000000000e+02
1.440000000000000000e+02
1.470000000000000000e+02
1.440000000000000000e+02
1.560000000000000000e+02
1.700000000000000000e+02
1.880000000000000000e+02
1.980000000000000000e+02
2.040000000000000000e+02
2.160000000000000000e+02
2.310000000000000000e+02
2.370000000000000000e+02
2.480000000000000000e+02
2.440000000000000000e+02
2.600000000000000000e+02
2.640000000000000000e+02
2.730000000000000000e+02
2.920000000000000000e+02
2.910000000000000000e+02
2.790000000000000000e+02
2.590000000000000000e+02
2.580000000000000000e+02
2.450000000000000000e+02
2.400000000000000000e+02
2.390000000000000000e+02
2.540000000000000000e+02
2.510000000000000000e+02
2.500000000000000000e+02
2.480000000000000000e+02
2.270000000000000000e+02
2.230000000000000000e+02
2.280000000000000000e+02
2.210000000000000000e+02
2.060000000000000000e+02
2.060000000000000000e+02
2.080000000000000000e+02
1.940000000000000000e+02
1.880000000000000000e+02
1.840000000000000000e+02
1.860000000000000000e+02
1.820000000000000000e+02
1.860000000000000000e+02
1.840000000000000000e+02
1.960000000000000000e+02
2.180000000000000000e+02
2.210000000000000000e+02
2.230000000000000000e+02
2.250000000000000000e+02
2.410000000000000000e+02
2.530000000000000000e+02
2.570000000000000000e+02
2.660000000000000000e+02
2.720000000000000000e+02
2.640000000000000000e+02
2.770000000000000000e+02
2.840000000000000000e+02
3.010000000000000000e+02
2.990000000000000000e+02
2.920000000000000000e+02
2.780000000000000000e+02
2.720000000000000000e+02
2.590000000000000000e+02
2.420000000000000000e+02
2.240000000000000000e+02
2.150000000000000000e+02
2.020000000000000000e+02
1.980000000000000000e+02
1.940000000000000000e+02
1.870000000000000000e+02
1.730000000000000000e+02
1.610000000000000000e+02
1.660000000000000000e+02
1.580000000000000000e+02
1.710000000000000000e+02
1.650000000000000000e+02
1.670000000000000000e+02
1.620000000000000000e+02
1.610000000000000000e+02
1.600000000000000000e+02
1.530000000000000000e+02
1.490000000000000000e+02
1.490000000000000000e+02
1.430000000000000000e+02
1.490000000000000000e+02
1.610000000000000000e+02
1.530000000000000000e+02
