1.020000000000000000e+02
1.020000000000000000e+02
1.100000000000000000e+02
1.090000000000000000e+02
1.130000000000000000e+02
1.200000000000000000e+02
1.240000000000000000e+02
1.160000000000000000e+02
1.100000000000000000e+02
1.090000000000000000e+02
1.050000000000000000e+02
1.100000000000000000e+02
1.100000000000000000e+02
1.210000000000000000e+02
1.210000000000000000e+02
1.120000000000000000e+02
1.050000000000000000e+02
9.600000000000000000e+01
9.600000000000000000e+01
8.700000000000000000e+01
8.500000000000000000e+01
7.900000000000000000e+01
8.400000000000000000e+01
8.700000000000000000e+01
8.600000000000000000e+01
8.500000000000000000e+01
8.600000000000000000e+01
9.100000000000000000e+01
9.600000000000000000e+01
8.800000000000000000e+01
8.600000000000000000e+01
8.500000000000000000e+01
9.100000000000000000e+01
1.010000000000000000e+02
1.060000000000000000e+02
1.090000000000000000e+02
1.100000000000000000e+02
1.090000000000000000e+02
1.110000000000000000e+02
1.260000000000000000e+02
1.310000000000000000e+02
1.350000000000000000e+02
1.410000000000000000e+02
1.420000000000000000e+02
1.550000000000000000e+02
1.650000000000000000e+02
1.720000000000000000e+02
2.070000000000000000e+02
2.280000000000000000e+02
2.480000000000000000e+02
2.660000000000000000e+02
2.770000000000000000e+02
2.930000000000000000e+02
3.170000000000000000e+02
3.280000000000000000e+02
3.430000000000000000e+02
3.390000000000000000e+02
3.380000000000000000e+02
3.250000000000000000e+02
3.330000000000000000e+02
3.280000000000000000e+02
3.220000000000000000e+02
3.280000000000000000e+02
3.220000000000000000e+02
3.220000000000000000e+02
3.180000000000000000e+02
2.910000000000000000e+02
2.900000000000000000e+02
2.970000000000000000e+02
2.890000000000000000e+02
2.880000000000000000e+02
2.700000000000000000e+02
2.580000000000000000e+02
2.390000000000000000e+02
2.270000000000000000e+02
2.180000000000000000e+02
2.110000000000000000e+02
2.030000000000000000e+02
1.960000000000000000e+02
2.000000000000000000e+02
1.950000000000000000e+02
1.910000000000000000e+02
2.070000000000000000e+02
2.070000000000000000e+02
2.070000000000000000e+02
2.140000000000000000e+02
2.160000000000000000e+02
2.300000000000000000e+02
2.360000000000000000e+02
2.320000000000000000e+02
2.130000000000000000e+02
2.130000000000000000e+02
2.240000000000000000e+02
2.260000000000000000e+02
2.160000000000000000e+02
2.170000000000000000e+02
2.070000000000000000e+02
2.050000000000000000e+02
1.980000000000000000e+02
1.950000000000000000e+02
1.730000000000000000e+02
1.830000000000000000e+02
1.830000000000000000e+02
1.720000000000000000e+02
1.720000000000000000e+02
1.710000000000000000e+02
1.660000000000000000e+02
1.580000000000000000e+02
1.670000000000000000e+02
1.590000000000000000e+02
1.600000000000000000e+02
1.590000000000000000e+02
1.630000000000000000e+02
1.620000000000000000e+02
1.660000000000000000e+02
1.670000000000000000e+02
1.570000000000000000e+02
1.570000000000000000e+02
1.670000000000000000e+02
1.720000000000000000e+02
1.580000000000000000e+02
