8.700000000000000000e+01
9.100000000000000000e+01
8.900000000000000000e+01
8.200000000000000000e+01
8.600000000000000000e+01
8.500000000000000000e+01
8.000000000000000000e+01
7.400000000000000000e+01
7.400000000000000000e+01
7.100000000000000000e+01
6.800000000000000000e+01
6.600000000000000000e+01
6.700000000000000000e+01
6.400000000000000000e+01
7.000000000000000000e+01
6.900000000000000000e+01
7.400000000000000000e+01
6.600000000000000000e+01
6.700000000000000000e+01
6.300000000000000000e+01
6.100000000000000000e+01
5.700000000000000000e+01
5.000000000000000000e+01
4.600000000000000000e+01
4.500000000000000000e+01
4.700000000000000000e+01
4.500000000000000000e+01
4.300000000000000000e+01
4.500000000000000000e+01
4.500000000000000000e+01
4.700000000000000000e+01
5.200000000000000000e+01
5.300000000000000000e+01
5.100000000000000000e+01
5.100000000000000000e+01
5.200000000000000000e+01
5.500000000000000000e+01
5.100000000000000000e+01
5.200000000000000000e+01
4.600000000000000000e+01
4.500000000000000000e+01
5.100000000000000000e+01
5.500000000000000000e+01
5.500000000000000000e+01
5.800000000000000000e+01
5.400000000000000000e+01
5.600000000000000000e+01
7.200000000000000000e+01
8.700000000000000000e+01
8.900000000000000000e+01
8.600000000000000000e+01
9.000000000000000000e+01
1.000000000000000000e+02
1.120000000000000000e+02
1.390000000000000000e+02
1.500000000000000000e+02
1.590000000000000000e+02
1.650000000000000000e+02
2.040000000000000000e+02
2.340000000000000000e+02
2.580000000000000000e+02
2.830000000000000000e+02
2.920000000000000000e+02
3.260000000000000000e+02
3.380000000000000000e+02
3.560000000000000000e+02
3.660000000000000000e+02
3.700000000000000000e+02
3.760000000000000000e+02
3.840000000000000000e+02
3.740000000000000000e+02
3.870000000000000000e+02
3.830000000000000000e+02
3.660000000000000000e+02
3.680000000000000000e+02
3.530000000000000000e+02
3.600000000000000000e+02
3.540000000000000000e+02
3.410000000000000000e+02
3.380000000000000000e+02
3.250000000000000000e+02
3.240000000000000000e+02
3.160000000000000000e+02
3.240000000000000000e+02
3.060000000000000000e+02
3.010000000000000000e+02
3.000000000000000000e+02
2.780000000000000000e+02
2.530000000000000000e+02
2.480000000000000000e+02
2.360000000000000000e+02
2.100000000000000000e+02
2.060000000000000000e+02
1.970000000000000000e+02
1.950000000000000000e+02
1.890000000000000000e+02
1.880000000000000000e+02
1.820000000000000000e+02
1.800000000000000000e+02
1.780000000000000000e+02
1.680000000000000000e+02
1.810000000000000000e+02
1.750000000000000000e+02
1.850000000000000000e+02
1.810000000000000000e+02
1.760000000000000000e+02
1.810000000000000000e+02
1.920000000000000000e+02
1.990000000000000000e+02
2.110000000000000000e+02
2.020000000000000000e+02
2.110000000000000000e+02
2.090000000000000000e+02
2.100000000000000000e+02
2.110000000000000000e+02
2.060000000000000000e+02
1.890000000000000000e+02
1.800000000000000000e+02
1.720000000000000000e+02
1.610000000000000000e+02
1.600000000000000000e+02
