8.700000000000000000e+01
8.300000000000000000e+01
8.900000000000000000e+01
9.500000000000000000e+01
1.000000000000000000e+02
9.600000000000000000e+01
9.300000000000000000e+01
9.800000000000000000e+01
1.150000000000000000e+02
1.230000000000000000e+02
1.340000000000000000e+02
1.510000000000000000e+02
1.690000000000000000e+02
1.880000000000000000e+02
2.150000000000000000e+02
2.340000000000000000e+02
2.660000000000000000e+02
2.660000000000000000e+02
2.780000000000000000e+02
3.110000000000000000e+02
3.370000000000000000e+02
3.540000000000000000e+02
3.810000000000000000e+02
3.700000000000000000e+02
3.860000000000000000e+02
4.030000000000000000e+02
3.960000000000000000e+02
4.110000000000000000e+02
4.320000000000000000e+02
4.390000000000000000e+02
4.290000000000000000e+02
4.140000000000000000e+02
4.200000000000000000e+02
4.020000000000000000e+02
4.080000000000000000e+02
4.080000000000000000e+02
4.160000000000000000e+02
4.190000000000000000e+02
4.150000000000000000e+02
4.170000000000000000e+02
4.150000000000000000e+02
4.110000000000000000e+02
4.030000000000000000e+02
3.930000000000000000e+02
3.900000000000000000e+02
3.880000000000000000e+02
3.940000000000000000e+02
3.840000000000000000e+02
3.920000000000000000e+02
3.850000000000000000e+02
4.020000000000000000e+02
4.040000000000000000e+02
3.920000000000000000e+02
3.950000000000000000e+02
3.790000000000000000e+02
3.670000000000000000e+02
3.500000000000000000e+02
3.540000000000000000e+02
3.490000000000000000e+02
3.280000000000000000e+02
3.280000000000000000e+02
3.100000000000000000e+02
3.090000000000000000e+02
3.080000000000000000e+02
2.890000000000000000e+02
2.960000000000000000e+02
2.990000000000000000e+02
3.000000000000000000e+02
2.890000000000000000e+02
2.890000000000000000e+02
2.890000000000000000e+02
2.940000000000000000e+02
2.970000000000000000e+02
3.020000000000000000e+02
3.000000000000000000e+02
2.950000000000000000e+02
2.930000000000000000e+02
2.950000000000000000e+02
2.780000000000000000e+02
2.710000000000000000e+02
2.780000000000000000e+02
2.690000000000000000e+02
2.720000000000000000e+02
2.600000000000000000e+02
2.430000000000000000e+02
2.440000000000000000e+02
2.410000000000000000e+02
2.450000000000000000e+02
2.400000000000000000e+02
2.410000000000000000e+02
2.450000000000000000e+02
2.570000000000000000e+02
2.850000000000000000e+02
2.900000000000000000e+02
2.950000000000000000e+02
2.900000000000000000e+02
2.880000000000000000e+02
2.880000000000000000e+02
2.810000000000000000e+02
3.000000000000000000e+02
3.060000000000000000e+02
3.100000000000000000e+02
3.060000000000000000e+02
3.030000000000000000e+02
3.050000000000000000e+02
3.150000000000000000e+02
3.350000000000000000e+02
3.330000000000000000e+02
3.320000000000000000e+02
3.310000000000000000e+02
3.310000000000000000e+02
3.150000000000000000e+02
3.050000000000000000e+02
2.980000000000000000e+02
3.020000000000000000e+02
2.850000000000000000e+02
2.880000000000000000e+02
2.950000000000000000e+02
2.820000000000000000e+02
2.830000000000000000e+02
2.660000000000000000e+02
2.790000000000000000e+02
