1.610000000000000000e+02
1.360000000000000000e+02
1.430000000000000000e+02
1.400000000000000000e+02
1.460000000000000000e+02
1.550000000000000000e+02
1.530000000000000000e+02
1.640000000000000000e+02
1.810000000000000000e+02
1.930000000000000000e+02
2.060000000000000000e+02
2.330000000000000000e+02
2.510000000000000000e+02
2.900000000000000000e+02
3.220000000000000000e+02
3.480000000000000000e+02
3.530000000000000000e+02
3.790000000000000000e+02
4.060000000000000000e+02
4.290000000000000000e+02
4.600000000000000000e+02
4.640000000000000000e+02
4.650000000000000000e+02
4.710000000000000000e+02
4.840000000000000000e+02
4.960000000000000000e+02
4.870000000000000000e+02
5.100000000000000000e+02
4.980000000000000000e+02
4.620000000000000000e+02
4.610000000000000000e+02
4.680000000000000000e+02
4.660000000000000000e+02
4.650000000000000000e+02
4.530000000000000000e+02
4.330000000000000000e+02
4.000000000000000000e+02
4.140000000000000000e+02
4.160000000000000000e+02
4.020000000000000000e+02
3.930000000000000000e+02
3.860000000000000000e+02
3.730000000000000000e+02
3.660000000000000000e+02
3.520000000000000000e+02
3.410000000000000000e+02
3.310000000000000000e+02
3.270000000000000000e+02
3.330000000000000000e+02
3.200000000000000000e+02
3.070000000000000000e+02
3.100000000000000000e+02
2.960000000000000000e+02
3.040000000000000000e+02
2.970000000000000000e+02
2.900000000000000000e+02
2.810000000000000000e+02
2.790000000000000000e+02
2.860000000000000000e+02
2.780000000000000000e+02
2.750000000000000000e+02
2.830000000000000000e+02
2.920000000000000000e+02
3.040000000000000000e+02
3.240000000000000000e+02
3.320000000000000000e+02
3.210000000000000000e+02
3.240000000000000000e+02
3.270000000000000000e+02
3.280000000000000000e+02
3.360000000000000000e+02
3.300000000000000000e+02
3.220000000000000000e+02
3.300000000000000000e+02
3.160000000000000000e+02
3.170000000000000000e+02
3.180000000000000000e+02
3.040000000000000000e+02
3.040000000000000000e+02
2.950000000000000000e+02
3.010000000000000000e+02
3.000000000000000000e+02
2.840000000000000000e+02
2.850000000000000000e+02
2.720000000000000000e+02
2.630000000000000000e+02
2.570000000000000000e+02
2.520000000000000000e+02
2.430000000000000000e+02
2.240000000000000000e+02
2.340000000000000000e+02
2.350000000000000000e+02
2.410000000000000000e+02
2.420000000000000000e+02
2.530000000000000000e+02
2.610000000000000000e+02
2.650000000000000000e+02
2.740000000000000000e+02
2.740000000000000000e+02
2.790000000000000000e+02
2.970000000000000000e+02
2.740000000000000000e+02
2.790000000000000000e+02
2.860000000000000000e+02
3.030000000000000000e+02
2.960000000000000000e+02
2.940000000000000000e+02
2.900000000000000000e+02
2.990000000000000000e+02
2.840000000000000000e+02
2.800000000000000000e+02
2.690000000000000000e+02
2.470000000000000000e+02
2.370000000000000000e+02
2.310000000000000000e+02
2.190000000000000000e+02
2.150000000000000000e+02
2.220000000000000000e+02
2.200000000000000000e+02
2.110000000000000000e+02
2.120000000000000000e+02
