6.700000000000000000e+01
7.800000000000000000e+01
7.800000000000000000e+01
8.600000000000000000e+01
9.300000000000000000e+01
9.700000000000000000e+01
1.010000000000000000e+02
1.240000000000000000e+02
1.380000000000000000e+02
1.480000000000000000e+02
1.530000000000000000e+02
1.760000000000000000e+02
1.800000000000000000e+02
1.940000000000000000e+02
2.180000000000000000e+02
2.270000000000000000e+02
2.490000000000000000e+02
2.640000000000000000e+02
2.660000000000000000e+02
2.760000000000000000e+02
2.860000000000000000e+02
3.030000000000000000e+02
3.180000000000000000e+02
3.270000000000000000e+02
3.350000000000000000e+02
3.350000000000000000e+02
3.330000000000000000e+02
3.310000000000000000e+02
3.200000000000000000e+02
3.170000000000000000e+02
3.080000000000000000e+02
3.130000000000000000e+02
3.110000000000000000e+02
3.130000000000000000e+02
3.070000000000000000e+02
3.130000000000000000e+02
3.040000000000000000e+02
3.060000000000000000e+02
2.900000000000000000e+02
2.820000000000000000e+02
2.730000000000000000e+02
2.690000000000000000e+02
2.790000000000000000e+02
2.650000000000000000e+02
2.780000000000000000e+02
2.780000000000000000e+02
2.720000000000000000e+02
2.650000000000000000e+02
2.730000000000000000e+02
2.570000000000000000e+02
2.630000000000000000e+02
2.510000000000000000e+02
2.630000000000000000e+02
2.550000000000000000e+02
2.680000000000000000e+02
2.660000000000000000e+02
2.590000000000000000e+02
2.510000000000000000e+02
2.610000000000000000e+02
2.520000000000000000e+02
2.450000000000000000e+02
2.500000000000000000e+02
2.500000000000000000e+02
2.660000000000000000e+02
2.730000000000000000e+02
2.890000000000000000e+02
2.890000000000000000e+02
3.050000000000000000e+02
3.140000000000000000e+02
3.240000000000000000e+02
3.250000000000000000e+02
3.290000000000000000e+02
3.330000000000000000e+02
3.310000000000000000e+02
3.380000000000000000e+02
3.380000000000000000e+02
3.270000000000000000e+02
3.220000000000000000e+02
3.060000000000000000e+02
3.080000000000000000e+02
2.950000000000000000e+02
3.050000000000000000e+02
2.940000000000000000e+02
2.910000000000000000e+02
2.810000000000000000e+02
2.750000000000000000e+02
2.720000000000000000e+02
2.690000000000000000e+02
2.520000000000000000e+02
2.430000000000000000e+02
2.410000000000000000e+02
2.410000000000000000e+02
2.310000000000000000e+02
2.180000000000000000e+02
2.150000000000000000e+02
2.150000000000000000e+02
2.120000000000000000e+02
2.150000000000000000e+02
2.330000000000000000e+02
2.310000000000000000e+02
2.230000000000000000e+02
2.200000000000000000e+02
2.400000000000000000e+02
2.480000000000000000e+02
2.460000000000000000e+02
2.550000000000000000e+02
2.600000000000000000e+02
2.620000000000000000e+02
2.710000000000000000e+02
2.710000000000000000e+02
2.680000000000000000e+02
2.680000000000000000e+02
2.650000000000000000e+02
2.460000000000000000e+02
2.560000000000000000e+02
2.680000000000000000e+02
2.690000000000000000e+02
2.560000000000000000e+02
2.630000000000000000e+02
2.540000000000000000e+02
2.450000000000000000e+02
2.300000000000000000e+02
2.260000000000000000e+02
