9.000000000000000000e+01
1.000000000000000000e+02
9.600000000000000000e+01
9.900000000000000000e+01
9.800000000000000000e+01
9.700000000000000000e+01
1.030000000000000000e+02
1.090000000000000000e+02
1.130000000000000000e+02
1.340000000000000000e+02
1.420000000000000000e+02
1.400000000000000000e+02
1.490000000000000000e+02
1.670000000000000000e+02
1.870000000000000000e+02
1.990000000000000000e+02
2.200000000000000000e+02
2.420000000000000000e+02
2.610000000000000000e+02
2.660000000000000000e+02
2.810000000000000000e+02
2.940000000000000000e+02
3.180000000000000000e+02
3.240000000000000000e+02
3.420000000000000000e+02
3.520000000000000000e+02
3.670000000000000000e+02
3.810000000000000000e+02
3.820000000000000000e+02
3.710000000000000000e+02
3.840000000000000000e+02
4.040000000000000000e+02
4.160000000000000000e+02
4.100000000000000000e+02
4.000000000000000000e+02
4.150000000000000000e+02
4.250000000000000000e+02
4.160000000000000000e+02
4.130000000000000000e+02
4.070000000000000000e+02
4.170000000000000000e+02
4.220000000000000000e+02
4.160000000000000000e+02
3.980000000000000000e+02
3.870000000000000000e+02
3.910000000000000000e+02
3.910000000000000000e+02
3.730000000000000000e+02
3.720000000000000000e+02
3.780000000000000000e+02
3.680000000000000000e+02
3.630000000000000000e+02
3.510000000000000000e+02
3.520000000000000000e+02
3.560000000000000000e+02
3.550000000000000000e+02
3.540000000000000000e+02
3.470000000000000000e+02
3.270000000000000000e+02
3.300000000000000000e+02
3.210000000000000000e+02
3.150000000000000000e+02
3.130000000000000000e+02
3.130000000000000000e+02
3.060000000000000000e+02
3.010000000000000000e+02
2.860000000000000000e+02
2.710000000000000000e+02
2.680000000000000000e+02
2.470000000000000000e+02
2.480000000000000000e+02
2.540000000000000000e+02
2.620000000000000000e+02
2.620000000000000000e+02
2.630000000000000000e+02
2.780000000000000000e+02
2.710000000000000000e+02
2.710000000000000000e+02
2.740000000000000000e+02
2.640000000000000000e+02
2.630000000000000000e+02
2.560000000000000000e+02
2.630000000000000000e+02
2.640000000000000000e+02
2.760000000000000000e+02
2.830000000000000000e+02
2.800000000000000000e+02
2.840000000000000000e+02
2.960000000000000000e+02
3.110000000000000000e+02
3.040000000000000000e+02
3.040000000000000000e+02
3.150000000000000000e+02
3.240000000000000000e+02
3.250000000000000000e+02
3.330000000000000000e+02
3.380000000000000000e+02
3.290000000000000000e+02
3.220000000000000000e+02
3.090000000000000000e+02
3.160000000000000000e+02
2.990000000000000000e+02
2.990000000000000000e+02
2.960000000000000000e+02
2.900000000000000000e+02
2.880000000000000000e+02
2.890000000000000000e+02
2.880000000000000000e+02
2.700000000000000000e+02
2.750000000000000000e+02
2.600000000000000000e+02
2.470000000000000000e+02
2.390000000000000000e+02
2.350000000000000000e+02
2.350000000000000000e+02
2.340000000000000000e+02
2.140000000000000000e+02
2.220000000000000000e+02
2.430000000000000000e+02
2.590000000000000000e+02
2.720000000000000000e+02
2.830000000000000000e+02
