5.300000000000000000e+01
5.000000000000000000e+01
4.500000000000000000e+01
4.900000000000000000e+01
4.200000000000000000e+01
4.000000000000000000e+01
4.200000000000000000e+01
3.800000000000000000e+01
3.300000000000000000e+01
3.500000000000000000e+01
4.500000000000000000e+01
4.600000000000000000e+01
4.200000000000000000e+01
3.700000000000000000e+01
3.100000000000000000e+01
2.900000000000000000e+01
2.900000000000000000e+01
3.200000000000000000e+01
3.300000000000000000e+01
2.800000000000000000e+01
2.600000000000000000e+01
3.200000000000000000e+01
3.200000000000000000e+01
3.200000000000000000e+01
2.900000000000000000e+01
2.700000000000000000e+01
2.600000000000000000e+01
2.200000000000000000e+01
2.100000000000000000e+01
2.700000000000000000e+01
2.800000000000000000e+01
3.300000000000000000e+01
3.200000000000000000e+01
2.700000000000000000e+01
3.600000000000000000e+01
4.100000000000000000e+01
4.300000000000000000e+01
4.200000000000000000e+01
4.100000000000000000e+01
3.900000000000000000e+01
4.200000000000000000e+01
4.800000000000000000e+01
4.700000000000000000e+01
4.900000000000000000e+01
4.900000000000000000e+01
5.500000000000000000e+01
5.900000000000000000e+01
6.700000000000000000e+01
6.700000000000000000e+01
6.400000000000000000e+01
7.200000000000000000e+01
8.100000000000000000e+01
8.900000000000000000e+01
9.000000000000000000e+01
9.100000000000000000e+01
1.030000000000000000e+02
1.090000000000000000e+02
1.250000000000000000e+02
1.340000000000000000e+02
1.440000000000000000e+02
1.570000000000000000e+02
1.750000000000000000e+02
1.850000000000000000e+02
2.020000000000000000e+02
2.090000000000000000e+02
2.210000000000000000e+02
2.360000000000000000e+02
2.550000000000000000e+02
2.730000000000000000e+02
2.800000000000000000e+02
2.980000000000000000e+02
3.050000000000000000e+02
2.990000000000000000e+02
3.080000000000000000e+02
3.190000000000000000e+02
3.320000000000000000e+02
3.430000000000000000e+02
3.310000000000000000e+02
3.290000000000000000e+02
3.130000000000000000e+02
3.090000000000000000e+02
3.020000000000000000e+02
2.780000000000000000e+02
2.770000000000000000e+02
2.840000000000000000e+02
2.860000000000000000e+02
2.860000000000000000e+02
2.680000000000000000e+02
2.570000000000000000e+02
2.360000000000000000e+02
2.380000000000000000e+02
2.450000000000000000e+02
2.270000000000000000e+02
2.190000000000000000e+02
2.150000000000000000e+02
2.170000000000000000e+02
2.160000000000000000e+02
2.090000000000000000e+02
2.000000000000000000e+02
2.020000000000000000e+02
2.020000000000000000e+02
1.940000000000000000e+02
1.880000000000000000e+02
1.930000000000000000e+02
2.080000000000000000e+02
2.110000000000000000e+02
2.230000000000000000e+02
2.080000000000000000e+02
1.910000000000000000e+02
2.040000000000000000e+02
2.030000000000000000e+02
1.920000000000000000e+02
1.920000000000000000e+02
1.910000000000000000e+02
1.900000000000000000e+02
1.930000000000000000e+02
1.910000000000000000e+02
1.890000000000000000e+02
1.810000000000000000e+02
1.620000000000000000e+02
1.450000000000000000e+02
