1.370000000000000000e+02
1.430000000000000000e+02
1.540000000000000000e+02
1.760000000000000000e+02
1.890000000000000000e+02
2.030000000000000000e+02
2.120000000000000000e+02
2.450000000000000000e+02
2.540000000000000000e+02
2.760000000000000000e+02
2.990000000000000000e+02
3.010000000000000000e+02
3.210000000000000000e+02
3.340000000000000000e+02
3.580000000000000000e+02
3.840000000000000000e+02
3.910000000000000000e+02
3.990000000000000000e+02
4.050000000000000000e+02
4.360000000000000000e+02
4.450000000000000000e+02
4.440000000000000000e+02
4.520000000000000000e+02
4.600000000000000000e+02
4.670000000000000000e+02
4.700000000000000000e+02
4.660000000000000000e+02
4.570000000000000000e+02
4.520000000000000000e+02
4.490000000000000000e+02
4.470000000000000000e+02
4.370000000000000000e+02
4.320000000000000000e+02
4.300000000000000000e+02
4.350000000000000000e+02
4.300000000000000000e+02
4.350000000000000000e+02
4.390000000000000000e+02
4.400000000000000000e+02
4.460000000000000000e+02
4.420000000000000000e+02
4.240000000000000000e+02
4.270000000000000000e+02
4.080000000000000000e+02
4.040000000000000000e+02
4.040000000000000000e+02
4.080000000000000000e+02
3.980000000000000000e+02
3.870000000000000000e+02
3.840000000000000000e+02
3.660000000000000000e+02
3.470000000000000000e+02
3.400000000000000000e+02
3.340000000000000000e+02
3.290000000000000000e+02
3.290000000000000000e+02
3.220000000000000000e+02
3.120000000000000000e+02
3.040000000000000000e+02
2.930000000000000000e+02
2.990000000000000000e+02
3.050000000000000000e+02
3.100000000000000000e+02
3.110000000000000000e+02
3.010000000000000000e+02
3.040000000000000000e+02
3.140000000000000000e+02
3.110000000000000000e+02
3.200000000000000000e+02
3.200000000000000000e+02
3.190000000000000000e+02
3.310000000000000000e+02
3.270000000000000000e+02
3.350000000000000000e+02
3.300000000000000000e+02
3.380000000000000000e+02
3.340000000000000000e+02
3.260000000000000000e+02
3.260000000000000000e+02
3.080000000000000000e+02
3.070000000000000000e+02
3.000000000000000000e+02
3.040000000000000000e+02
2.950000000000000000e+02
2.850000000000000000e+02
2.730000000000000000e+02
2.570000000000000000e+02
2.480000000000000000e+02
2.390000000000000000e+02
2.320000000000000000e+02
2.290000000000000000e+02
2.250000000000000000e+02
2.070000000000000000e+02
2.170000000000000000e+02
2.220000000000000000e+02
2.220000000000000000e+02
2.260000000000000000e+02
2.420000000000000000e+02
2.450000000000000000e+02
2.390000000000000000e+02
2.360000000000000000e+02
2.640000000000000000e+02
2.720000000000000000e+02
2.930000000000000000e+02
2.950000000000000000e+02
2.960000000000000000e+02
2.960000000000000000e+02
2.970000000000000000e+02
3.040000000000000000e+02
2.970000000000000000e+02
2.890000000000000000e+02
2.860000000000000000e+02
2.870000000000000000e+02
2.690000000000000000e+02
2.620000000000000000e+02
2.530000000000000000e+02
2.500000000000000000e+02
2.420000000000000000e+02
2.290000000000000000e+02
2.320000000000000000e+02
2.300000000000000000e+02
2.260000000000000000e+02
2.200000000000000000e+02
