7.300000000000000000e+01
6.800000000000000000e+01
6.300000000000000000e+01
5.700000000000000000e+01
5.700000000000000000e+01
5.700000000000000000e+01
5.800000000000000000e+01
6.100000000000000000e+01
5.900000000000000000e+01
6.000000000000000000e+01
6.200000000000000000e+01
5.600000000000000000e+01
5.500000000000000000e+01
5.500000000000000000e+01
5.300000000000000000e+01
5.600000000000000000e+01
5.400000000000000000e+01
5.000000000000000000e+01
5.100000000000000000e+01
4.700000000000000000e+01
4.400000000000000000e+01
4.400000000000000000e+01
4.600000000000000000e+01
4.700000000000000000e+01
3.900000000000000000e+01
3.200000000000000000e+01
3.400000000000000000e+01
3.300000000000000000e+01
3.200000000000000000e+01
3.200000000000000000e+01
2.700000000000000000e+01
3.200000000000000000e+01
3.300000000000000000e+01
3.600000000000000000e+01
3.500000000000000000e+01
3.900000000000000000e+01
4.400000000000000000e+01
4.100000000000000000e+01
4.000000000000000000e+01
4.700000000000000000e+01
4.100000000000000000e+01
3.900000000000000000e+01
3.800000000000000000e+01
4.400000000000000000e+01
4.600000000000000000e+01
4.700000000000000000e+01
5.000000000000000000e+01
6.500000000000000000e+01
7.100000000000000000e+01
7.900000000000000000e+01
7.500000000000000000e+01
8.900000000000000000e+01
1.000000000000000000e+02
1.100000000000000000e+02
1.190000000000000000e+02
1.200000000000000000e+02
1.330000000000000000e+02
1.420000000000000000e+02
1.590000000000000000e+02
1.690000000000000000e+02
1.880000000000000000e+02
2.070000000000000000e+02
2.350000000000000000e+02
2.610000000000000000e+02
2.860000000000000000e+02
3.020000000000000000e+02
3.160000000000000000e+02
3.220000000000000000e+02
3.610000000000000000e+02
3.640000000000000000e+02
3.800000000000000000e+02
3.680000000000000000e+02
3.770000000000000000e+02
3.550000000000000000e+02
3.450000000000000000e+02
3.430000000000000000e+02
3.570000000000000000e+02
3.430000000000000000e+02
3.460000000000000000e+02
3.410000000000000000e+02
3.270000000000000000e+02
3.300000000000000000e+02
3.250000000000000000e+02
3.200000000000000000e+02
3.090000000000000000e+02
2.930000000000000000e+02
2.940000000000000000e+02
2.790000000000000000e+02
2.680000000000000000e+02
2.690000000000000000e+02
2.620000000000000000e+02
2.440000000000000000e+02
2.380000000000000000e+02
2.210000000000000000e+02
2.200000000000000000e+02
2.130000000000000000e+02
2.050000000000000000e+02
1.810000000000000000e+02
1.700000000000000000e+02
1.640000000000000000e+02
1.590000000000000000e+02
1.670000000000000000e+02
1.630000000000000000e+02
1.660000000000000000e+02
1.730000000000000000e+02
1.770000000000000000e+02
1.700000000000000000e+02
1.630000000000000000e+02
1.680000000000000000e+02
1.790000000000000000e+02
1.740000000000000000e+02
1.890000000000000000e+02
1.940000000000000000e+02
2.090000000000000000e+02
2.080000000000000000e+02
2.170000000000000000e+02
2.170000000000000000e+02
2.080000000000000000e+02
2.120000000000000000e+02
2.080000000000000000e+02
2.020000000000000000e+02
