8.400000000000000000e+01
8.200000000000000000e+01
8.800000000000000000e+01
9.500000000000000000e+01
9.400000000000000000e+01
9.500000000000000000e+01
1.030000000000000000e+02
1.070000000000000000e+02
1.100000000000000000e+02
1.120000000000000000e+02
1.120000000000000000e+02
1.210000000000000000e+02
1.310000000000000000e+02
1.440000000000000000e+02
1.650000000000000000e+02
1.650000000000000000e+02
1.810000000000000000e+02
2.210000000000000000e+02
2.460000000000000000e+02
2.540000000000000000e+02
2.660000000000000000e+02
2.780000000000000000e+02
2.910000000000000000e+02
2.980000000000000000e+02
3.130000000000000000e+02
3.280000000000000000e+02
3.480000000000000000e+02
3.640000000000000000e+02
3.640000000000000000e+02
3.650000000000000000e+02
3.950000000000000000e+02
4.040000000000000000e+02
4.130000000000000000e+02
4.180000000000000000e+02
4.150000000000000000e+02
4.220000000000000000e+02
4.330000000000000000e+02
4.330000000000000000e+02
4.240000000000000000e+02
4.400000000000000000e+02
4.360000000000000000e+02
4.280000000000000000e+02
4.260000000000000000e+02
4.190000000000000000e+02
4.440000000000000000e+02
4.520000000000000000e+02
4.410000000000000000e+02
4.320000000000000000e+02
4.270000000000000000e+02
4.200000000000000000e+02
4.310000000000000000e+02
4.270000000000000000e+02
4.080000000000000000e+02
4.030000000000000000e+02
4.050000000000000000e+02
3.940000000000000000e+02
3.840000000000000000e+02
3.610000000000000000e+02
3.450000000000000000e+02
3.600000000000000000e+02
3.600000000000000000e+02
3.590000000000000000e+02
3.650000000000000000e+02
3.620000000000000000e+02
3.390000000000000000e+02
3.340000000000000000e+02
3.300000000000000000e+02
3.370000000000000000e+02
3.170000000000000000e+02
3.200000000000000000e+02
3.090000000000000000e+02
3.090000000000000000e+02
2.970000000000000000e+02
3.010000000000000000e+02
2.870000000000000000e+02
2.790000000000000000e+02
2.690000000000000000e+02
2.680000000000000000e+02
2.690000000000000000e+02
2.710000000000000000e+02
2.740000000000000000e+02
2.730000000000000000e+02
2.630000000000000000e+02
2.570000000000000000e+02
2.610000000000000000e+02
2.650000000000000000e+02
2.740000000000000000e+02
2.660000000000000000e+02
2.640000000000000000e+02
2.550000000000000000e+02
2.320000000000000000e+02
2.350000000000000000e+02
2.360000000000000000e+02
2.200000000000000000e+02
2.180000000000000000e+02
2.200000000000000000e+02
2.210000000000000000e+02
2.190000000000000000e+02
2.120000000000000000e+02
2.380000000000000000e+02
2.360000000000000000e+02
2.440000000000000000e+02
2.620000000000000000e+02
2.640000000000000000e+02
2.700000000000000000e+02
2.770000000000000000e+02
2.890000000000000000e+02
3.080000000000000000e+02
3.190000000000000000e+02
3.260000000000000000e+02
3.290000000000000000e+02
3.170000000000000000e+02
3.170000000000000000e+02
3.240000000000000000e+02
3.210000000000000000e+02
3.090000000000000000e+02
3.190000000000000000e+02
3.330000000000000000e+02
3.220000000000000000e+02
3.160000000000000000e+02
3.120000000000000000e+02
3.190000000000000000e+02
