1.230000000000000000e+02
1.220000000000000000e+02
1.190000000000000000e+02
1.190000000000000000e+02
1.300000000000000000e+02
1.390000000000000000e+02
1.430000000000000000e+02
1.420000000000000000e+02
1.350000000000000000e+02
1.310000000000000000e+02
1.340000000000000000e+02
1.380000000000000000e+02
1.450000000000000000e+02
1.400000000000000000e+02
1.410000000000000000e+02
1.300000000000000000e+02
1.310000000000000000e+02
1.240000000000000000e+02
1.190000000000000000e+02
1.090000000000000000e+02
1.050000000000000000e+02
1.070000000000000000e+02
1.080000000000000000e+02
1.040000000000000000e+02
9.600000000000000000e+01
9.500000000000000000e+01
9.200000000000000000e+01
8.600000000000000000e+01
1.000000000000000000e+02
1.060000000000000000e+02
1.150000000000000000e+02
1.200000000000000000e+02
1.220000000000000000e+02
1.210000000000000000e+02
1.150000000000000000e+02
1.290000000000000000e+02
1.320000000000000000e+02
1.300000000000000000e+02
1.400000000000000000e+02
1.460000000000000000e+02
1.560000000000000000e+02
1.720000000000000000e+02
1.870000000000000000e+02
1.960000000000000000e+02
2.140000000000000000e+02
2.430000000000000000e+02
2.710000000000000000e+02
2.940000000000000000e+02
2.850000000000000000e+02
3.060000000000000000e+02
2.900000000000000000e+02
2.860000000000000000e+02
2.910000000000000000e+02
2.890000000000000000e+02
2.910000000000000000e+02
2.820000000000000000e+02
2.790000000000000000e+02
2.830000000000000000e+02
2.800000000000000000e+02
2.660000000000000000e+02
2.790000000000000000e+02
2.780000000000000000e+02
2.640000000000000000e+02
2.590000000000000000e+02
2.580000000000000000e+02
2.490000000000000000e+02
2.550000000000000000e+02
2.490000000000000000e+02
2.450000000000000000e+02
2.380000000000000000e+02
2.290000000000000000e+02
2.270000000000000000e+02
2.220000000000000000e+02
2.100000000000000000e+02
2.100000000000000000e+02
2.070000000000000000e+02
2.100000000000000000e+02
2.160000000000000000e+02
2.060000000000000000e+02
2.100000000000000000e+02
2.010000000000000000e+02
1.950000000000000000e+02
1.960000000000000000e+02
2.070000000000000000e+02
2.160000000000000000e+02
2.190000000000000000e+02
2.280000000000000000e+02
2.420000000000000000e+02
2.450000000000000000e+02
2.450000000000000000e+02
2.480000000000000000e+02
2.560000000000000000e+02
2.580000000000000000e+02
2.430000000000000000e+02
2.540000000000000000e+02
2.520000000000000000e+02
2.460000000000000000e+02
2.280000000000000000e+02
2.330000000000000000e+02
2.240000000000000000e+02
2.180000000000000000e+02
2.030000000000000000e+02
2.010000000000000000e+02
1.990000000000000000e+02
1.800000000000000000e+02
1.820000000000000000e+02
1.710000000000000000e+02
1.650000000000000000e+02
1.590000000000000000e+02
1.500000000000000000e+02
1.440000000000000000e+02
1.300000000000000000e+02
1.320000000000000000e+02
1.310000000000000000e+02
1.420000000000000000e+02
1.570000000000000000e+02
1.670000000000000000e+02
1.650000000000000000e+02
1.650000000000000000e+02
1.560000000000000000e+02
1.560000000000000000e+02
