7.300000000000000000e+01
7.300000000000000000e+01
8.100000000000000000e+01
8.200000000000000000e+01
9.000000000000000000e+01
8.600000000000000000e+01
8.500000000000000000e+01
9.800000000000000000e+01
9.600000000000000000e+01
9.200000000000000000e+01
9.300000000000000000e+01
8.900000000000000000e+01
7.900000000000000000e+01
7.800000000000000000e+01
7.100000000000000000e+01
7.900000000000000000e+01
7.300000000000000000e+01
6.500000000000000000e+01
5.900000000000000000e+01
5.900000000000000000e+01
5.100000000000000000e+01
4.900000000000000000e+01
4.100000000000000000e+01
3.700000000000000000e+01
3.500000000000000000e+01
3.200000000000000000e+01
3.300000000000000000e+01
3.300000000000000000e+01
3.000000000000000000e+01
2.600000000000000000e+01
2.000000000000000000e+01
2.400000000000000000e+01
2.300000000000000000e+01
2.400000000000000000e+01
2.400000000000000000e+01
3.200000000000000000e+01
3.200000000000000000e+01
3.500000000000000000e+01
3.700000000000000000e+01
3.800000000000000000e+01
4.700000000000000000e+01
5.700000000000000000e+01
6.800000000000000000e+01
6.500000000000000000e+01
6.400000000000000000e+01
7.600000000000000000e+01
9.300000000000000000e+01
1.030000000000000000e+02
1.050000000000000000e+02
1.070000000000000000e+02
1.130000000000000000e+02
1.210000000000000000e+02
1.280000000000000000e+02
1.560000000000000000e+02
1.750000000000000000e+02
1.770000000000000000e+02
1.910000000000000000e+02
2.130000000000000000e+02
2.410000000000000000e+02
2.620000000000000000e+02
2.900000000000000000e+02
3.060000000000000000e+02
3.010000000000000000e+02
3.150000000000000000e+02
3.030000000000000000e+02
3.050000000000000000e+02
3.130000000000000000e+02
3.210000000000000000e+02
3.220000000000000000e+02
3.250000000000000000e+02
3.190000000000000000e+02
3.100000000000000000e+02
2.930000000000000000e+02
2.810000000000000000e+02
3.050000000000000000e+02
2.960000000000000000e+02
2.840000000000000000e+02
2.920000000000000000e+02
2.910000000000000000e+02
2.770000000000000000e+02
2.560000000000000000e+02
2.430000000000000000e+02
2.360000000000000000e+02
2.470000000000000000e+02
2.320000000000000000e+02
2.250000000000000000e+02
2.210000000000000000e+02
2.070000000000000000e+02
2.030000000000000000e+02
1.960000000000000000e+02
1.870000000000000000e+02
1.740000000000000000e+02
1.710000000000000000e+02
1.700000000000000000e+02
1.660000000000000000e+02
1.610000000000000000e+02
1.660000000000000000e+02
1.670000000000000000e+02
1.680000000000000000e+02
1.840000000000000000e+02
2.030000000000000000e+02
2.030000000000000000e+02
2.000000000000000000e+02
2.130000000000000000e+02
2.210000000000000000e+02
2.280000000000000000e+02
2.200000000000000000e+02
2.260000000000000000e+02
2.330000000000000000e+02
2.260000000000000000e+02
2.320000000000000000e+02
2.290000000000000000e+02
2.220000000000000000e+02
2.230000000000000000e+02
2.120000000000000000e+02
1.930000000000000000e+02
1.760000000000000000e+02
1.840000000000000000e+02
1.680000000000000000e+02
1.620000000000000000e+02
1.580000000000000000e+02
