8.000000000000000000e+01
7.400000000000000000e+01
7.300000000000000000e+01
7.300000000000000000e+01
7.600000000000000000e+01
7.800000000000000000e+01
7.700000000000000000e+01
7.200000000000000000e+01
6.500000000000000000e+01
5.900000000000000000e+01
5.700000000000000000e+01
6.400000000000000000e+01
6.100000000000000000e+01
6.400000000000000000e+01
6.600000000000000000e+01
6.100000000000000000e+01
5.700000000000000000e+01
5.200000000000000000e+01
4.500000000000000000e+01
4.100000000000000000e+01
3.700000000000000000e+01
4.000000000000000000e+01
4.100000000000000000e+01
4.200000000000000000e+01
4.500000000000000000e+01
4.300000000000000000e+01
3.900000000000000000e+01
3.000000000000000000e+01
2.700000000000000000e+01
3.100000000000000000e+01
3.000000000000000000e+01
2.900000000000000000e+01
3.000000000000000000e+01
3.100000000000000000e+01
2.800000000000000000e+01
3.000000000000000000e+01
3.900000000000000000e+01
3.500000000000000000e+01
3.900000000000000000e+01
4.000000000000000000e+01
4.100000000000000000e+01
4.500000000000000000e+01
4.700000000000000000e+01
4.800000000000000000e+01
6.300000000000000000e+01
7.100000000000000000e+01
8.000000000000000000e+01
8.900000000000000000e+01
9.000000000000000000e+01
1.000000000000000000e+02
1.120000000000000000e+02
1.250000000000000000e+02
1.330000000000000000e+02
1.540000000000000000e+02
1.690000000000000000e+02
1.740000000000000000e+02
1.930000000000000000e+02
2.100000000000000000e+02
2.230000000000000000e+02
2.360000000000000000e+02
2.460000000000000000e+02
2.650000000000000000e+02
2.900000000000000000e+02
3.090000000000000000e+02
3.160000000000000000e+02
3.430000000000000000e+02
3.410000000000000000e+02
3.410000000000000000e+02
3.460000000000000000e+02
3.510000000000000000e+02
3.500000000000000000e+02
3.470000000000000000e+02
3.430000000000000000e+02
3.330000000000000000e+02
3.240000000000000000e+02
3.180000000000000000e+02
3.080000000000000000e+02
3.000000000000000000e+02
2.700000000000000000e+02
2.580000000000000000e+02
2.590000000000000000e+02
2.600000000000000000e+02
2.580000000000000000e+02
2.520000000000000000e+02
2.410000000000000000e+02
2.450000000000000000e+02
2.550000000000000000e+02
2.270000000000000000e+02
2.140000000000000000e+02
2.000000000000000000e+02
1.980000000000000000e+02
1.950000000000000000e+02
1.760000000000000000e+02
1.730000000000000000e+02
1.690000000000000000e+02
1.750000000000000000e+02
1.780000000000000000e+02
1.830000000000000000e+02
2.000000000000000000e+02
2.040000000000000000e+02
2.000000000000000000e+02
2.000000000000000000e+02
2.210000000000000000e+02
2.170000000000000000e+02
2.190000000000000000e+02
2.000000000000000000e+02
2.010000000000000000e+02
1.930000000000000000e+02
1.900000000000000000e+02
1.860000000000000000e+02
1.840000000000000000e+02
1.740000000000000000e+02
1.700000000000000000e+02
1.640000000000000000e+02
1.540000000000000000e+02
1.390000000000000000e+02
1.320000000000000000e+02
1.290000000000000000e+02
1.170000000000000000e+02
1.210000000000000000e+02
1.160000000000000000e+02
