9.800000000000000000e+01
9.900000000000000000e+01
1.030000000000000000e+02
1.060000000000000000e+02
1.050000000000000000e+02
1.110000000000000000e+02
1.190000000000000000e+02
1.350000000000000000e+02
1.450000000000000000e+02
1.580000000000000000e+02
1.690000000000000000e+02
1.870000000000000000e+02
2.070000000000000000e+02
2.240000000000000000e+02
2.600000000000000000e+02
2.770000000000000000e+02
3.160000000000000000e+02
3.420000000000000000e+02
3.620000000000000000e+02
3.720000000000000000e+02
3.880000000000000000e+02
4.070000000000000000e+02
4.210000000000000000e+02
4.200000000000000000e+02
4.200000000000000000e+02
4.270000000000000000e+02
4.300000000000000000e+02
4.420000000000000000e+02
4.390000000000000000e+02
4.630000000000000000e+02
4.660000000000000000e+02
4.760000000000000000e+02
4.720000000000000000e+02
4.550000000000000000e+02
4.560000000000000000e+02
4.500000000000000000e+02
4.440000000000000000e+02
4.380000000000000000e+02
4.490000000000000000e+02
4.730000000000000000e+02
4.740000000000000000e+02
4.600000000000000000e+02
4.650000000000000000e+02
4.480000000000000000e+02
4.280000000000000000e+02
4.180000000000000000e+02
4.210000000000000000e+02
4.180000000000000000e+02
4.420000000000000000e+02
4.340000000000000000e+02
4.350000000000000000e+02
4.240000000000000000e+02
4.230000000000000000e+02
4.190000000000000000e+02
4.300000000000000000e+02
4.200000000000000000e+02
4.240000000000000000e+02
4.170000000000000000e+02
3.980000000000000000e+02
3.920000000000000000e+02
3.760000000000000000e+02
3.860000000000000000e+02
3.870000000000000000e+02
3.780000000000000000e+02
3.780000000000000000e+02
3.620000000000000000e+02
3.520000000000000000e+02
3.450000000000000000e+02
3.420000000000000000e+02
3.220000000000000000e+02
3.130000000000000000e+02
3.010000000000000000e+02
3.050000000000000000e+02
3.120000000000000000e+02
3.030000000000000000e+02
2.960000000000000000e+02
2.890000000000000000e+02
2.800000000000000000e+02
2.730000000000000000e+02
2.680000000000000000e+02
2.670000000000000000e+02
2.530000000000000000e+02
2.460000000000000000e+02
2.410000000000000000e+02
2.430000000000000000e+02
2.350000000000000000e+02
2.620000000000000000e+02
2.740000000000000000e+02
2.700000000000000000e+02
2.720000000000000000e+02
2.710000000000000000e+02
2.650000000000000000e+02
2.720000000000000000e+02
2.930000000000000000e+02
2.890000000000000000e+02
3.000000000000000000e+02
2.990000000000000000e+02
2.990000000000000000e+02
2.950000000000000000e+02
3.010000000000000000e+02
2.960000000000000000e+02
2.930000000000000000e+02
2.770000000000000000e+02
2.780000000000000000e+02
2.930000000000000000e+02
2.780000000000000000e+02
2.770000000000000000e+02
2.690000000000000000e+02
2.550000000000000000e+02
2.560000000000000000e+02
2.490000000000000000e+02
2.490000000000000000e+02
2.560000000000000000e+02
2.580000000000000000e+02
2.360000000000000000e+02
2.450000000000000000e+02
2.460000000000000000e+02
2.440000000000000000e+02
2.420000000000000000e+02
2.370000000000000000e+02
2.250000000000000000e+02
2.390000000000000000e+02
