7.600000000000000000e+01
7.700000000000000000e+01
7.300000000000000000e+01
7.100000000000000000e+01
7.600000000000000000e+01
8.000000000000000000e+01
8.500000000000000000e+01
9.700000000000000000e+01
9.600000000000000000e+01
9.500000000000000000e+01
9.700000000000000000e+01
1.150000000000000000e+02
1.230000000000000000e+02
1.370000000000000000e+02
1.450000000000000000e+02
1.780000000000000000e+02
1.950000000000000000e+02
2.090000000000000000e+02
2.250000000000000000e+02
2.540000000000000000e+02
2.760000000000000000e+02
3.070000000000000000e+02
3.280000000000000000e+02
3.600000000000000000e+02
3.690000000000000000e+02
3.910000000000000000e+02
4.130000000000000000e+02
4.280000000000000000e+02
4.300000000000000000e+02
4.280000000000000000e+02
4.300000000000000000e+02
4.370000000000000000e+02
4.340000000000000000e+02
4.440000000000000000e+02
4.550000000000000000e+02
4.600000000000000000e+02
4.350000000000000000e+02
4.390000000000000000e+02
4.370000000000000000e+02
4.370000000000000000e+02
4.400000000000000000e+02
4.340000000000000000e+02
4.580000000000000000e+02
4.420000000000000000e+02
4.420000000000000000e+02
4.380000000000000000e+02
4.410000000000000000e+02
4.510000000000000000e+02
4.520000000000000000e+02
4.490000000000000000e+02
4.380000000000000000e+02
4.460000000000000000e+02
4.440000000000000000e+02
4.260000000000000000e+02
4.290000000000000000e+02
4.290000000000000000e+02
4.210000000000000000e+02
4.070000000000000000e+02
3.900000000000000000e+02
3.920000000000000000e+02
3.860000000000000000e+02
3.790000000000000000e+02
3.770000000000000000e+02
3.730000000000000000e+02
3.740000000000000000e+02
3.740000000000000000e+02
3.680000000000000000e+02
3.680000000000000000e+02
3.550000000000000000e+02
3.480000000000000000e+02
3.430000000000000000e+02
3.230000000000000000e+02
3.410000000000000000e+02
3.420000000000000000e+02
3.390000000000000000e+02
3.360000000000000000e+02
3.350000000000000000e+02
3.340000000000000000e+02
3.390000000000000000e+02
3.390000000000000000e+02
3.380000000000000000e+02
3.270000000000000000e+02
3.190000000000000000e+02
3.050000000000000000e+02
3.020000000000000000e+02
3.050000000000000000e+02
3.100000000000000000e+02
3.050000000000000000e+02
3.020000000000000000e+02
2.820000000000000000e+02
2.790000000000000000e+02
2.710000000000000000e+02
2.500000000000000000e+02
2.570000000000000000e+02
2.650000000000000000e+02
2.560000000000000000e+02
2.590000000000000000e+02
2.710000000000000000e+02
2.790000000000000000e+02
3.020000000000000000e+02
3.090000000000000000e+02
3.240000000000000000e+02
3.320000000000000000e+02
3.430000000000000000e+02
3.520000000000000000e+02
3.670000000000000000e+02
3.660000000000000000e+02
3.520000000000000000e+02
3.330000000000000000e+02
3.520000000000000000e+02
3.620000000000000000e+02
3.610000000000000000e+02
3.390000000000000000e+02
3.470000000000000000e+02
3.400000000000000000e+02
3.360000000000000000e+02
3.300000000000000000e+02
3.280000000000000000e+02
3.230000000000000000e+02
3.250000000000000000e+02
3.230000000000000000e+02
3.290000000000000000e+02
