9.900000000000000000e+01
9.500000000000000000e+01
9.800000000000000000e+01
1.010000000000000000e+02
9.900000000000000000e+01
9.900000000000000000e+01
9.800000000000000000e+01
1.020000000000000000e+02
1.100000000000000000e+02
1.020000000000000000e+02
9.700000000000000000e+01
1.000000000000000000e+02
9.800000000000000000e+01
9.900000000000000000e+01
1.030000000000000000e+02
1.070000000000000000e+02
1.020000000000000000e+02
1.010000000000000000e+02
9.700000000000000000e+01
9.000000000000000000e+01
8.700000000000000000e+01
8.000000000000000000e+01
8.400000000000000000e+01
8.600000000000000000e+01
8.400000000000000000e+01
8.000000000000000000e+01
7.900000000000000000e+01
7.800000000000000000e+01
8.300000000000000000e+01
8.900000000000000000e+01
8.800000000000000000e+01
9.800000000000000000e+01
9.900000000000000000e+01
1.110000000000000000e+02
1.220000000000000000e+02
1.200000000000000000e+02
1.220000000000000000e+02
1.190000000000000000e+02
1.360000000000000000e+02
1.480000000000000000e+02
1.610000000000000000e+02
1.820000000000000000e+02
1.980000000000000000e+02
2.170000000000000000e+02
2.340000000000000000e+02
2.510000000000000000e+02
2.630000000000000000e+02
2.680000000000000000e+02
2.830000000000000000e+02
2.950000000000000000e+02
2.990000000000000000e+02
2.950000000000000000e+02
2.960000000000000000e+02
3.140000000000000000e+02
3.000000000000000000e+02
2.940000000000000000e+02
2.930000000000000000e+02
2.880000000000000000e+02
2.880000000000000000e+02
2.810000000000000000e+02
2.830000000000000000e+02
2.830000000000000000e+02
2.730000000000000000e+02
2.590000000000000000e+02
2.470000000000000000e+02
2.340000000000000000e+02
2.320000000000000000e+02
2.340000000000000000e+02
2.300000000000000000e+02
2.190000000000000000e+02
2.120000000000000000e+02
2.080000000000000000e+02
1.960000000000000000e+02
1.900000000000000000e+02
1.900000000000000000e+02
2.000000000000000000e+02
2.050000000000000000e+02
1.990000000000000000e+02
2.050000000000000000e+02
2.130000000000000000e+02
2.090000000000000000e+02
2.170000000000000000e+02
2.140000000000000000e+02
2.330000000000000000e+02
2.260000000000000000e+02
2.190000000000000000e+02
2.280000000000000000e+02
2.320000000000000000e+02
2.330000000000000000e+02
2.170000000000000000e+02
2.330000000000000000e+02
2.260000000000000000e+02
2.180000000000000000e+02
2.150000000000000000e+02
2.060000000000000000e+02
2.000000000000000000e+02
1.790000000000000000e+02
1.740000000000000000e+02
1.720000000000000000e+02
1.630000000000000000e+02
1.600000000000000000e+02
1.680000000000000000e+02
1.680000000000000000e+02
1.630000000000000000e+02
1.610000000000000000e+02
1.700000000000000000e+02
1.610000000000000000e+02
1.480000000000000000e+02
1.430000000000000000e+02
1.450000000000000000e+02
1.440000000000000000e+02
1.410000000000000000e+02
1.480000000000000000e+02
1.540000000000000000e+02
1.500000000000000000e+02
1.470000000000000000e+02
1.500000000000000000e+02
1.530000000000000000e+02
1.670000000000000000e+02
1.730000000000000000e+02
1.730000000000000000e+02
