1.080000000000000000e+02
1.200000000000000000e+02
1.230000000000000000e+02
1.180000000000000000e+02
1.270000000000000000e+02
1.340000000000000000e+02
1.290000000000000000e+02
1.260000000000000000e+02
1.320000000000000000e+02
1.290000000000000000e+02
1.300000000000000000e+02
1.270000000000000000e+02
1.270000000000000000e+02
1.240000000000000000e+02
1.170000000000000000e+02
1.130000000000000000e+02
1.130000000000000000e+02
1.110000000000000000e+02
1.040000000000000000e+02
9.900000000000000000e+01
9.500000000000000000e+01
9.100000000000000000e+01
9.100000000000000000e+01
9.100000000000000000e+01
8.700000000000000000e+01
1.000000000000000000e+02
9.900000000000000000e+01
9.500000000000000000e+01
9.800000000000000000e+01
9.900000000000000000e+01
1.000000000000000000e+02
1.060000000000000000e+02
1.070000000000000000e+02
1.090000000000000000e+02
1.060000000000000000e+02
1.140000000000000000e+02
1.200000000000000000e+02
1.400000000000000000e+02
1.390000000000000000e+02
1.500000000000000000e+02
1.690000000000000000e+02
1.850000000000000000e+02
2.060000000000000000e+02
2.230000000000000000e+02
2.410000000000000000e+02
2.370000000000000000e+02
2.590000000000000000e+02
2.790000000000000000e+02
2.730000000000000000e+02
2.650000000000000000e+02
2.760000000000000000e+02
2.750000000000000000e+02
2.720000000000000000e+02
2.730000000000000000e+02
2.760000000000000000e+02
2.800000000000000000e+02
2.870000000000000000e+02
2.820000000000000000e+02
2.840000000000000000e+02
2.740000000000000000e+02
2.810000000000000000e+02
2.810000000000000000e+02
2.680000000000000000e+02
2.750000000000000000e+02
2.660000000000000000e+02
2.560000000000000000e+02
2.550000000000000000e+02
2.610000000000000000e+02
2.370000000000000000e+02
2.330000000000000000e+02
2.280000000000000000e+02
1.990000000000000000e+02
1.990000000000000000e+02
2.040000000000000000e+02
2.020000000000000000e+02
1.960000000000000000e+02
1.910000000000000000e+02
1.750000000000000000e+02
1.580000000000000000e+02
1.620000000000000000e+02
1.690000000000000000e+02
1.830000000000000000e+02
1.850000000000000000e+02
1.990000000000000000e+02
2.200000000000000000e+02
2.280000000000000000e+02
2.150000000000000000e+02
2.200000000000000000e+02
2.220000000000000000e+02
2.360000000000000000e+02
2.520000000000000000e+02
2.500000000000000000e+02
2.550000000000000000e+02
2.650000000000000000e+02
2.580000000000000000e+02
2.460000000000000000e+02
2.350000000000000000e+02
2.180000000000000000e+02
2.170000000000000000e+02
1.970000000000000000e+02
1.820000000000000000e+02
1.800000000000000000e+02
1.860000000000000000e+02
1.870000000000000000e+02
1.910000000000000000e+02
1.850000000000000000e+02
1.830000000000000000e+02
1.800000000000000000e+02
1.790000000000000000e+02
1.860000000000000000e+02
1.730000000000000000e+02
1.720000000000000000e+02
1.730000000000000000e+02
1.660000000000000000e+02
1.540000000000000000e+02
1.470000000000000000e+02
1.520000000000000000e+02
1.520000000000000000e+02
1.500000000000000000e+02
1.600000000000000000e+02
1.580000000000000000e+02
