1.370000000000000000e+02
1.390000000000000000e+02
1.470000000000000000e+02
1.530000000000000000e+02
1.500000000000000000e+02
1.470000000000000000e+02
1.540000000000000000e+02
1.570000000000000000e+02
1.550000000000000000e+02
1.580000000000000000e+02
1.530000000000000000e+02
1.530000000000000000e+02
1.550000000000000000e+02
1.440000000000000000e+02
1.410000000000000000e+02
1.400000000000000000e+02
1.280000000000000000e+02
1.280000000000000000e+02
1.280000000000000000e+02
1.270000000000000000e+02
1.290000000000000000e+02
1.160000000000000000e+02
1.160000000000000000e+02
1.110000000000000000e+02
1.120000000000000000e+02
1.100000000000000000e+02
1.080000000000000000e+02
1.110000000000000000e+02
1.130000000000000000e+02
1.150000000000000000e+02
1.120000000000000000e+02
1.070000000000000000e+02
1.220000000000000000e+02
1.320000000000000000e+02
1.330000000000000000e+02
1.390000000000000000e+02
1.470000000000000000e+02
1.600000000000000000e+02
1.730000000000000000e+02
1.830000000000000000e+02
1.850000000000000000e+02
1.970000000000000000e+02
2.260000000000000000e+02
2.370000000000000000e+02
2.550000000000000000e+02
2.660000000000000000e+02
2.520000000000000000e+02
2.440000000000000000e+02
2.430000000000000000e+02
2.590000000000000000e+02
2.540000000000000000e+02
2.450000000000000000e+02
2.350000000000000000e+02
2.390000000000000000e+02
2.300000000000000000e+02
2.240000000000000000e+02
2.260000000000000000e+02
2.280000000000000000e+02
2.200000000000000000e+02
2.100000000000000000e+02
2.080000000000000000e+02
2.070000000000000000e+02
1.950000000000000000e+02
1.930000000000000000e+02
1.910000000000000000e+02
1.830000000000000000e+02
1.960000000000000000e+02
2.070000000000000000e+02
2.090000000000000000e+02
2.220000000000000000e+02
2.300000000000000000e+02
2.150000000000000000e+02
2.260000000000000000e+02
2.240000000000000000e+02
2.320000000000000000e+02
2.300000000000000000e+02
2.310000000000000000e+02
2.250000000000000000e+02
2.320000000000000000e+02
2.240000000000000000e+02
2.140000000000000000e+02
2.080000000000000000e+02
2.040000000000000000e+02
2.050000000000000000e+02
2.050000000000000000e+02
1.990000000000000000e+02
1.800000000000000000e+02
1.780000000000000000e+02
1.660000000000000000e+02
1.630000000000000000e+02
1.580000000000000000e+02
1.660000000000000000e+02
1.660000000000000000e+02
1.690000000000000000e+02
1.550000000000000000e+02
1.670000000000000000e+02
1.790000000000000000e+02
1.800000000000000000e+02
1.850000000000000000e+02
1.870000000000000000e+02
1.820000000000000000e+02
1.810000000000000000e+02
1.870000000000000000e+02
1.840000000000000000e+02
1.730000000000000000e+02
1.760000000000000000e+02
1.600000000000000000e+02
1.600000000000000000e+02
1.580000000000000000e+02
1.620000000000000000e+02
1.710000000000000000e+02
1.670000000000000000e+02
1.830000000000000000e+02
1.940000000000000000e+02
2.070000000000000000e+02
2.040000000000000000e+02
1.860000000000000000e+02
1.960000000000000000e+02
1.930000000000000000e+02
1.930000000000000000e+02
1.830000000000000000e+02
