1.200000000000000000e+02
1.090000000000000000e+02
1.050000000000000000e+02
1.130000000000000000e+02
1.180000000000000000e+02
1.330000000000000000e+02
1.270000000000000000e+02
1.280000000000000000e+02
1.390000000000000000e+02
1.510000000000000000e+02
1.620000000000000000e+02
1.670000000000000000e+02
1.910000000000000000e+02
2.170000000000000000e+02
2.380000000000000000e+02
2.590000000000000000e+02
2.940000000000000000e+02
3.130000000000000000e+02
3.440000000000000000e+02
3.700000000000000000e+02
3.760000000000000000e+02
3.970000000000000000e+02
4.110000000000000000e+02
4.110000000000000000e+02
4.220000000000000000e+02
4.340000000000000000e+02
4.450000000000000000e+02
4.690000000000000000e+02
4.580000000000000000e+02
4.730000000000000000e+02
4.620000000000000000e+02
4.790000000000000000e+02
4.670000000000000000e+02
4.590000000000000000e+02
4.510000000000000000e+02
4.350000000000000000e+02
4.300000000000000000e+02
4.420000000000000000e+02
4.340000000000000000e+02
4.400000000000000000e+02
4.340000000000000000e+02
4.310000000000000000e+02
4.360000000000000000e+02
4.350000000000000000e+02
4.650000000000000000e+02
4.560000000000000000e+02
4.520000000000000000e+02
4.630000000000000000e+02
4.640000000000000000e+02
4.740000000000000000e+02
4.560000000000000000e+02
4.500000000000000000e+02
4.540000000000000000e+02
4.550000000000000000e+02
4.480000000000000000e+02
4.330000000000000000e+02
4.220000000000000000e+02
4.180000000000000000e+02
4.200000000000000000e+02
4.110000000000000000e+02
4.060000000000000000e+02
4.060000000000000000e+02
4.170000000000000000e+02
4.250000000000000000e+02
4.200000000000000000e+02
4.190000000000000000e+02
3.990000000000000000e+02
3.750000000000000000e+02
3.740000000000000000e+02
3.760000000000000000e+02
3.710000000000000000e+02
3.530000000000000000e+02
3.510000000000000000e+02
3.520000000000000000e+02
3.470000000000000000e+02
3.410000000000000000e+02
3.370000000000000000e+02
3.520000000000000000e+02
3.430000000000000000e+02
3.280000000000000000e+02
3.170000000000000000e+02
3.070000000000000000e+02
3.140000000000000000e+02
3.090000000000000000e+02
2.840000000000000000e+02
2.920000000000000000e+02
2.910000000000000000e+02
2.820000000000000000e+02
3.000000000000000000e+02
2.980000000000000000e+02
3.030000000000000000e+02
2.790000000000000000e+02
2.760000000000000000e+02
2.730000000000000000e+02
2.610000000000000000e+02
2.580000000000000000e+02
2.520000000000000000e+02
2.470000000000000000e+02
2.470000000000000000e+02
2.380000000000000000e+02
2.320000000000000000e+02
2.370000000000000000e+02
2.490000000000000000e+02
2.480000000000000000e+02
2.600000000000000000e+02
2.630000000000000000e+02
2.960000000000000000e+02
2.990000000000000000e+02
3.190000000000000000e+02
3.180000000000000000e+02
3.130000000000000000e+02
3.070000000000000000e+02
3.000000000000000000e+02
3.150000000000000000e+02
3.030000000000000000e+02
3.130000000000000000e+02
3.200000000000000000e+02
3.060000000000000000e+02
3.160000000000000000e+02
3.030000000000000000e+02
3.110000000000000000e+02
3.010000000000000000e+02
