6.900000000000000000e+01
6.600000000000000000e+01
6.700000000000000000e+01
6.300000000000000000e+01
5.800000000000000000e+01
6.100000000000000000e+01
6.000000000000000000e+01
5.900000000000000000e+01
6.000000000000000000e+01
6.000000000000000000e+01
5.300000000000000000e+01
5.400000000000000000e+01
5.200000000000000000e+01
5.100000000000000000e+01
4.800000000000000000e+01
4.400000000000000000e+01
3.900000000000000000e+01
3.400000000000000000e+01
3.600000000000000000e+01
3.300000000000000000e+01
3.500000000000000000e+01
2.800000000000000000e+01
2.500000000000000000e+01
2.900000000000000000e+01
2.500000000000000000e+01
1.800000000000000000e+01
1.700000000000000000e+01
1.600000000000000000e+01
1.800000000000000000e+01
1.600000000000000000e+01
1.600000000000000000e+01
1.500000000000000000e+01
1.700000000000000000e+01
2.300000000000000000e+01
2.800000000000000000e+01
2.300000000000000000e+01
2.700000000000000000e+01
2.800000000000000000e+01
2.700000000000000000e+01
2.900000000000000000e+01
3.300000000000000000e+01
3.500000000000000000e+01
4.200000000000000000e+01
4.700000000000000000e+01
5.100000000000000000e+01
5.200000000000000000e+01
5.500000000000000000e+01
6.300000000000000000e+01
6.200000000000000000e+01
7.000000000000000000e+01
8.700000000000000000e+01
9.300000000000000000e+01
9.900000000000000000e+01
9.900000000000000000e+01
1.210000000000000000e+02
1.250000000000000000e+02
1.330000000000000000e+02
1.450000000000000000e+02
1.520000000000000000e+02
1.860000000000000000e+02
2.060000000000000000e+02
2.370000000000000000e+02
2.570000000000000000e+02
2.800000000000000000e+02
3.070000000000000000e+02
3.310000000000000000e+02
3.480000000000000000e+02
3.620000000000000000e+02
3.770000000000000000e+02
3.650000000000000000e+02
3.710000000000000000e+02
3.800000000000000000e+02
3.640000000000000000e+02
3.590000000000000000e+02
3.590000000000000000e+02
3.650000000000000000e+02
3.780000000000000000e+02
3.710000000000000000e+02
3.610000000000000000e+02
3.370000000000000000e+02
3.300000000000000000e+02
3.170000000000000000e+02
3.170000000000000000e+02
3.010000000000000000e+02
2.930000000000000000e+02
2.930000000000000000e+02
2.860000000000000000e+02
2.760000000000000000e+02
2.800000000000000000e+02
2.560000000000000000e+02
2.450000000000000000e+02
2.440000000000000000e+02
2.320000000000000000e+02
2.060000000000000000e+02
2.000000000000000000e+02
1.980000000000000000e+02
1.870000000000000000e+02
1.730000000000000000e+02
1.710000000000000000e+02
1.650000000000000000e+02
1.640000000000000000e+02
1.710000000000000000e+02
1.600000000000000000e+02
1.550000000000000000e+02
1.660000000000000000e+02
1.660000000000000000e+02
1.800000000000000000e+02
1.870000000000000000e+02
1.890000000000000000e+02
1.880000000000000000e+02
1.940000000000000000e+02
1.900000000000000000e+02
1.950000000000000000e+02
1.950000000000000000e+02
2.060000000000000000e+02
2.050000000000000000e+02
2.080000000000000000e+02
1.940000000000000000e+02
1.830000000000000000e+02
1.810000000000000000e+02
1.730000000000000000e+02
