4.100000000000000000e+01
4.300000000000000000e+01
4.200000000000000000e+01
3.700000000000000000e+01
3.700000000000000000e+01
3.600000000000000000e+01
3.700000000000000000e+01
4.000000000000000000e+01
4.200000000000000000e+01
3.700000000000000000e+01
3.700000000000000000e+01
4.400000000000000000e+01
5.100000000000000000e+01
5.400000000000000000e+01
6.000000000000000000e+01
6.700000000000000000e+01
6.900000000000000000e+01
7.300000000000000000e+01
8.700000000000000000e+01
8.400000000000000000e+01
8.600000000000000000e+01
9.100000000000000000e+01
9.500000000000000000e+01
1.040000000000000000e+02
1.150000000000000000e+02
1.180000000000000000e+02
1.240000000000000000e+02
1.330000000000000000e+02
1.280000000000000000e+02
1.380000000000000000e+02
1.470000000000000000e+02
1.550000000000000000e+02
1.630000000000000000e+02
1.690000000000000000e+02
1.710000000000000000e+02
1.630000000000000000e+02
1.640000000000000000e+02
1.600000000000000000e+02
1.550000000000000000e+02
1.420000000000000000e+02
1.450000000000000000e+02
1.430000000000000000e+02
1.470000000000000000e+02
1.430000000000000000e+02
1.410000000000000000e+02
1.300000000000000000e+02
1.240000000000000000e+02
1.160000000000000000e+02
1.130000000000000000e+02
1.160000000000000000e+02
1.180000000000000000e+02
1.140000000000000000e+02
1.130000000000000000e+02
1.130000000000000000e+02
1.080000000000000000e+02
1.050000000000000000e+02
1.030000000000000000e+02
1.040000000000000000e+02
9.800000000000000000e+01
1.020000000000000000e+02
1.020000000000000000e+02
9.700000000000000000e+01
9.600000000000000000e+01
9.500000000000000000e+01
9.000000000000000000e+01
9.500000000000000000e+01
8.700000000000000000e+01
8.500000000000000000e+01
8.800000000000000000e+01
8.500000000000000000e+01
7.800000000000000000e+01
7.600000000000000000e+01
8.000000000000000000e+01
8.200000000000000000e+01
7.900000000000000000e+01
7.600000000000000000e+01
8.100000000000000000e+01
8.600000000000000000e+01
9.000000000000000000e+01
9.300000000000000000e+01
9.800000000000000000e+01
9.600000000000000000e+01
1.070000000000000000e+02
1.080000000000000000e+02
1.070000000000000000e+02
1.070000000000000000e+02
1.110000000000000000e+02
1.120000000000000000e+02
1.080000000000000000e+02
1.070000000000000000e+02
1.060000000000000000e+02
1.150000000000000000e+02
1.130000000000000000e+02
1.090000000000000000e+02
1.030000000000000000e+02
1.030000000000000000e+02
1.090000000000000000e+02
1.090000000000000000e+02
1.050000000000000000e+02
1.040000000000000000e+02
1.010000000000000000e+02
9.400000000000000000e+01
9.400000000000000000e+01
9.400000000000000000e+01
9.400000000000000000e+01
9.400000000000000000e+01
9.500000000000000000e+01
8.000000000000000000e+01
8.300000000000000000e+01
8.400000000000000000e+01
8.400000000000000000e+01
8.200000000000000000e+01
8.900000000000000000e+01
8.800000000000000000e+01
8.600000000000000000e+01
9.000000000000000000e+01
9.700000000000000000e+01
1.020000000000000000e+02
9.900000000000000000e+01
9.700000000000000000e+01
1.020000000000000000e+02
1.080000000000000000e+02
