7.800000000000000000e+01
8.400000000000000000e+01
8.300000000000000000e+01
8.600000000000000000e+01
9.100000000000000000e+01
9.700000000000000000e+01
1.040000000000000000e+02
1.120000000000000000e+02
1.250000000000000000e+02
1.230000000000000000e+02
1.350000000000000000e+02
1.350000000000000000e+02
1.490000000000000000e+02
1.540000000000000000e+02
1.690000000000000000e+02
1.660000000000000000e+02
1.910000000000000000e+02
2.070000000000000000e+02
2.370000000000000000e+02
2.700000000000000000e+02
2.980000000000000000e+02
3.330000000000000000e+02
3.540000000000000000e+02
3.800000000000000000e+02
3.810000000000000000e+02
3.950000000000000000e+02
4.250000000000000000e+02
4.260000000000000000e+02
4.310000000000000000e+02
4.410000000000000000e+02
4.560000000000000000e+02
4.510000000000000000e+02
4.390000000000000000e+02
4.340000000000000000e+02
4.400000000000000000e+02
4.470000000000000000e+02
4.500000000000000000e+02
4.390000000000000000e+02
4.290000000000000000e+02
4.340000000000000000e+02
4.290000000000000000e+02
4.520000000000000000e+02
4.580000000000000000e+02
4.430000000000000000e+02
4.330000000000000000e+02
4.450000000000000000e+02
4.260000000000000000e+02
4.000000000000000000e+02
3.880000000000000000e+02
3.910000000000000000e+02
3.710000000000000000e+02
3.850000000000000000e+02
3.850000000000000000e+02
3.880000000000000000e+02
3.880000000000000000e+02
3.720000000000000000e+02
3.610000000000000000e+02
3.600000000000000000e+02
3.430000000000000000e+02
3.220000000000000000e+02
3.050000000000000000e+02
3.080000000000000000e+02
3.070000000000000000e+02
3.000000000000000000e+02
2.990000000000000000e+02
2.990000000000000000e+02
2.930000000000000000e+02
2.870000000000000000e+02
2.870000000000000000e+02
2.960000000000000000e+02
2.880000000000000000e+02
2.740000000000000000e+02
2.620000000000000000e+02
2.450000000000000000e+02
2.440000000000000000e+02
2.510000000000000000e+02
2.530000000000000000e+02
2.540000000000000000e+02
2.590000000000000000e+02
2.520000000000000000e+02
2.560000000000000000e+02
2.640000000000000000e+02
2.610000000000000000e+02
2.670000000000000000e+02
2.820000000000000000e+02
2.950000000000000000e+02
3.060000000000000000e+02
3.040000000000000000e+02
3.170000000000000000e+02
3.210000000000000000e+02
3.270000000000000000e+02
3.290000000000000000e+02
3.450000000000000000e+02
3.440000000000000000e+02
3.400000000000000000e+02
3.490000000000000000e+02
3.630000000000000000e+02
3.650000000000000000e+02
3.530000000000000000e+02
3.440000000000000000e+02
3.350000000000000000e+02
3.310000000000000000e+02
3.260000000000000000e+02
3.180000000000000000e+02
3.040000000000000000e+02
2.980000000000000000e+02
2.940000000000000000e+02
2.880000000000000000e+02
3.030000000000000000e+02
2.950000000000000000e+02
2.800000000000000000e+02
2.770000000000000000e+02
2.800000000000000000e+02
2.830000000000000000e+02
2.740000000000000000e+02
2.640000000000000000e+02
2.570000000000000000e+02
2.480000000000000000e+02
2.500000000000000000e+02
2.500000000000000000e+02
2.410000000000000000e+02
2.390000000000000000e+02
