1.260000000000000000e+02
1.320000000000000000e+02
1.420000000000000000e+02
1.380000000000000000e+02
1.420000000000000000e+02
1.450000000000000000e+02
1.450000000000000000e+02
1.520000000000000000e+02
1.410000000000000000e+02
1.420000000000000000e+02
1.380000000000000000e+02
1.350000000000000000e+02
1.360000000000000000e+02
1.310000000000000000e+02
1.270000000000000000e+02
1.260000000000000000e+02
1.120000000000000000e+02
1.180000000000000000e+02
1.230000000000000000e+02
1.220000000000000000e+02
1.190000000000000000e+02
1.130000000000000000e+02
1.050000000000000000e+02
1.040000000000000000e+02
1.010000000000000000e+02
1.080000000000000000e+02
1.100000000000000000e+02
1.090000000000000000e+02
1.100000000000000000e+02
1.040000000000000000e+02
9.800000000000000000e+01
9.800000000000000000e+01
1.010000000000000000e+02
1.000000000000000000e+02
9.300000000000000000e+01
9.300000000000000000e+01
1.030000000000000000e+02
1.090000000000000000e+02
1.090000000000000000e+02
1.150000000000000000e+02
1.240000000000000000e+02
1.300000000000000000e+02
1.390000000000000000e+02
1.550000000000000000e+02
1.400000000000000000e+02
1.550000000000000000e+02
1.710000000000000000e+02
1.930000000000000000e+02
2.080000000000000000e+02
2.200000000000000000e+02
2.380000000000000000e+02
2.620000000000000000e+02
2.960000000000000000e+02
3.130000000000000000e+02
3.320000000000000000e+02
3.380000000000000000e+02
3.410000000000000000e+02
3.330000000000000000e+02
3.350000000000000000e+02
3.410000000000000000e+02
3.350000000000000000e+02
3.210000000000000000e+02
3.310000000000000000e+02
3.080000000000000000e+02
2.950000000000000000e+02
2.820000000000000000e+02
2.720000000000000000e+02
2.730000000000000000e+02
2.720000000000000000e+02
2.860000000000000000e+02
2.720000000000000000e+02
2.630000000000000000e+02
2.510000000000000000e+02
2.390000000000000000e+02
2.300000000000000000e+02
2.300000000000000000e+02
2.190000000000000000e+02
2.050000000000000000e+02
2.010000000000000000e+02
2.030000000000000000e+02
2.000000000000000000e+02
1.910000000000000000e+02
1.790000000000000000e+02
1.860000000000000000e+02
1.840000000000000000e+02
1.840000000000000000e+02
1.810000000000000000e+02
1.770000000000000000e+02
1.790000000000000000e+02
1.840000000000000000e+02
1.970000000000000000e+02
1.980000000000000000e+02
2.090000000000000000e+02
2.140000000000000000e+02
2.340000000000000000e+02
2.330000000000000000e+02
2.320000000000000000e+02
2.410000000000000000e+02
2.400000000000000000e+02
2.270000000000000000e+02
2.140000000000000000e+02
2.030000000000000000e+02
2.030000000000000000e+02
1.880000000000000000e+02
1.790000000000000000e+02
1.770000000000000000e+02
1.670000000000000000e+02
1.410000000000000000e+02
1.440000000000000000e+02
1.400000000000000000e+02
1.520000000000000000e+02
1.570000000000000000e+02
1.500000000000000000e+02
1.540000000000000000e+02
1.510000000000000000e+02
1.530000000000000000e+02
1.550000000000000000e+02
1.530000000000000000e+02
1.520000000000000000e+02
1.590000000000000000e+02
1.460000000000000000e+02
