1.270000000000000000e+02
1.200000000000000000e+02
1.130000000000000000e+02
1.070000000000000000e+02
1.150000000000000000e+02
1.100000000000000000e+02
1.180000000000000000e+02
1.150000000000000000e+02
1.130000000000000000e+02
1.140000000000000000e+02
1.200000000000000000e+02
1.140000000000000000e+02
1.110000000000000000e+02
1.110000000000000000e+02
1.170000000000000000e+02
1.080000000000000000e+02
9.400000000000000000e+01
8.700000000000000000e+01
8.100000000000000000e+01
7.900000000000000000e+01
7.500000000000000000e+01
8.000000000000000000e+01
8.500000000000000000e+01
8.400000000000000000e+01
8.600000000000000000e+01
8.400000000000000000e+01
7.900000000000000000e+01
7.800000000000000000e+01
8.500000000000000000e+01
8.300000000000000000e+01
8.800000000000000000e+01
9.500000000000000000e+01
9.500000000000000000e+01
1.000000000000000000e+02
9.700000000000000000e+01
9.400000000000000000e+01
1.100000000000000000e+02
1.210000000000000000e+02
1.170000000000000000e+02
1.210000000000000000e+02
1.330000000000000000e+02
1.390000000000000000e+02
1.510000000000000000e+02
1.610000000000000000e+02
1.600000000000000000e+02
1.630000000000000000e+02
1.830000000000000000e+02
2.010000000000000000e+02
2.240000000000000000e+02
2.480000000000000000e+02
2.440000000000000000e+02
2.600000000000000000e+02
2.630000000000000000e+02
2.450000000000000000e+02
2.530000000000000000e+02
2.660000000000000000e+02
2.700000000000000000e+02
2.710000000000000000e+02
2.730000000000000000e+02
2.780000000000000000e+02
2.810000000000000000e+02
2.780000000000000000e+02
2.730000000000000000e+02
2.760000000000000000e+02
2.840000000000000000e+02
2.760000000000000000e+02
2.530000000000000000e+02
2.330000000000000000e+02
2.270000000000000000e+02
2.090000000000000000e+02
2.100000000000000000e+02
2.020000000000000000e+02
2.020000000000000000e+02
2.060000000000000000e+02
1.990000000000000000e+02
2.040000000000000000e+02
2.040000000000000000e+02
1.980000000000000000e+02
2.200000000000000000e+02
2.390000000000000000e+02
2.460000000000000000e+02
2.490000000000000000e+02
2.520000000000000000e+02
2.610000000000000000e+02
2.530000000000000000e+02
2.460000000000000000e+02
2.400000000000000000e+02
2.380000000000000000e+02
2.350000000000000000e+02
2.410000000000000000e+02
2.300000000000000000e+02
2.300000000000000000e+02
2.240000000000000000e+02
2.140000000000000000e+02
2.180000000000000000e+02
2.060000000000000000e+02
1.960000000000000000e+02
1.840000000000000000e+02
1.650000000000000000e+02
1.710000000000000000e+02
1.750000000000000000e+02
1.630000000000000000e+02
1.560000000000000000e+02
1.570000000000000000e+02
1.590000000000000000e+02
1.560000000000000000e+02
1.600000000000000000e+02
1.490000000000000000e+02
1.480000000000000000e+02
1.350000000000000000e+02
1.340000000000000000e+02
1.460000000000000000e+02
1.430000000000000000e+02
1.370000000000000000e+02
1.360000000000000000e+02
1.370000000000000000e+02
1.350000000000000000e+02
1.540000000000000000e+02
1.480000000000000000e+02
1.520000000000000000e+02
1.420000000000000000e+02
