1.190000000000000000e+02
1.140000000000000000e+02
1.180000000000000000e+02
1.110000000000000000e+02
1.180000000000000000e+02
1.200000000000000000e+02
1.220000000000000000e+02
1.190000000000000000e+02
1.380000000000000000e+02
1.470000000000000000e+02
1.620000000000000000e+02
1.760000000000000000e+02
1.810000000000000000e+02
2.030000000000000000e+02
2.230000000000000000e+02
2.540000000000000000e+02
2.680000000000000000e+02
2.800000000000000000e+02
3.000000000000000000e+02
3.460000000000000000e+02
3.570000000000000000e+02
3.640000000000000000e+02
3.700000000000000000e+02
3.730000000000000000e+02
3.860000000000000000e+02
3.900000000000000000e+02
4.130000000000000000e+02
4.190000000000000000e+02
4.010000000000000000e+02
4.180000000000000000e+02
4.340000000000000000e+02
4.170000000000000000e+02
4.240000000000000000e+02
4.190000000000000000e+02
4.110000000000000000e+02
4.130000000000000000e+02
4.020000000000000000e+02
3.900000000000000000e+02
4.120000000000000000e+02
4.060000000000000000e+02
4.260000000000000000e+02
4.250000000000000000e+02
4.130000000000000000e+02
4.140000000000000000e+02
3.930000000000000000e+02
3.890000000000000000e+02
3.790000000000000000e+02
3.650000000000000000e+02
3.790000000000000000e+02
3.800000000000000000e+02
3.760000000000000000e+02
3.770000000000000000e+02
3.520000000000000000e+02
3.390000000000000000e+02
3.400000000000000000e+02
3.450000000000000000e+02
3.370000000000000000e+02
3.360000000000000000e+02
3.240000000000000000e+02
3.280000000000000000e+02
3.340000000000000000e+02
3.310000000000000000e+02
3.240000000000000000e+02
3.190000000000000000e+02
3.060000000000000000e+02
3.040000000000000000e+02
3.080000000000000000e+02
2.970000000000000000e+02
2.810000000000000000e+02
2.800000000000000000e+02
2.990000000000000000e+02
2.940000000000000000e+02
2.910000000000000000e+02
2.860000000000000000e+02
2.840000000000000000e+02
2.830000000000000000e+02
2.780000000000000000e+02
2.730000000000000000e+02
2.840000000000000000e+02
2.910000000000000000e+02
2.700000000000000000e+02
2.670000000000000000e+02
2.590000000000000000e+02
2.580000000000000000e+02
2.800000000000000000e+02
2.830000000000000000e+02
2.860000000000000000e+02
2.810000000000000000e+02
2.920000000000000000e+02
3.050000000000000000e+02
3.080000000000000000e+02
3.070000000000000000e+02
3.300000000000000000e+02
3.250000000000000000e+02
3.290000000000000000e+02
3.360000000000000000e+02
3.450000000000000000e+02
3.420000000000000000e+02
3.410000000000000000e+02
3.350000000000000000e+02
3.430000000000000000e+02
3.280000000000000000e+02
3.280000000000000000e+02
3.300000000000000000e+02
3.070000000000000000e+02
3.050000000000000000e+02
3.090000000000000000e+02
3.130000000000000000e+02
2.990000000000000000e+02
3.020000000000000000e+02
3.030000000000000000e+02
3.080000000000000000e+02
2.920000000000000000e+02
2.910000000000000000e+02
3.020000000000000000e+02
2.960000000000000000e+02
2.950000000000000000e+02
2.900000000000000000e+02
2.680000000000000000e+02
2.740000000000000000e+02
2.670000000000000000e+02
2.620000000000000000e+02
