7.600000000000000000e+01
7.900000000000000000e+01
8.200000000000000000e+01
8.600000000000000000e+01
9.300000000000000000e+01
9.800000000000000000e+01
9.900000000000000000e+01
1.040000000000000000e+02
1.040000000000000000e+02
1.120000000000000000e+02
1.200000000000000000e+02
1.290000000000000000e+02
1.350000000000000000e+02
1.330000000000000000e+02
1.430000000000000000e+02
1.560000000000000000e+02
1.580000000000000000e+02
1.790000000000000000e+02
1.930000000000000000e+02
2.180000000000000000e+02
2.340000000000000000e+02
2.750000000000000000e+02
2.950000000000000000e+02
3.050000000000000000e+02
3.240000000000000000e+02
3.420000000000000000e+02
3.520000000000000000e+02
3.760000000000000000e+02
3.860000000000000000e+02
3.920000000000000000e+02
3.970000000000000000e+02
3.960000000000000000e+02
3.940000000000000000e+02
4.090000000000000000e+02
4.390000000000000000e+02
4.340000000000000000e+02
4.380000000000000000e+02
4.420000000000000000e+02
4.470000000000000000e+02
4.390000000000000000e+02
4.270000000000000000e+02
4.410000000000000000e+02
4.370000000000000000e+02
4.320000000000000000e+02
4.310000000000000000e+02
4.130000000000000000e+02
4.260000000000000000e+02
4.050000000000000000e+02
4.140000000000000000e+02
4.110000000000000000e+02
4.050000000000000000e+02
4.110000000000000000e+02
4.200000000000000000e+02
4.170000000000000000e+02
4.080000000000000000e+02
3.990000000000000000e+02
3.930000000000000000e+02
3.970000000000000000e+02
4.030000000000000000e+02
4.060000000000000000e+02
4.020000000000000000e+02
3.990000000000000000e+02
4.120000000000000000e+02
4.070000000000000000e+02
4.090000000000000000e+02
4.040000000000000000e+02
4.120000000000000000e+02
4.000000000000000000e+02
4.060000000000000000e+02
4.040000000000000000e+02
3.970000000000000000e+02
3.880000000000000000e+02
3.760000000000000000e+02
3.690000000000000000e+02
3.720000000000000000e+02
3.750000000000000000e+02
3.690000000000000000e+02
3.340000000000000000e+02
3.330000000000000000e+02
3.230000000000000000e+02
3.340000000000000000e+02
3.270000000000000000e+02
3.250000000000000000e+02
3.210000000000000000e+02
3.060000000000000000e+02
3.050000000000000000e+02
2.920000000000000000e+02
2.960000000000000000e+02
2.920000000000000000e+02
2.790000000000000000e+02
2.790000000000000000e+02
2.730000000000000000e+02
2.670000000000000000e+02
2.670000000000000000e+02
2.610000000000000000e+02
2.610000000000000000e+02
2.480000000000000000e+02
2.530000000000000000e+02
2.470000000000000000e+02
2.410000000000000000e+02
2.360000000000000000e+02
2.380000000000000000e+02
2.480000000000000000e+02
2.550000000000000000e+02
2.740000000000000000e+02
2.820000000000000000e+02
2.760000000000000000e+02
2.760000000000000000e+02
2.830000000000000000e+02
2.800000000000000000e+02
2.760000000000000000e+02
2.840000000000000000e+02
2.980000000000000000e+02
3.130000000000000000e+02
3.200000000000000000e+02
3.150000000000000000e+02
3.070000000000000000e+02
3.070000000000000000e+02
3.030000000000000000e+02
3.000000000000000000e+02
3.050000000000000000e+02
2.890000000000000000e+02
