1.070000000000000000e+02
1.110000000000000000e+02
1.060000000000000000e+02
1.000000000000000000e+02
1.030000000000000000e+02
1.050000000000000000e+02
1.060000000000000000e+02
1.070000000000000000e+02
1.100000000000000000e+02
1.020000000000000000e+02
1.070000000000000000e+02
1.030000000000000000e+02
9.600000000000000000e+01
1.010000000000000000e+02
1.000000000000000000e+02
9.300000000000000000e+01
9.800000000000000000e+01
9.100000000000000000e+01
9.500000000000000000e+01
9.300000000000000000e+01
9.400000000000000000e+01
9.200000000000000000e+01
8.900000000000000000e+01
8.100000000000000000e+01
7.800000000000000000e+01
7.300000000000000000e+01
7.800000000000000000e+01
8.000000000000000000e+01
8.600000000000000000e+01
8.900000000000000000e+01
9.400000000000000000e+01
9.900000000000000000e+01
9.600000000000000000e+01
1.100000000000000000e+02
1.180000000000000000e+02
1.360000000000000000e+02
1.400000000000000000e+02
1.390000000000000000e+02
1.450000000000000000e+02
1.490000000000000000e+02
1.640000000000000000e+02
1.670000000000000000e+02
1.810000000000000000e+02
1.840000000000000000e+02
1.910000000000000000e+02
2.120000000000000000e+02
2.230000000000000000e+02
2.450000000000000000e+02
2.480000000000000000e+02
2.520000000000000000e+02
2.430000000000000000e+02
2.670000000000000000e+02
2.750000000000000000e+02
2.910000000000000000e+02
3.040000000000000000e+02
3.020000000000000000e+02
2.950000000000000000e+02
3.000000000000000000e+02
2.910000000000000000e+02
2.710000000000000000e+02
2.700000000000000000e+02
2.490000000000000000e+02
2.500000000000000000e+02
2.410000000000000000e+02
2.410000000000000000e+02
2.360000000000000000e+02
2.360000000000000000e+02
2.340000000000000000e+02
2.270000000000000000e+02
2.340000000000000000e+02
2.240000000000000000e+02
2.130000000000000000e+02
2.190000000000000000e+02
2.110000000000000000e+02
2.070000000000000000e+02
2.110000000000000000e+02
2.050000000000000000e+02
1.910000000000000000e+02
1.890000000000000000e+02
1.760000000000000000e+02
1.720000000000000000e+02
1.810000000000000000e+02
1.880000000000000000e+02
2.150000000000000000e+02
2.200000000000000000e+02
2.150000000000000000e+02
2.290000000000000000e+02
2.550000000000000000e+02
2.870000000000000000e+02
2.890000000000000000e+02
2.810000000000000000e+02
2.750000000000000000e+02
2.680000000000000000e+02
2.680000000000000000e+02
2.580000000000000000e+02
2.540000000000000000e+02
2.380000000000000000e+02
2.190000000000000000e+02
2.120000000000000000e+02
2.060000000000000000e+02
2.050000000000000000e+02
2.020000000000000000e+02
1.870000000000000000e+02
1.830000000000000000e+02
1.790000000000000000e+02
1.710000000000000000e+02
1.680000000000000000e+02
1.640000000000000000e+02
1.580000000000000000e+02
1.640000000000000000e+02
1.680000000000000000e+02
1.590000000000000000e+02
1.530000000000000000e+02
1.560000000000000000e+02
1.540000000000000000e+02
1.470000000000000000e+02
1.490000000000000000e+02
1.460000000000000000e+02
1.390000000000000000e+02
1.500000000000000000e+02
1.440000000000000000e+02
