9.700000000000000000e+01
9.800000000000000000e+01
1.100000000000000000e+02
1.230000000000000000e+02
1.220000000000000000e+02
1.200000000000000000e+02
1.280000000000000000e+02
1.250000000000000000e+02
1.420000000000000000e+02
1.680000000000000000e+02
1.770000000000000000e+02
1.890000000000000000e+02
1.980000000000000000e+02
2.280000000000000000e+02
2.510000000000000000e+02
2.880000000000000000e+02
3.240000000000000000e+02
3.770000000000000000e+02
3.820000000000000000e+02
4.210000000000000000e+02
4.490000000000000000e+02
4.380000000000000000e+02
4.630000000000000000e+02
4.620000000000000000e+02
4.660000000000000000e+02
4.610000000000000000e+02
4.590000000000000000e+02
4.680000000000000000e+02
4.690000000000000000e+02
4.720000000000000000e+02
4.910000000000000000e+02
5.010000000000000000e+02
5.110000000000000000e+02
5.080000000000000000e+02
5.110000000000000000e+02
5.110000000000000000e+02
5.100000000000000000e+02
5.090000000000000000e+02
5.080000000000000000e+02
4.920000000000000000e+02
4.780000000000000000e+02
4.730000000000000000e+02
4.750000000000000000e+02
4.690000000000000000e+02
4.560000000000000000e+02
4.480000000000000000e+02
4.520000000000000000e+02
4.400000000000000000e+02
4.280000000000000000e+02
4.350000000000000000e+02
4.330000000000000000e+02
4.210000000000000000e+02
4.180000000000000000e+02
4.160000000000000000e+02
4.030000000000000000e+02
3.970000000000000000e+02
3.790000000000000000e+02
3.670000000000000000e+02
3.650000000000000000e+02
3.410000000000000000e+02
3.180000000000000000e+02
3.280000000000000000e+02
3.410000000000000000e+02
3.590000000000000000e+02
3.630000000000000000e+02
3.580000000000000000e+02
3.460000000000000000e+02
3.480000000000000000e+02
3.510000000000000000e+02
3.410000000000000000e+02
3.440000000000000000e+02
3.500000000000000000e+02
3.310000000000000000e+02
3.340000000000000000e+02
3.430000000000000000e+02
3.270000000000000000e+02
3.120000000000000000e+02
2.930000000000000000e+02
2.820000000000000000e+02
2.670000000000000000e+02
2.560000000000000000e+02
2.650000000000000000e+02
2.480000000000000000e+02
2.420000000000000000e+02
2.470000000000000000e+02
2.510000000000000000e+02
2.410000000000000000e+02
2.420000000000000000e+02
2.390000000000000000e+02
2.400000000000000000e+02
2.270000000000000000e+02
2.410000000000000000e+02
2.520000000000000000e+02
2.520000000000000000e+02
2.730000000000000000e+02
2.840000000000000000e+02
2.820000000000000000e+02
2.920000000000000000e+02
3.150000000000000000e+02
3.070000000000000000e+02
2.910000000000000000e+02
2.730000000000000000e+02
2.670000000000000000e+02
2.800000000000000000e+02
2.870000000000000000e+02
2.930000000000000000e+02
2.980000000000000000e+02
3.030000000000000000e+02
2.940000000000000000e+02
2.920000000000000000e+02
2.860000000000000000e+02
2.790000000000000000e+02
2.910000000000000000e+02
2.980000000000000000e+02
3.050000000000000000e+02
3.090000000000000000e+02
3.070000000000000000e+02
2.930000000000000000e+02
2.950000000000000000e+02
2.750000000000000000e+02
2.530000000000000000e+02
2.520000000000000000e+02
