6.400000000000000000e+01
7.700000000000000000e+01
7.400000000000000000e+01
8.200000000000000000e+01
8.800000000000000000e+01
9.000000000000000000e+01
9.900000000000000000e+01
9.800000000000000000e+01
1.080000000000000000e+02
1.150000000000000000e+02
1.140000000000000000e+02
1.240000000000000000e+02
1.200000000000000000e+02
1.370000000000000000e+02
1.520000000000000000e+02
1.600000000000000000e+02
1.790000000000000000e+02
2.020000000000000000e+02
2.300000000000000000e+02
2.590000000000000000e+02
2.740000000000000000e+02
3.140000000000000000e+02
3.090000000000000000e+02
3.170000000000000000e+02
3.350000000000000000e+02
3.610000000000000000e+02
3.860000000000000000e+02
3.870000000000000000e+02
4.260000000000000000e+02
4.150000000000000000e+02
4.230000000000000000e+02
4.200000000000000000e+02
4.430000000000000000e+02
4.580000000000000000e+02
4.690000000000000000e+02
4.560000000000000000e+02
4.570000000000000000e+02
4.770000000000000000e+02
4.680000000000000000e+02
4.550000000000000000e+02
4.630000000000000000e+02
4.600000000000000000e+02
4.690000000000000000e+02
4.790000000000000000e+02
4.600000000000000000e+02
4.560000000000000000e+02
4.580000000000000000e+02
4.470000000000000000e+02
4.530000000000000000e+02
4.510000000000000000e+02
4.460000000000000000e+02
4.380000000000000000e+02
4.140000000000000000e+02
3.960000000000000000e+02
3.950000000000000000e+02
3.970000000000000000e+02
3.900000000000000000e+02
3.810000000000000000e+02
3.860000000000000000e+02
3.840000000000000000e+02
3.870000000000000000e+02
3.830000000000000000e+02
3.890000000000000000e+02
3.820000000000000000e+02
3.820000000000000000e+02
3.820000000000000000e+02
3.770000000000000000e+02
3.700000000000000000e+02
3.790000000000000000e+02
3.800000000000000000e+02
3.720000000000000000e+02
3.840000000000000000e+02
3.770000000000000000e+02
3.710000000000000000e+02
3.780000000000000000e+02
3.720000000000000000e+02
3.520000000000000000e+02
3.500000000000000000e+02
3.530000000000000000e+02
3.490000000000000000e+02
3.470000000000000000e+02
3.530000000000000000e+02
3.450000000000000000e+02
3.340000000000000000e+02
3.390000000000000000e+02
3.160000000000000000e+02
3.000000000000000000e+02
2.930000000000000000e+02
3.000000000000000000e+02
3.080000000000000000e+02
2.840000000000000000e+02
2.790000000000000000e+02
2.680000000000000000e+02
2.630000000000000000e+02
2.760000000000000000e+02
2.660000000000000000e+02
2.510000000000000000e+02
2.500000000000000000e+02
2.510000000000000000e+02
2.710000000000000000e+02
2.870000000000000000e+02
2.840000000000000000e+02
2.750000000000000000e+02
2.770000000000000000e+02
2.660000000000000000e+02
2.600000000000000000e+02
2.700000000000000000e+02
2.710000000000000000e+02
2.760000000000000000e+02
2.780000000000000000e+02
2.830000000000000000e+02
2.850000000000000000e+02
2.890000000000000000e+02
2.880000000000000000e+02
2.830000000000000000e+02
2.820000000000000000e+02
2.800000000000000000e+02
2.840000000000000000e+02
2.760000000000000000e+02
2.700000000000000000e+02
2.670000000000000000e+02
2.670000000000000000e+02
