6.400000000000000000e+01
6.600000000000000000e+01
6.900000000000000000e+01
7.600000000000000000e+01
7.400000000000000000e+01
7.400000000000000000e+01
7.600000000000000000e+01
7.400000000000000000e+01
7.300000000000000000e+01
7.300000000000000000e+01
7.100000000000000000e+01
5.900000000000000000e+01
5.900000000000000000e+01
5.600000000000000000e+01
5.900000000000000000e+01
5.300000000000000000e+01
5.500000000000000000e+01
5.500000000000000000e+01
5.500000000000000000e+01
5.000000000000000000e+01
4.400000000000000000e+01
4.400000000000000000e+01
3.900000000000000000e+01
3.600000000000000000e+01
3.500000000000000000e+01
3.500000000000000000e+01
3.400000000000000000e+01
2.900000000000000000e+01
3.400000000000000000e+01
2.900000000000000000e+01
2.700000000000000000e+01
3.000000000000000000e+01
2.300000000000000000e+01
2.300000000000000000e+01
2.600000000000000000e+01
2.700000000000000000e+01
2.900000000000000000e+01
3.000000000000000000e+01
3.200000000000000000e+01
3.700000000000000000e+01
3.500000000000000000e+01
3.400000000000000000e+01
4.200000000000000000e+01
5.200000000000000000e+01
6.000000000000000000e+01
5.400000000000000000e+01
6.300000000000000000e+01
7.200000000000000000e+01
7.800000000000000000e+01
7.500000000000000000e+01
8.200000000000000000e+01
9.400000000000000000e+01
9.400000000000000000e+01
1.020000000000000000e+02
1.030000000000000000e+02
1.240000000000000000e+02
1.400000000000000000e+02
1.600000000000000000e+02
1.650000000000000000e+02
1.800000000000000000e+02
1.890000000000000000e+02
2.030000000000000000e+02
2.340000000000000000e+02
2.670000000000000000e+02
2.950000000000000000e+02
2.940000000000000000e+02
3.190000000000000000e+02
3.480000000000000000e+02
3.730000000000000000e+02
3.780000000000000000e+02
3.850000000000000000e+02
3.770000000000000000e+02
3.770000000000000000e+02
3.730000000000000000e+02
3.790000000000000000e+02
3.560000000000000000e+02
3.530000000000000000e+02
3.400000000000000000e+02
3.240000000000000000e+02
3.110000000000000000e+02
3.160000000000000000e+02
3.150000000000000000e+02
3.120000000000000000e+02
3.070000000000000000e+02
3.010000000000000000e+02
3.090000000000000000e+02
3.050000000000000000e+02
2.760000000000000000e+02
2.890000000000000000e+02
2.820000000000000000e+02
2.700000000000000000e+02
2.730000000000000000e+02
2.620000000000000000e+02
2.570000000000000000e+02
2.520000000000000000e+02
2.380000000000000000e+02
2.380000000000000000e+02
2.220000000000000000e+02
2.030000000000000000e+02
1.840000000000000000e+02
1.810000000000000000e+02
1.660000000000000000e+02
1.590000000000000000e+02
1.580000000000000000e+02
1.630000000000000000e+02
1.540000000000000000e+02
1.640000000000000000e+02
1.550000000000000000e+02
1.530000000000000000e+02
1.390000000000000000e+02
1.370000000000000000e+02
1.610000000000000000e+02
1.690000000000000000e+02
1.680000000000000000e+02
1.680000000000000000e+02
1.700000000000000000e+02
1.780000000000000000e+02
1.760000000000000000e+02
1.740000000000000000e+02
1.750000000000000000e+02
1.780000000000000000e+02
