8.500000000000000000e+01
8.200000000000000000e+01
8.600000000000000000e+01
8.000000000000000000e+01
7.900000000000000000e+01
9.400000000000000000e+01
9.600000000000000000e+01
1.040000000000000000e+02
1.140000000000000000e+02
1.200000000000000000e+02
1.290000000000000000e+02
1.280000000000000000e+02
1.610000000000000000e+02
1.790000000000000000e+02
1.920000000000000000e+02
2.040000000000000000e+02
2.100000000000000000e+02
2.350000000000000000e+02
2.430000000000000000e+02
2.680000000000000000e+02
2.850000000000000000e+02
2.960000000000000000e+02
3.240000000000000000e+02
3.450000000000000000e+02
3.440000000000000000e+02
3.650000000000000000e+02
3.630000000000000000e+02
3.820000000000000000e+02
3.750000000000000000e+02
3.870000000000000000e+02
3.870000000000000000e+02
3.910000000000000000e+02
4.050000000000000000e+02
4.110000000000000000e+02
4.030000000000000000e+02
4.020000000000000000e+02
4.010000000000000000e+02
3.980000000000000000e+02
4.010000000000000000e+02
3.970000000000000000e+02
3.900000000000000000e+02
4.040000000000000000e+02
3.970000000000000000e+02
4.050000000000000000e+02
4.060000000000000000e+02
4.070000000000000000e+02
4.150000000000000000e+02
4.140000000000000000e+02
3.990000000000000000e+02
3.850000000000000000e+02
4.000000000000000000e+02
3.920000000000000000e+02
3.910000000000000000e+02
3.890000000000000000e+02
3.710000000000000000e+02
3.620000000000000000e+02
3.660000000000000000e+02
3.720000000000000000e+02
3.680000000000000000e+02
3.500000000000000000e+02
3.340000000000000000e+02
3.310000000000000000e+02
3.350000000000000000e+02
3.220000000000000000e+02
3.310000000000000000e+02
3.240000000000000000e+02
3.220000000000000000e+02
3.120000000000000000e+02
3.110000000000000000e+02
3.050000000000000000e+02
3.120000000000000000e+02
3.110000000000000000e+02
3.050000000000000000e+02
2.880000000000000000e+02
2.790000000000000000e+02
2.700000000000000000e+02
2.890000000000000000e+02
2.800000000000000000e+02
2.950000000000000000e+02
3.020000000000000000e+02
2.890000000000000000e+02
2.840000000000000000e+02
2.700000000000000000e+02
2.660000000000000000e+02
2.620000000000000000e+02
2.720000000000000000e+02
2.600000000000000000e+02
2.600000000000000000e+02
2.570000000000000000e+02
2.360000000000000000e+02
2.370000000000000000e+02
2.380000000000000000e+02
2.400000000000000000e+02
2.480000000000000000e+02
2.540000000000000000e+02
2.630000000000000000e+02
2.630000000000000000e+02
2.720000000000000000e+02
2.780000000000000000e+02
2.860000000000000000e+02
2.760000000000000000e+02
2.860000000000000000e+02
2.690000000000000000e+02
2.680000000000000000e+02
2.740000000000000000e+02
2.770000000000000000e+02
2.700000000000000000e+02
2.670000000000000000e+02
2.720000000000000000e+02
2.760000000000000000e+02
2.840000000000000000e+02
2.790000000000000000e+02
2.720000000000000000e+02
2.760000000000000000e+02
2.820000000000000000e+02
2.720000000000000000e+02
2.740000000000000000e+02
2.760000000000000000e+02
2.680000000000000000e+02
2.620000000000000000e+02
2.590000000000000000e+02
2.480000000000000000e+02
