9.300000000000000000e+01
9.900000000000000000e+01
9.700000000000000000e+01
9.200000000000000000e+01
9.300000000000000000e+01
1.000000000000000000e+02
9.800000000000000000e+01
9.100000000000000000e+01
8.400000000000000000e+01
9.000000000000000000e+01
8.700000000000000000e+01
8.300000000000000000e+01
7.600000000000000000e+01
7.700000000000000000e+01
7.400000000000000000e+01
7.200000000000000000e+01
7.100000000000000000e+01
7.100000000000000000e+01
7.300000000000000000e+01
6.900000000000000000e+01
6.600000000000000000e+01
5.900000000000000000e+01
6.100000000000000000e+01
5.800000000000000000e+01
5.000000000000000000e+01
4.100000000000000000e+01
3.600000000000000000e+01
3.500000000000000000e+01
3.700000000000000000e+01
3.700000000000000000e+01
3.500000000000000000e+01
3.100000000000000000e+01
3.000000000000000000e+01
3.500000000000000000e+01
3.800000000000000000e+01
3.800000000000000000e+01
4.500000000000000000e+01
4.500000000000000000e+01
4.200000000000000000e+01
5.100000000000000000e+01
4.800000000000000000e+01
5.300000000000000000e+01
5.900000000000000000e+01
6.300000000000000000e+01
6.000000000000000000e+01
6.200000000000000000e+01
6.500000000000000000e+01
7.400000000000000000e+01
8.900000000000000000e+01
9.200000000000000000e+01
9.800000000000000000e+01
1.060000000000000000e+02
1.180000000000000000e+02
1.230000000000000000e+02
1.400000000000000000e+02
1.590000000000000000e+02
1.750000000000000000e+02
1.930000000000000000e+02
1.980000000000000000e+02
2.070000000000000000e+02
2.110000000000000000e+02
2.220000000000000000e+02
2.390000000000000000e+02
2.560000000000000000e+02
2.690000000000000000e+02
2.930000000000000000e+02
2.960000000000000000e+02
3.160000000000000000e+02
3.180000000000000000e+02
3.190000000000000000e+02
3.400000000000000000e+02
3.360000000000000000e+02
3.230000000000000000e+02
3.160000000000000000e+02
3.240000000000000000e+02
3.210000000000000000e+02
3.030000000000000000e+02
2.860000000000000000e+02
2.640000000000000000e+02
2.660000000000000000e+02
2.730000000000000000e+02
2.690000000000000000e+02
2.530000000000000000e+02
2.660000000000000000e+02
2.700000000000000000e+02
2.580000000000000000e+02
2.460000000000000000e+02
2.370000000000000000e+02
2.330000000000000000e+02
2.270000000000000000e+02
2.250000000000000000e+02
2.170000000000000000e+02
2.140000000000000000e+02
2.060000000000000000e+02
1.850000000000000000e+02
1.710000000000000000e+02
1.860000000000000000e+02
2.040000000000000000e+02
1.920000000000000000e+02
1.740000000000000000e+02
1.760000000000000000e+02
1.930000000000000000e+02
1.990000000000000000e+02
1.990000000000000000e+02
2.010000000000000000e+02
2.280000000000000000e+02
2.380000000000000000e+02
2.320000000000000000e+02
2.230000000000000000e+02
2.230000000000000000e+02
2.220000000000000000e+02
2.120000000000000000e+02
1.950000000000000000e+02
1.840000000000000000e+02
1.730000000000000000e+02
1.620000000000000000e+02
1.420000000000000000e+02
1.290000000000000000e+02
1.330000000000000000e+02
1.410000000000000000e+02
1.250000000000000000e+02
