5.800000000000000000e+01
6.000000000000000000e+01
6.700000000000000000e+01
7.000000000000000000e+01
7.700000000000000000e+01
8.000000000000000000e+01
8.200000000000000000e+01
9.000000000000000000e+01
9.400000000000000000e+01
9.800000000000000000e+01
1.010000000000000000e+02
1.160000000000000000e+02
1.230000000000000000e+02
1.380000000000000000e+02
1.430000000000000000e+02
1.390000000000000000e+02
1.480000000000000000e+02
1.600000000000000000e+02
1.810000000000000000e+02
2.000000000000000000e+02
2.280000000000000000e+02
2.340000000000000000e+02
2.520000000000000000e+02
2.830000000000000000e+02
3.140000000000000000e+02
3.350000000000000000e+02
3.320000000000000000e+02
3.710000000000000000e+02
3.950000000000000000e+02
4.010000000000000000e+02
4.050000000000000000e+02
4.020000000000000000e+02
4.000000000000000000e+02
3.950000000000000000e+02
3.940000000000000000e+02
3.910000000000000000e+02
4.030000000000000000e+02
4.040000000000000000e+02
4.240000000000000000e+02
3.930000000000000000e+02
3.970000000000000000e+02
3.960000000000000000e+02
3.960000000000000000e+02
3.950000000000000000e+02
4.070000000000000000e+02
4.000000000000000000e+02
4.060000000000000000e+02
3.970000000000000000e+02
3.960000000000000000e+02
3.930000000000000000e+02
3.920000000000000000e+02
3.760000000000000000e+02
3.630000000000000000e+02
3.600000000000000000e+02
3.530000000000000000e+02
3.620000000000000000e+02
3.550000000000000000e+02
3.520000000000000000e+02
3.690000000000000000e+02
3.770000000000000000e+02
3.750000000000000000e+02
3.650000000000000000e+02
3.460000000000000000e+02
3.390000000000000000e+02
3.320000000000000000e+02
3.380000000000000000e+02
3.320000000000000000e+02
3.170000000000000000e+02
3.140000000000000000e+02
3.220000000000000000e+02
3.140000000000000000e+02
3.190000000000000000e+02
3.080000000000000000e+02
3.110000000000000000e+02
3.050000000000000000e+02
2.950000000000000000e+02
2.950000000000000000e+02
2.770000000000000000e+02
2.670000000000000000e+02
2.630000000000000000e+02
2.620000000000000000e+02
2.470000000000000000e+02
2.470000000000000000e+02
2.480000000000000000e+02
2.460000000000000000e+02
2.410000000000000000e+02
2.450000000000000000e+02
2.240000000000000000e+02
2.260000000000000000e+02
2.250000000000000000e+02
2.390000000000000000e+02
2.500000000000000000e+02
2.620000000000000000e+02
2.660000000000000000e+02
2.780000000000000000e+02
2.970000000000000000e+02
3.120000000000000000e+02
3.030000000000000000e+02
3.130000000000000000e+02
3.120000000000000000e+02
3.290000000000000000e+02
3.310000000000000000e+02
3.290000000000000000e+02
3.110000000000000000e+02
3.110000000000000000e+02
3.100000000000000000e+02
3.080000000000000000e+02
2.940000000000000000e+02
2.740000000000000000e+02
2.750000000000000000e+02
2.810000000000000000e+02
2.990000000000000000e+02
2.900000000000000000e+02
2.860000000000000000e+02
2.830000000000000000e+02
2.960000000000000000e+02
2.800000000000000000e+02
2.690000000000000000e+02
2.660000000000000000e+02
2.550000000000000000e+02
2.590000000000000000e+02
2.570000000000000000e+02
