7.700000000000000000e+01
8.300000000000000000e+01
8.500000000000000000e+01
8.100000000000000000e+01
9.300000000000000000e+01
1.050000000000000000e+02
1.030000000000000000e+02
1.000000000000000000e+02
9.400000000000000000e+01
9.500000000000000000e+01
1.090000000000000000e+02
1.160000000000000000e+02
1.300000000000000000e+02
1.430000000000000000e+02
1.590000000000000000e+02
1.720000000000000000e+02
1.960000000000000000e+02
2.230000000000000000e+02
2.420000000000000000e+02
2.670000000000000000e+02
2.940000000000000000e+02
3.200000000000000000e+02
3.420000000000000000e+02
3.430000000000000000e+02
3.590000000000000000e+02
3.710000000000000000e+02
3.870000000000000000e+02
3.910000000000000000e+02
3.950000000000000000e+02
4.180000000000000000e+02
4.110000000000000000e+02
4.040000000000000000e+02
4.030000000000000000e+02
3.970000000000000000e+02
3.960000000000000000e+02
4.000000000000000000e+02
4.080000000000000000e+02
4.090000000000000000e+02
4.100000000000000000e+02
4.210000000000000000e+02
4.130000000000000000e+02
4.220000000000000000e+02
4.150000000000000000e+02
4.140000000000000000e+02
4.120000000000000000e+02
4.190000000000000000e+02
4.200000000000000000e+02
4.190000000000000000e+02
3.970000000000000000e+02
3.980000000000000000e+02
3.950000000000000000e+02
3.750000000000000000e+02
3.920000000000000000e+02
3.830000000000000000e+02
3.800000000000000000e+02
3.610000000000000000e+02
3.440000000000000000e+02
3.290000000000000000e+02
3.250000000000000000e+02
3.140000000000000000e+02
3.000000000000000000e+02
2.970000000000000000e+02
3.010000000000000000e+02
2.990000000000000000e+02
2.950000000000000000e+02
3.050000000000000000e+02
3.140000000000000000e+02
3.160000000000000000e+02
3.240000000000000000e+02
3.330000000000000000e+02
3.210000000000000000e+02
3.010000000000000000e+02
2.910000000000000000e+02
2.840000000000000000e+02
2.840000000000000000e+02
2.810000000000000000e+02
2.820000000000000000e+02
2.750000000000000000e+02
2.650000000000000000e+02
2.600000000000000000e+02
2.440000000000000000e+02
2.520000000000000000e+02
2.540000000000000000e+02
2.420000000000000000e+02
2.400000000000000000e+02
2.410000000000000000e+02
2.410000000000000000e+02
2.380000000000000000e+02
2.520000000000000000e+02
2.630000000000000000e+02
2.740000000000000000e+02
2.680000000000000000e+02
2.880000000000000000e+02
3.060000000000000000e+02
3.090000000000000000e+02
3.180000000000000000e+02
3.270000000000000000e+02
3.550000000000000000e+02
3.470000000000000000e+02
3.560000000000000000e+02
3.560000000000000000e+02
3.540000000000000000e+02
3.670000000000000000e+02
3.630000000000000000e+02
3.640000000000000000e+02
3.420000000000000000e+02
3.290000000000000000e+02
3.210000000000000000e+02
3.190000000000000000e+02
3.080000000000000000e+02
3.140000000000000000e+02
3.200000000000000000e+02
3.130000000000000000e+02
3.180000000000000000e+02
3.040000000000000000e+02
3.060000000000000000e+02
2.990000000000000000e+02
2.830000000000000000e+02
2.670000000000000000e+02
2.610000000000000000e+02
2.620000000000000000e+02
2.670000000000000000e+02
