8.600000000000000000e+01
8.600000000000000000e+01
8.900000000000000000e+01
9.400000000000000000e+01
9.400000000000000000e+01
8.900000000000000000e+01
8.400000000000000000e+01
8.800000000000000000e+01
8.500000000000000000e+01
8.500000000000000000e+01
8.200000000000000000e+01
8.400000000000000000e+01
8.100000000000000000e+01
7.900000000000000000e+01
8.700000000000000000e+01
8.300000000000000000e+01
8.500000000000000000e+01
8.200000000000000000e+01
8.500000000000000000e+01
8.000000000000000000e+01
8.900000000000000000e+01
9.000000000000000000e+01
8.800000000000000000e+01
8.400000000000000000e+01
8.100000000000000000e+01
7.600000000000000000e+01
7.500000000000000000e+01
7.700000000000000000e+01
6.900000000000000000e+01
7.600000000000000000e+01
8.400000000000000000e+01
8.200000000000000000e+01
8.400000000000000000e+01
8.700000000000000000e+01
8.300000000000000000e+01
8.500000000000000000e+01
8.800000000000000000e+01
9.100000000000000000e+01
9.500000000000000000e+01
9.700000000000000000e+01
1.130000000000000000e+02
1.190000000000000000e+02
1.280000000000000000e+02
1.420000000000000000e+02
1.500000000000000000e+02
1.710000000000000000e+02
1.740000000000000000e+02
1.900000000000000000e+02
1.930000000000000000e+02
2.160000000000000000e+02
2.200000000000000000e+02
2.310000000000000000e+02
2.500000000000000000e+02
2.560000000000000000e+02
2.560000000000000000e+02
2.720000000000000000e+02
2.870000000000000000e+02
2.910000000000000000e+02
2.870000000000000000e+02
2.850000000000000000e+02
2.730000000000000000e+02
2.680000000000000000e+02
2.680000000000000000e+02
2.620000000000000000e+02
2.520000000000000000e+02
2.340000000000000000e+02
2.270000000000000000e+02
2.270000000000000000e+02
2.290000000000000000e+02
2.350000000000000000e+02
2.410000000000000000e+02
2.400000000000000000e+02
2.370000000000000000e+02
2.310000000000000000e+02
2.310000000000000000e+02
2.270000000000000000e+02
2.130000000000000000e+02
2.150000000000000000e+02
2.250000000000000000e+02
2.200000000000000000e+02
1.990000000000000000e+02
1.920000000000000000e+02
1.980000000000000000e+02
1.850000000000000000e+02
1.870000000000000000e+02
1.990000000000000000e+02
1.930000000000000000e+02
1.900000000000000000e+02
1.920000000000000000e+02
1.960000000000000000e+02
2.120000000000000000e+02
2.270000000000000000e+02
2.210000000000000000e+02
2.320000000000000000e+02
2.590000000000000000e+02
2.640000000000000000e+02
2.560000000000000000e+02
2.580000000000000000e+02
2.630000000000000000e+02
2.560000000000000000e+02
2.340000000000000000e+02
2.250000000000000000e+02
2.250000000000000000e+02
2.230000000000000000e+02
2.110000000000000000e+02
2.110000000000000000e+02
2.060000000000000000e+02
1.900000000000000000e+02
1.730000000000000000e+02
1.830000000000000000e+02
1.890000000000000000e+02
1.910000000000000000e+02
1.780000000000000000e+02
1.770000000000000000e+02
1.720000000000000000e+02
1.670000000000000000e+02
1.740000000000000000e+02
1.700000000000000000e+02
1.700000000000000000e+02
1.660000000000000000e+02
1.510000000000000000e+02
