1.250000000000000000e+02
1.300000000000000000e+02
1.320000000000000000e+02
1.380000000000000000e+02
1.490000000000000000e+02
1.640000000000000000e+02
1.670000000000000000e+02
1.890000000000000000e+02
2.000000000000000000e+02
2.010000000000000000e+02
2.130000000000000000e+02
2.340000000000000000e+02
2.490000000000000000e+02
2.760000000000000000e+02
3.000000000000000000e+02
3.020000000000000000e+02
3.350000000000000000e+02
3.440000000000000000e+02
3.750000000000000000e+02
3.900000000000000000e+02
4.060000000000000000e+02
3.940000000000000000e+02
4.050000000000000000e+02
3.920000000000000000e+02
4.010000000000000000e+02
4.030000000000000000e+02
4.140000000000000000e+02
4.230000000000000000e+02
4.140000000000000000e+02
4.130000000000000000e+02
4.150000000000000000e+02
4.000000000000000000e+02
4.230000000000000000e+02
4.290000000000000000e+02
4.290000000000000000e+02
4.340000000000000000e+02
4.380000000000000000e+02
4.350000000000000000e+02
4.130000000000000000e+02
4.110000000000000000e+02
4.130000000000000000e+02
4.090000000000000000e+02
4.050000000000000000e+02
3.960000000000000000e+02
4.030000000000000000e+02
4.060000000000000000e+02
4.070000000000000000e+02
4.010000000000000000e+02
4.020000000000000000e+02
3.900000000000000000e+02
3.760000000000000000e+02
3.690000000000000000e+02
3.540000000000000000e+02
3.500000000000000000e+02
3.310000000000000000e+02
3.160000000000000000e+02
3.140000000000000000e+02
3.100000000000000000e+02
2.990000000000000000e+02
2.760000000000000000e+02
2.720000000000000000e+02
2.650000000000000000e+02
2.450000000000000000e+02
2.510000000000000000e+02
2.630000000000000000e+02
2.730000000000000000e+02
2.760000000000000000e+02
2.780000000000000000e+02
2.890000000000000000e+02
2.890000000000000000e+02
3.040000000000000000e+02
3.230000000000000000e+02
3.270000000000000000e+02
3.190000000000000000e+02
3.250000000000000000e+02
3.330000000000000000e+02
3.240000000000000000e+02
3.170000000000000000e+02
3.100000000000000000e+02
2.930000000000000000e+02
2.970000000000000000e+02
3.030000000000000000e+02
2.960000000000000000e+02
2.930000000000000000e+02
2.860000000000000000e+02
2.720000000000000000e+02
2.640000000000000000e+02
2.570000000000000000e+02
2.540000000000000000e+02
2.460000000000000000e+02
2.360000000000000000e+02
2.430000000000000000e+02
2.430000000000000000e+02
2.420000000000000000e+02
2.340000000000000000e+02
2.520000000000000000e+02
2.440000000000000000e+02
2.360000000000000000e+02
2.230000000000000000e+02
2.300000000000000000e+02
2.240000000000000000e+02
2.270000000000000000e+02
2.280000000000000000e+02
2.230000000000000000e+02
2.330000000000000000e+02
2.500000000000000000e+02
2.670000000000000000e+02
2.640000000000000000e+02
2.600000000000000000e+02
2.690000000000000000e+02
2.790000000000000000e+02
2.870000000000000000e+02
2.970000000000000000e+02
3.020000000000000000e+02
2.990000000000000000e+02
2.930000000000000000e+02
2.930000000000000000e+02
2.880000000000000000e+02
2.790000000000000000e+02
2.640000000000000000e+02
2.530000000000000000e+02
2.510000000000000000e+02
2.370000000000000000e+02
