1.050000000000000000e+02
9.700000000000000000e+01
9.400000000000000000e+01
9.500000000000000000e+01
9.600000000000000000e+01
1.060000000000000000e+02
1.090000000000000000e+02
1.090000000000000000e+02
1.130000000000000000e+02
1.240000000000000000e+02
1.240000000000000000e+02
1.230000000000000000e+02
1.220000000000000000e+02
1.150000000000000000e+02
1.110000000000000000e+02
1.090000000000000000e+02
1.030000000000000000e+02
1.030000000000000000e+02
1.020000000000000000e+02
9.200000000000000000e+01
8.500000000000000000e+01
8.400000000000000000e+01
7.500000000000000000e+01
8.000000000000000000e+01
7.900000000000000000e+01
7.700000000000000000e+01
8.100000000000000000e+01
8.000000000000000000e+01
8.400000000000000000e+01
8.500000000000000000e+01
9.300000000000000000e+01
9.200000000000000000e+01
8.900000000000000000e+01
9.400000000000000000e+01
1.020000000000000000e+02
1.140000000000000000e+02
1.160000000000000000e+02
1.200000000000000000e+02
1.220000000000000000e+02
1.430000000000000000e+02
1.550000000000000000e+02
1.600000000000000000e+02
1.720000000000000000e+02
1.750000000000000000e+02
1.770000000000000000e+02
1.870000000000000000e+02
2.050000000000000000e+02
2.280000000000000000e+02
2.310000000000000000e+02
2.490000000000000000e+02
2.730000000000000000e+02
2.620000000000000000e+02
2.500000000000000000e+02
2.640000000000000000e+02
2.650000000000000000e+02
2.730000000000000000e+02
2.790000000000000000e+02
2.590000000000000000e+02
2.540000000000000000e+02
2.420000000000000000e+02
2.510000000000000000e+02
2.630000000000000000e+02
2.540000000000000000e+02
2.620000000000000000e+02
2.470000000000000000e+02
2.380000000000000000e+02
2.350000000000000000e+02
2.300000000000000000e+02
2.180000000000000000e+02
2.220000000000000000e+02
2.160000000000000000e+02
2.190000000000000000e+02
2.100000000000000000e+02
2.010000000000000000e+02
1.930000000000000000e+02
1.860000000000000000e+02
1.860000000000000000e+02
1.910000000000000000e+02
1.880000000000000000e+02
1.880000000000000000e+02
1.910000000000000000e+02
2.010000000000000000e+02
1.990000000000000000e+02
2.010000000000000000e+02
2.070000000000000000e+02
2.130000000000000000e+02
2.150000000000000000e+02
2.160000000000000000e+02
2.220000000000000000e+02
2.210000000000000000e+02
2.270000000000000000e+02
2.180000000000000000e+02
2.190000000000000000e+02
2.170000000000000000e+02
2.220000000000000000e+02
2.160000000000000000e+02
2.060000000000000000e+02
1.920000000000000000e+02
1.790000000000000000e+02
1.760000000000000000e+02
1.740000000000000000e+02
1.770000000000000000e+02
1.800000000000000000e+02
1.790000000000000000e+02
1.720000000000000000e+02
1.720000000000000000e+02
1.690000000000000000e+02
1.590000000000000000e+02
1.610000000000000000e+02
1.460000000000000000e+02
1.540000000000000000e+02
1.460000000000000000e+02
1.470000000000000000e+02
1.420000000000000000e+02
1.370000000000000000e+02
1.370000000000000000e+02
1.390000000000000000e+02
1.370000000000000000e+02
1.320000000000000000e+02
1.370000000000000000e+02
1.450000000000000000e+02
