4.800000000000000000e+01
4.900000000000000000e+01
5.200000000000000000e+01
5.400000000000000000e+01
5.300000000000000000e+01
5.600000000000000000e+01
5.800000000000000000e+01
6.000000000000000000e+01
6.500000000000000000e+01
7.600000000000000000e+01
7.800000000000000000e+01
9.600000000000000000e+01
1.040000000000000000e+02
1.050000000000000000e+02
1.010000000000000000e+02
1.120000000000000000e+02
1.140000000000000000e+02
1.170000000000000000e+02
1.260000000000000000e+02
1.330000000000000000e+02
1.360000000000000000e+02
1.370000000000000000e+02
1.470000000000000000e+02
1.610000000000000000e+02
1.580000000000000000e+02
1.600000000000000000e+02
1.610000000000000000e+02
1.680000000000000000e+02
1.660000000000000000e+02
1.730000000000000000e+02
1.790000000000000000e+02
1.900000000000000000e+02
1.830000000000000000e+02
1.840000000000000000e+02
1.860000000000000000e+02
1.880000000000000000e+02
1.840000000000000000e+02
1.870000000000000000e+02
1.820000000000000000e+02
1.800000000000000000e+02
1.770000000000000000e+02
1.780000000000000000e+02
1.850000000000000000e+02
1.830000000000000000e+02
1.770000000000000000e+02
1.750000000000000000e+02
1.700000000000000000e+02
1.650000000000000000e+02
1.570000000000000000e+02
1.640000000000000000e+02
1.640000000000000000e+02
1.620000000000000000e+02
1.580000000000000000e+02
1.560000000000000000e+02
1.610000000000000000e+02
1.600000000000000000e+02
1.590000000000000000e+02
1.590000000000000000e+02
1.540000000000000000e+02
1.530000000000000000e+02
1.490000000000000000e+02
1.470000000000000000e+02
1.480000000000000000e+02
1.440000000000000000e+02
1.430000000000000000e+02
1.390000000000000000e+02
1.370000000000000000e+02
1.320000000000000000e+02
1.330000000000000000e+02
1.350000000000000000e+02
1.330000000000000000e+02
1.340000000000000000e+02
1.330000000000000000e+02
1.300000000000000000e+02
1.300000000000000000e+02
1.240000000000000000e+02
1.240000000000000000e+02
1.130000000000000000e+02
1.050000000000000000e+02
1.120000000000000000e+02
1.070000000000000000e+02
1.040000000000000000e+02
1.000000000000000000e+02
1.040000000000000000e+02
1.050000000000000000e+02
1.000000000000000000e+02
1.050000000000000000e+02
1.040000000000000000e+02
1.050000000000000000e+02
1.090000000000000000e+02
1.140000000000000000e+02
1.140000000000000000e+02
1.190000000000000000e+02
1.230000000000000000e+02
1.260000000000000000e+02
1.210000000000000000e+02
1.190000000000000000e+02
1.180000000000000000e+02
1.150000000000000000e+02
1.110000000000000000e+02
1.080000000000000000e+02
1.150000000000000000e+02
1.150000000000000000e+02
1.100000000000000000e+02
1.070000000000000000e+02
1.040000000000000000e+02
1.040000000000000000e+02
1.050000000000000000e+02
9.800000000000000000e+01
9.900000000000000000e+01
9.900000000000000000e+01
9.800000000000000000e+01
1.000000000000000000e+02
9.500000000000000000e+01
8.900000000000000000e+01
8.500000000000000000e+01
8.000000000000000000e+01
8.300000000000000000e+01
8.600000000000000000e+01
8.800000000000000000e+01
8.500000000000000000e+01
8.300000000000000000e+01
7.800000000000000000e+01
