1.020000000000000000e+02
1.040000000000000000e+02
9.900000000000000000e+01
1.060000000000000000e+02
1.140000000000000000e+02
1.160000000000000000e+02
1.200000000000000000e+02
1.210000000000000000e+02
1.410000000000000000e+02
1.530000000000000000e+02
1.680000000000000000e+02
1.800000000000000000e+02
2.180000000000000000e+02
2.380000000000000000e+02
2.720000000000000000e+02
3.090000000000000000e+02
3.440000000000000000e+02
3.640000000000000000e+02
3.820000000000000000e+02
4.050000000000000000e+02
4.240000000000000000e+02
4.130000000000000000e+02
4.220000000000000000e+02
4.440000000000000000e+02
4.460000000000000000e+02
4.490000000000000000e+02
4.430000000000000000e+02
4.470000000000000000e+02
4.520000000000000000e+02
4.530000000000000000e+02
4.630000000000000000e+02
4.940000000000000000e+02
4.840000000000000000e+02
4.720000000000000000e+02
4.810000000000000000e+02
4.980000000000000000e+02
4.950000000000000000e+02
4.880000000000000000e+02
4.700000000000000000e+02
4.720000000000000000e+02
4.750000000000000000e+02
4.500000000000000000e+02
4.620000000000000000e+02
4.590000000000000000e+02
4.620000000000000000e+02
4.470000000000000000e+02
4.370000000000000000e+02
4.250000000000000000e+02
4.120000000000000000e+02
4.070000000000000000e+02
4.090000000000000000e+02
4.190000000000000000e+02
4.270000000000000000e+02
4.050000000000000000e+02
4.000000000000000000e+02
3.910000000000000000e+02
3.870000000000000000e+02
3.740000000000000000e+02
3.610000000000000000e+02
3.560000000000000000e+02
3.590000000000000000e+02
3.620000000000000000e+02
3.460000000000000000e+02
3.450000000000000000e+02
3.420000000000000000e+02
3.360000000000000000e+02
3.220000000000000000e+02
3.330000000000000000e+02
3.310000000000000000e+02
3.300000000000000000e+02
3.250000000000000000e+02
3.110000000000000000e+02
2.940000000000000000e+02
2.940000000000000000e+02
2.900000000000000000e+02
2.830000000000000000e+02
2.730000000000000000e+02
2.750000000000000000e+02
2.660000000000000000e+02
2.670000000000000000e+02
2.620000000000000000e+02
2.610000000000000000e+02
2.650000000000000000e+02
2.550000000000000000e+02
2.500000000000000000e+02
2.440000000000000000e+02
2.570000000000000000e+02
2.580000000000000000e+02
2.580000000000000000e+02
2.660000000000000000e+02
2.730000000000000000e+02
2.880000000000000000e+02
2.920000000000000000e+02
2.910000000000000000e+02
2.750000000000000000e+02
2.740000000000000000e+02
2.660000000000000000e+02
2.760000000000000000e+02
2.810000000000000000e+02
2.720000000000000000e+02
2.860000000000000000e+02
2.990000000000000000e+02
2.890000000000000000e+02
3.040000000000000000e+02
2.980000000000000000e+02
2.750000000000000000e+02
2.700000000000000000e+02
2.590000000000000000e+02
2.650000000000000000e+02
2.550000000000000000e+02
2.470000000000000000e+02
2.390000000000000000e+02
2.310000000000000000e+02
2.450000000000000000e+02
2.530000000000000000e+02
2.590000000000000000e+02
2.560000000000000000e+02
2.740000000000000000e+02
2.960000000000000000e+02
2.930000000000000000e+02
2.960000000000000000e+02
3.110000000000000000e+02
