6.500000000000000000e+01
6.600000000000000000e+01
6.400000000000000000e+01
5.800000000000000000e+01
5.700000000000000000e+01
5.600000000000000000e+01
6.000000000000000000e+01
6.000000000000000000e+01
5.900000000000000000e+01
5.200000000000000000e+01
5.400000000000000000e+01
5.400000000000000000e+01
5.400000000000000000e+01
5.500000000000000000e+01
5.700000000000000000e+01
5.900000000000000000e+01
5.000000000000000000e+01
4.500000000000000000e+01
4.200000000000000000e+01
3.100000000000000000e+01
3.400000000000000000e+01
3.600000000000000000e+01
3.900000000000000000e+01
3.500000000000000000e+01
3.000000000000000000e+01
3.000000000000000000e+01
2.700000000000000000e+01
2.600000000000000000e+01
2.500000000000000000e+01
2.200000000000000000e+01
2.300000000000000000e+01
2.400000000000000000e+01
2.100000000000000000e+01
2.200000000000000000e+01
2.700000000000000000e+01
2.700000000000000000e+01
3.000000000000000000e+01
2.800000000000000000e+01
2.900000000000000000e+01
2.400000000000000000e+01
2.500000000000000000e+01
2.300000000000000000e+01
2.500000000000000000e+01
2.500000000000000000e+01
2.700000000000000000e+01
3.100000000000000000e+01
3.700000000000000000e+01
3.400000000000000000e+01
3.600000000000000000e+01
4.400000000000000000e+01
5.700000000000000000e+01
5.700000000000000000e+01
6.600000000000000000e+01
7.300000000000000000e+01
7.600000000000000000e+01
9.300000000000000000e+01
9.800000000000000000e+01
1.060000000000000000e+02
1.140000000000000000e+02
1.180000000000000000e+02
1.270000000000000000e+02
1.350000000000000000e+02
1.570000000000000000e+02
1.690000000000000000e+02
1.960000000000000000e+02
2.260000000000000000e+02
2.340000000000000000e+02
2.480000000000000000e+02
2.750000000000000000e+02
2.900000000000000000e+02
3.170000000000000000e+02
3.280000000000000000e+02
3.410000000000000000e+02
3.420000000000000000e+02
3.430000000000000000e+02
3.430000000000000000e+02
3.320000000000000000e+02
3.440000000000000000e+02
3.480000000000000000e+02
3.500000000000000000e+02
3.450000000000000000e+02
3.420000000000000000e+02
3.320000000000000000e+02
3.460000000000000000e+02
3.350000000000000000e+02
3.290000000000000000e+02
3.140000000000000000e+02
3.120000000000000000e+02
2.990000000000000000e+02
2.880000000000000000e+02
2.800000000000000000e+02
2.690000000000000000e+02
2.630000000000000000e+02
2.460000000000000000e+02
2.320000000000000000e+02
2.310000000000000000e+02
2.210000000000000000e+02
2.120000000000000000e+02
2.140000000000000000e+02
2.100000000000000000e+02
1.930000000000000000e+02
1.840000000000000000e+02
1.810000000000000000e+02
1.800000000000000000e+02
1.780000000000000000e+02
1.830000000000000000e+02
1.880000000000000000e+02
1.800000000000000000e+02
1.790000000000000000e+02
1.720000000000000000e+02
1.750000000000000000e+02
1.700000000000000000e+02
1.800000000000000000e+02
1.810000000000000000e+02
1.760000000000000000e+02
1.640000000000000000e+02
1.520000000000000000e+02
1.520000000000000000e+02
1.470000000000000000e+02
1.500000000000000000e+02
1.510000000000000000e+02
