7.300000000000000000e+01
7.900000000000000000e+01
8.900000000000000000e+01
8.400000000000000000e+01
8.600000000000000000e+01
9.400000000000000000e+01
9.300000000000000000e+01
9.700000000000000000e+01
1.060000000000000000e+02
1.110000000000000000e+02
1.190000000000000000e+02
1.360000000000000000e+02
1.490000000000000000e+02
1.590000000000000000e+02
1.710000000000000000e+02
1.900000000000000000e+02
2.190000000000000000e+02
2.450000000000000000e+02
2.820000000000000000e+02
3.010000000000000000e+02
3.310000000000000000e+02
3.670000000000000000e+02
3.810000000000000000e+02
4.060000000000000000e+02
4.130000000000000000e+02
4.320000000000000000e+02
4.370000000000000000e+02
4.380000000000000000e+02
4.570000000000000000e+02
4.650000000000000000e+02
4.880000000000000000e+02
4.870000000000000000e+02
4.770000000000000000e+02
4.720000000000000000e+02
4.830000000000000000e+02
4.750000000000000000e+02
4.480000000000000000e+02
4.430000000000000000e+02
4.340000000000000000e+02
4.220000000000000000e+02
4.060000000000000000e+02
3.870000000000000000e+02
3.860000000000000000e+02
3.950000000000000000e+02
4.040000000000000000e+02
4.100000000000000000e+02
4.240000000000000000e+02
4.130000000000000000e+02
4.020000000000000000e+02
3.890000000000000000e+02
3.890000000000000000e+02
4.070000000000000000e+02
3.980000000000000000e+02
3.910000000000000000e+02
3.740000000000000000e+02
3.620000000000000000e+02
3.610000000000000000e+02
3.530000000000000000e+02
3.310000000000000000e+02
3.370000000000000000e+02
3.250000000000000000e+02
3.300000000000000000e+02
3.160000000000000000e+02
3.200000000000000000e+02
3.060000000000000000e+02
3.090000000000000000e+02
3.060000000000000000e+02
2.810000000000000000e+02
2.810000000000000000e+02
2.800000000000000000e+02
2.770000000000000000e+02
2.660000000000000000e+02
2.780000000000000000e+02
2.700000000000000000e+02
2.710000000000000000e+02
2.490000000000000000e+02
2.540000000000000000e+02
2.510000000000000000e+02
2.410000000000000000e+02
2.490000000000000000e+02
2.470000000000000000e+02
2.490000000000000000e+02
2.620000000000000000e+02
2.740000000000000000e+02
2.890000000000000000e+02
3.030000000000000000e+02
3.120000000000000000e+02
3.200000000000000000e+02
3.260000000000000000e+02
3.420000000000000000e+02
3.660000000000000000e+02
3.610000000000000000e+02
3.630000000000000000e+02
3.650000000000000000e+02
3.870000000000000000e+02
3.760000000000000000e+02
3.590000000000000000e+02
3.690000000000000000e+02
3.460000000000000000e+02
3.360000000000000000e+02
3.390000000000000000e+02
3.400000000000000000e+02
3.490000000000000000e+02
3.370000000000000000e+02
3.200000000000000000e+02
3.210000000000000000e+02
3.270000000000000000e+02
3.280000000000000000e+02
3.280000000000000000e+02
3.060000000000000000e+02
2.900000000000000000e+02
2.920000000000000000e+02
2.880000000000000000e+02
2.810000000000000000e+02
2.780000000000000000e+02
2.780000000000000000e+02
2.740000000000000000e+02
2.750000000000000000e+02
2.570000000000000000e+02
2.430000000000000000e+02
2.390000000000000000e+02
2.570000000000000000e+02
