9.400000000000000000e+01
8.700000000000000000e+01
9.000000000000000000e+01
9.300000000000000000e+01
9.400000000000000000e+01
8.600000000000000000e+01
8.800000000000000000e+01
9.200000000000000000e+01
1.040000000000000000e+02
1.200000000000000000e+02
1.260000000000000000e+02
1.320000000000000000e+02
1.540000000000000000e+02
1.650000000000000000e+02
1.820000000000000000e+02
1.940000000000000000e+02
2.030000000000000000e+02
2.220000000000000000e+02
2.540000000000000000e+02
2.770000000000000000e+02
2.900000000000000000e+02
3.130000000000000000e+02
3.360000000000000000e+02
3.530000000000000000e+02
3.590000000000000000e+02
3.730000000000000000e+02
3.880000000000000000e+02
4.000000000000000000e+02
4.030000000000000000e+02
4.190000000000000000e+02
4.300000000000000000e+02
4.140000000000000000e+02
4.300000000000000000e+02
4.280000000000000000e+02
4.290000000000000000e+02
4.270000000000000000e+02
4.280000000000000000e+02
4.080000000000000000e+02
3.830000000000000000e+02
3.930000000000000000e+02
3.900000000000000000e+02
3.860000000000000000e+02
3.740000000000000000e+02
3.730000000000000000e+02
3.610000000000000000e+02
3.570000000000000000e+02
3.820000000000000000e+02
3.700000000000000000e+02
3.680000000000000000e+02
3.690000000000000000e+02
3.650000000000000000e+02
3.880000000000000000e+02
3.800000000000000000e+02
3.860000000000000000e+02
3.790000000000000000e+02
3.800000000000000000e+02
3.800000000000000000e+02
3.720000000000000000e+02
3.760000000000000000e+02
3.750000000000000000e+02
3.610000000000000000e+02
3.780000000000000000e+02
3.700000000000000000e+02
3.580000000000000000e+02
3.290000000000000000e+02
3.330000000000000000e+02
3.340000000000000000e+02
3.320000000000000000e+02
3.220000000000000000e+02
3.210000000000000000e+02
3.140000000000000000e+02
3.240000000000000000e+02
2.980000000000000000e+02
3.020000000000000000e+02
2.940000000000000000e+02
2.900000000000000000e+02
2.850000000000000000e+02
2.760000000000000000e+02
2.890000000000000000e+02
2.770000000000000000e+02
2.750000000000000000e+02
2.790000000000000000e+02
2.810000000000000000e+02
2.780000000000000000e+02
2.840000000000000000e+02
2.790000000000000000e+02
2.720000000000000000e+02
2.730000000000000000e+02
2.690000000000000000e+02
2.500000000000000000e+02
2.330000000000000000e+02
2.270000000000000000e+02
2.220000000000000000e+02
2.210000000000000000e+02
2.290000000000000000e+02
2.280000000000000000e+02
2.300000000000000000e+02
2.290000000000000000e+02
2.410000000000000000e+02
2.590000000000000000e+02
2.770000000000000000e+02
2.870000000000000000e+02
2.970000000000000000e+02
3.000000000000000000e+02
2.990000000000000000e+02
3.150000000000000000e+02
3.230000000000000000e+02
3.290000000000000000e+02
3.250000000000000000e+02
3.230000000000000000e+02
3.200000000000000000e+02
3.210000000000000000e+02
3.140000000000000000e+02
3.020000000000000000e+02
3.140000000000000000e+02
3.130000000000000000e+02
3.120000000000000000e+02
3.120000000000000000e+02
3.150000000000000000e+02
3.220000000000000000e+02
3.160000000000000000e+02
3.100000000000000000e+02
