5.900000000000000000e+01
6.000000000000000000e+01
5.900000000000000000e+01
5.400000000000000000e+01
5.700000000000000000e+01
5.000000000000000000e+01
5.100000000000000000e+01
5.400000000000000000e+01
6.000000000000000000e+01
5.600000000000000000e+01
5.100000000000000000e+01
5.100000000000000000e+01
5.300000000000000000e+01
5.000000000000000000e+01
5.000000000000000000e+01
5.000000000000000000e+01
4.700000000000000000e+01
4.300000000000000000e+01
3.700000000000000000e+01
3.700000000000000000e+01
3.700000000000000000e+01
3.400000000000000000e+01
3.400000000000000000e+01
3.300000000000000000e+01
2.800000000000000000e+01
2.500000000000000000e+01
2.900000000000000000e+01
2.700000000000000000e+01
2.600000000000000000e+01
2.600000000000000000e+01
2.400000000000000000e+01
2.700000000000000000e+01
2.500000000000000000e+01
2.600000000000000000e+01
2.900000000000000000e+01
2.900000000000000000e+01
2.800000000000000000e+01
3.100000000000000000e+01
3.300000000000000000e+01
3.700000000000000000e+01
4.200000000000000000e+01
3.900000000000000000e+01
4.100000000000000000e+01
4.200000000000000000e+01
4.200000000000000000e+01
4.100000000000000000e+01
4.200000000000000000e+01
4.600000000000000000e+01
5.400000000000000000e+01
6.500000000000000000e+01
6.800000000000000000e+01
7.700000000000000000e+01
9.000000000000000000e+01
9.200000000000000000e+01
9.100000000000000000e+01
9.600000000000000000e+01
1.050000000000000000e+02
1.100000000000000000e+02
1.090000000000000000e+02
1.150000000000000000e+02
1.300000000000000000e+02
1.410000000000000000e+02
1.550000000000000000e+02
1.780000000000000000e+02
2.010000000000000000e+02
2.210000000000000000e+02
2.400000000000000000e+02
2.640000000000000000e+02
2.770000000000000000e+02
2.920000000000000000e+02
3.010000000000000000e+02
3.060000000000000000e+02
3.220000000000000000e+02
3.250000000000000000e+02
3.440000000000000000e+02
3.530000000000000000e+02
3.460000000000000000e+02
3.500000000000000000e+02
3.460000000000000000e+02
3.330000000000000000e+02
3.160000000000000000e+02
3.140000000000000000e+02
3.230000000000000000e+02
3.090000000000000000e+02
3.050000000000000000e+02
3.210000000000000000e+02
3.250000000000000000e+02
3.270000000000000000e+02
3.230000000000000000e+02
3.110000000000000000e+02
3.230000000000000000e+02
3.160000000000000000e+02
3.070000000000000000e+02
2.850000000000000000e+02
2.760000000000000000e+02
2.610000000000000000e+02
2.750000000000000000e+02
2.710000000000000000e+02
2.530000000000000000e+02
2.250000000000000000e+02
2.250000000000000000e+02
2.150000000000000000e+02
1.990000000000000000e+02
1.880000000000000000e+02
1.920000000000000000e+02
1.830000000000000000e+02
1.780000000000000000e+02
1.630000000000000000e+02
1.430000000000000000e+02
1.410000000000000000e+02
1.470000000000000000e+02
1.530000000000000000e+02
1.630000000000000000e+02
1.560000000000000000e+02
1.530000000000000000e+02
1.600000000000000000e+02
1.720000000000000000e+02
1.670000000000000000e+02
1.660000000000000000e+02
1.660000000000000000e+02
1.620000000000000000e+02
