7.500000000000000000e+01
6.900000000000000000e+01
7.800000000000000000e+01
8.600000000000000000e+01
8.600000000000000000e+01
9.600000000000000000e+01
9.800000000000000000e+01
1.020000000000000000e+02
1.130000000000000000e+02
1.120000000000000000e+02
1.130000000000000000e+02
1.250000000000000000e+02
1.440000000000000000e+02
1.470000000000000000e+02
1.620000000000000000e+02
1.830000000000000000e+02
2.110000000000000000e+02
2.290000000000000000e+02
2.500000000000000000e+02
2.670000000000000000e+02
3.040000000000000000e+02
3.170000000000000000e+02
3.330000000000000000e+02
3.570000000000000000e+02
3.580000000000000000e+02
3.760000000000000000e+02
3.880000000000000000e+02
3.960000000000000000e+02
3.900000000000000000e+02
3.930000000000000000e+02
4.140000000000000000e+02
4.300000000000000000e+02
4.330000000000000000e+02
4.510000000000000000e+02
4.290000000000000000e+02
4.520000000000000000e+02
4.530000000000000000e+02
4.560000000000000000e+02
4.340000000000000000e+02
4.410000000000000000e+02
4.540000000000000000e+02
4.640000000000000000e+02
4.480000000000000000e+02
4.540000000000000000e+02
4.400000000000000000e+02
4.450000000000000000e+02
4.380000000000000000e+02
4.330000000000000000e+02
4.320000000000000000e+02
4.230000000000000000e+02
4.020000000000000000e+02
4.130000000000000000e+02
4.060000000000000000e+02
4.020000000000000000e+02
3.890000000000000000e+02
3.980000000000000000e+02
3.990000000000000000e+02
3.950000000000000000e+02
3.660000000000000000e+02
3.440000000000000000e+02
3.600000000000000000e+02
3.410000000000000000e+02
3.220000000000000000e+02
3.290000000000000000e+02
3.350000000000000000e+02
3.270000000000000000e+02
3.120000000000000000e+02
3.200000000000000000e+02
3.100000000000000000e+02
3.090000000000000000e+02
3.250000000000000000e+02
3.190000000000000000e+02
3.210000000000000000e+02
3.070000000000000000e+02
2.870000000000000000e+02
2.810000000000000000e+02
2.940000000000000000e+02
2.930000000000000000e+02
3.010000000000000000e+02
2.960000000000000000e+02
2.810000000000000000e+02
2.810000000000000000e+02
2.800000000000000000e+02
2.820000000000000000e+02
2.910000000000000000e+02
2.880000000000000000e+02
2.820000000000000000e+02
2.540000000000000000e+02
2.500000000000000000e+02
2.490000000000000000e+02
2.530000000000000000e+02
2.600000000000000000e+02
2.640000000000000000e+02
2.540000000000000000e+02
2.570000000000000000e+02
2.700000000000000000e+02
2.890000000000000000e+02
3.020000000000000000e+02
3.030000000000000000e+02
3.130000000000000000e+02
3.160000000000000000e+02
3.310000000000000000e+02
3.360000000000000000e+02
3.260000000000000000e+02
3.140000000000000000e+02
3.220000000000000000e+02
3.330000000000000000e+02
3.160000000000000000e+02
3.050000000000000000e+02
2.950000000000000000e+02
2.850000000000000000e+02
2.750000000000000000e+02
2.610000000000000000e+02
2.620000000000000000e+02
2.540000000000000000e+02
2.610000000000000000e+02
2.670000000000000000e+02
2.740000000000000000e+02
2.690000000000000000e+02
2.670000000000000000e+02
2.660000000000000000e+02
2.580000000000000000e+02
