1.020000000000000000e+02
1.010000000000000000e+02
9.600000000000000000e+01
9.600000000000000000e+01
9.600000000000000000e+01
1.060000000000000000e+02
1.020000000000000000e+02
1.030000000000000000e+02
9.200000000000000000e+01
9.400000000000000000e+01
1.000000000000000000e+02
9.600000000000000000e+01
9.500000000000000000e+01
9.800000000000000000e+01
9.600000000000000000e+01
8.800000000000000000e+01
8.800000000000000000e+01
8.800000000000000000e+01
8.600000000000000000e+01
7.700000000000000000e+01
7.700000000000000000e+01
7.100000000000000000e+01
6.800000000000000000e+01
6.100000000000000000e+01
6.100000000000000000e+01
5.800000000000000000e+01
6.200000000000000000e+01
6.600000000000000000e+01
6.700000000000000000e+01
7.600000000000000000e+01
8.000000000000000000e+01
7.700000000000000000e+01
8.500000000000000000e+01
9.000000000000000000e+01
9.100000000000000000e+01
9.900000000000000000e+01
1.050000000000000000e+02
1.080000000000000000e+02
1.030000000000000000e+02
1.100000000000000000e+02
1.140000000000000000e+02
1.190000000000000000e+02
1.310000000000000000e+02
1.390000000000000000e+02
1.420000000000000000e+02
1.530000000000000000e+02
1.520000000000000000e+02
1.570000000000000000e+02
1.690000000000000000e+02
1.970000000000000000e+02
2.100000000000000000e+02
2.260000000000000000e+02
2.480000000000000000e+02
2.730000000000000000e+02
2.720000000000000000e+02
2.860000000000000000e+02
2.920000000000000000e+02
3.130000000000000000e+02
3.290000000000000000e+02
3.310000000000000000e+02
3.200000000000000000e+02
3.080000000000000000e+02
3.020000000000000000e+02
2.900000000000000000e+02
2.930000000000000000e+02
2.950000000000000000e+02
2.870000000000000000e+02
2.840000000000000000e+02
2.800000000000000000e+02
2.780000000000000000e+02
2.850000000000000000e+02
2.690000000000000000e+02
2.720000000000000000e+02
2.630000000000000000e+02
2.440000000000000000e+02
2.470000000000000000e+02
2.480000000000000000e+02
2.300000000000000000e+02
2.160000000000000000e+02
1.980000000000000000e+02
1.980000000000000000e+02
1.960000000000000000e+02
1.920000000000000000e+02
1.850000000000000000e+02
1.820000000000000000e+02
1.830000000000000000e+02
1.830000000000000000e+02
1.860000000000000000e+02
1.970000000000000000e+02
1.980000000000000000e+02
1.970000000000000000e+02
1.950000000000000000e+02
1.950000000000000000e+02
1.990000000000000000e+02
2.150000000000000000e+02
2.340000000000000000e+02
2.510000000000000000e+02
2.330000000000000000e+02
2.210000000000000000e+02
2.240000000000000000e+02
2.270000000000000000e+02
2.210000000000000000e+02
2.300000000000000000e+02
2.250000000000000000e+02
2.100000000000000000e+02
2.130000000000000000e+02
2.120000000000000000e+02
1.920000000000000000e+02
1.970000000000000000e+02
1.860000000000000000e+02
1.790000000000000000e+02
1.650000000000000000e+02
1.630000000000000000e+02
1.550000000000000000e+02
1.540000000000000000e+02
1.360000000000000000e+02
1.390000000000000000e+02
1.300000000000000000e+02
1.260000000000000000e+02
1.190000000000000000e+02
1.140000000000000000e+02
