9.800000000000000000e+01
9.600000000000000000e+01
9.200000000000000000e+01
9.200000000000000000e+01
1.010000000000000000e+02
1.120000000000000000e+02
1.200000000000000000e+02
1.200000000000000000e+02
1.190000000000000000e+02
1.200000000000000000e+02
1.330000000000000000e+02
1.540000000000000000e+02
1.620000000000000000e+02
1.790000000000000000e+02
1.980000000000000000e+02
2.240000000000000000e+02
2.260000000000000000e+02
2.550000000000000000e+02
2.670000000000000000e+02
2.940000000000000000e+02
3.140000000000000000e+02
3.490000000000000000e+02
3.590000000000000000e+02
3.840000000000000000e+02
3.990000000000000000e+02
4.150000000000000000e+02
4.060000000000000000e+02
4.180000000000000000e+02
4.230000000000000000e+02
4.310000000000000000e+02
4.460000000000000000e+02
4.490000000000000000e+02
4.780000000000000000e+02
4.760000000000000000e+02
4.450000000000000000e+02
4.420000000000000000e+02
4.430000000000000000e+02
4.300000000000000000e+02
4.290000000000000000e+02
4.170000000000000000e+02
4.180000000000000000e+02
4.120000000000000000e+02
3.980000000000000000e+02
3.870000000000000000e+02
3.740000000000000000e+02
3.620000000000000000e+02
3.670000000000000000e+02
3.550000000000000000e+02
3.400000000000000000e+02
3.450000000000000000e+02
3.290000000000000000e+02
3.230000000000000000e+02
3.370000000000000000e+02
3.340000000000000000e+02
3.410000000000000000e+02
3.290000000000000000e+02
3.250000000000000000e+02
3.180000000000000000e+02
3.070000000000000000e+02
3.030000000000000000e+02
2.950000000000000000e+02
3.080000000000000000e+02
3.020000000000000000e+02
2.920000000000000000e+02
2.800000000000000000e+02
2.840000000000000000e+02
2.830000000000000000e+02
2.940000000000000000e+02
3.080000000000000000e+02
3.050000000000000000e+02
2.930000000000000000e+02
2.810000000000000000e+02
2.860000000000000000e+02
2.740000000000000000e+02
2.720000000000000000e+02
2.760000000000000000e+02
2.800000000000000000e+02
2.720000000000000000e+02
2.570000000000000000e+02
2.630000000000000000e+02
2.610000000000000000e+02
2.590000000000000000e+02
2.630000000000000000e+02
2.550000000000000000e+02
2.460000000000000000e+02
2.450000000000000000e+02
2.530000000000000000e+02
2.400000000000000000e+02
2.260000000000000000e+02
2.270000000000000000e+02
2.440000000000000000e+02
2.420000000000000000e+02
2.500000000000000000e+02
2.570000000000000000e+02
2.660000000000000000e+02
2.900000000000000000e+02
2.860000000000000000e+02
2.980000000000000000e+02
2.810000000000000000e+02
2.800000000000000000e+02
2.790000000000000000e+02
2.750000000000000000e+02
2.880000000000000000e+02
2.970000000000000000e+02
2.950000000000000000e+02
2.940000000000000000e+02
2.920000000000000000e+02
3.060000000000000000e+02
2.840000000000000000e+02
2.750000000000000000e+02
2.840000000000000000e+02
2.780000000000000000e+02
2.730000000000000000e+02
2.670000000000000000e+02
2.560000000000000000e+02
2.440000000000000000e+02
2.350000000000000000e+02
2.370000000000000000e+02
2.320000000000000000e+02
2.380000000000000000e+02
2.300000000000000000e+02
2.280000000000000000e+02
