9.500000000000000000e+01
9.500000000000000000e+01
9.600000000000000000e+01
9.300000000000000000e+01
9.300000000000000000e+01
9.100000000000000000e+01
8.700000000000000000e+01
8.300000000000000000e+01
8.500000000000000000e+01
8.200000000000000000e+01
7.900000000000000000e+01
8.300000000000000000e+01
8.800000000000000000e+01
8.200000000000000000e+01
7.800000000000000000e+01
7.000000000000000000e+01
6.600000000000000000e+01
6.800000000000000000e+01
6.800000000000000000e+01
5.600000000000000000e+01
6.100000000000000000e+01
5.700000000000000000e+01
5.300000000000000000e+01
5.300000000000000000e+01
5.100000000000000000e+01
4.300000000000000000e+01
3.600000000000000000e+01
3.200000000000000000e+01
3.600000000000000000e+01
3.600000000000000000e+01
3.700000000000000000e+01
4.000000000000000000e+01
3.800000000000000000e+01
3.600000000000000000e+01
3.900000000000000000e+01
3.500000000000000000e+01
3.500000000000000000e+01
3.900000000000000000e+01
3.900000000000000000e+01
3.900000000000000000e+01
3.900000000000000000e+01
4.100000000000000000e+01
4.700000000000000000e+01
4.500000000000000000e+01
4.500000000000000000e+01
4.600000000000000000e+01
6.000000000000000000e+01
6.400000000000000000e+01
7.100000000000000000e+01
7.600000000000000000e+01
8.900000000000000000e+01
1.000000000000000000e+02
1.080000000000000000e+02
1.250000000000000000e+02
1.430000000000000000e+02
1.690000000000000000e+02
1.770000000000000000e+02
1.790000000000000000e+02
1.890000000000000000e+02
2.090000000000000000e+02
2.360000000000000000e+02
2.660000000000000000e+02
2.870000000000000000e+02
2.890000000000000000e+02
3.150000000000000000e+02
3.290000000000000000e+02
3.640000000000000000e+02
3.740000000000000000e+02
3.630000000000000000e+02
3.660000000000000000e+02
3.520000000000000000e+02
3.730000000000000000e+02
3.880000000000000000e+02
3.910000000000000000e+02
3.850000000000000000e+02
3.750000000000000000e+02
3.820000000000000000e+02
3.560000000000000000e+02
3.520000000000000000e+02
3.470000000000000000e+02
3.370000000000000000e+02
3.350000000000000000e+02
3.200000000000000000e+02
2.970000000000000000e+02
2.850000000000000000e+02
2.750000000000000000e+02
2.780000000000000000e+02
2.630000000000000000e+02
2.530000000000000000e+02
2.400000000000000000e+02
2.320000000000000000e+02
2.260000000000000000e+02
2.160000000000000000e+02
1.990000000000000000e+02
1.950000000000000000e+02
1.950000000000000000e+02
1.890000000000000000e+02
1.790000000000000000e+02
1.760000000000000000e+02
1.660000000000000000e+02
1.720000000000000000e+02
1.670000000000000000e+02
1.570000000000000000e+02
1.590000000000000000e+02
1.620000000000000000e+02
1.590000000000000000e+02
1.660000000000000000e+02
1.640000000000000000e+02
1.590000000000000000e+02
1.590000000000000000e+02
1.700000000000000000e+02
1.550000000000000000e+02
1.530000000000000000e+02
1.510000000000000000e+02
1.520000000000000000e+02
1.570000000000000000e+02
1.620000000000000000e+02
1.570000000000000000e+02
1.550000000000000000e+02
1.710000000000000000e+02
1.700000000000000000e+02
