7.600000000000000000e+01
8.300000000000000000e+01
8.100000000000000000e+01
7.700000000000000000e+01
7.300000000000000000e+01
7.100000000000000000e+01
6.500000000000000000e+01
6.400000000000000000e+01
6.600000000000000000e+01
6.100000000000000000e+01
6.500000000000000000e+01
6.800000000000000000e+01
7.100000000000000000e+01
7.200000000000000000e+01
6.900000000000000000e+01
6.300000000000000000e+01
6.000000000000000000e+01
5.700000000000000000e+01
5.600000000000000000e+01
5.200000000000000000e+01
5.500000000000000000e+01
5.400000000000000000e+01
4.800000000000000000e+01
4.200000000000000000e+01
4.400000000000000000e+01
4.300000000000000000e+01
4.500000000000000000e+01
3.800000000000000000e+01
3.700000000000000000e+01
4.100000000000000000e+01
3.800000000000000000e+01
4.400000000000000000e+01
4.400000000000000000e+01
3.900000000000000000e+01
4.300000000000000000e+01
4.200000000000000000e+01
4.000000000000000000e+01
5.300000000000000000e+01
6.000000000000000000e+01
6.700000000000000000e+01
7.600000000000000000e+01
7.300000000000000000e+01
8.300000000000000000e+01
9.900000000000000000e+01
1.050000000000000000e+02
1.100000000000000000e+02
1.300000000000000000e+02
1.300000000000000000e+02
1.420000000000000000e+02
1.330000000000000000e+02
1.460000000000000000e+02
1.730000000000000000e+02
1.940000000000000000e+02
2.100000000000000000e+02
2.340000000000000000e+02
2.530000000000000000e+02
2.650000000000000000e+02
2.810000000000000000e+02
2.930000000000000000e+02
3.200000000000000000e+02
3.270000000000000000e+02
3.600000000000000000e+02
3.610000000000000000e+02
3.720000000000000000e+02
3.670000000000000000e+02
3.830000000000000000e+02
3.880000000000000000e+02
3.760000000000000000e+02
3.790000000000000000e+02
3.790000000000000000e+02
3.650000000000000000e+02
3.680000000000000000e+02
3.510000000000000000e+02
3.420000000000000000e+02
3.320000000000000000e+02
3.190000000000000000e+02
3.280000000000000000e+02
3.240000000000000000e+02
3.140000000000000000e+02
3.080000000000000000e+02
2.940000000000000000e+02
2.850000000000000000e+02
2.700000000000000000e+02
2.600000000000000000e+02
2.350000000000000000e+02
2.290000000000000000e+02
2.110000000000000000e+02
2.050000000000000000e+02
2.010000000000000000e+02
2.050000000000000000e+02
1.970000000000000000e+02
1.980000000000000000e+02
1.960000000000000000e+02
1.880000000000000000e+02
1.900000000000000000e+02
1.920000000000000000e+02
2.020000000000000000e+02
2.120000000000000000e+02
2.050000000000000000e+02
2.120000000000000000e+02
2.050000000000000000e+02
2.020000000000000000e+02
2.040000000000000000e+02
2.120000000000000000e+02
2.090000000000000000e+02
2.150000000000000000e+02
2.190000000000000000e+02
2.030000000000000000e+02
2.030000000000000000e+02
1.990000000000000000e+02
1.960000000000000000e+02
1.830000000000000000e+02
1.790000000000000000e+02
1.680000000000000000e+02
1.620000000000000000e+02
1.530000000000000000e+02
1.430000000000000000e+02
1.370000000000000000e+02
1.300000000000000000e+02
1.270000000000000000e+02
1.240000000000000000e+02
