1.250000000000000000e+02
1.240000000000000000e+02
1.180000000000000000e+02
1.180000000000000000e+02
1.120000000000000000e+02
1.110000000000000000e+02
1.110000000000000000e+02
1.140000000000000000e+02
1.160000000000000000e+02
1.160000000000000000e+02
1.230000000000000000e+02
1.200000000000000000e+02
1.190000000000000000e+02
1.160000000000000000e+02
1.220000000000000000e+02
1.180000000000000000e+02
1.100000000000000000e+02
1.080000000000000000e+02
1.080000000000000000e+02
1.040000000000000000e+02
9.700000000000000000e+01
9.400000000000000000e+01
8.900000000000000000e+01
8.800000000000000000e+01
8.600000000000000000e+01
7.400000000000000000e+01
8.200000000000000000e+01
8.700000000000000000e+01
8.300000000000000000e+01
8.700000000000000000e+01
8.600000000000000000e+01
9.800000000000000000e+01
1.050000000000000000e+02
1.140000000000000000e+02
1.130000000000000000e+02
1.240000000000000000e+02
1.420000000000000000e+02
1.410000000000000000e+02
1.450000000000000000e+02
1.440000000000000000e+02
1.540000000000000000e+02
1.650000000000000000e+02
1.840000000000000000e+02
1.940000000000000000e+02
1.900000000000000000e+02
2.130000000000000000e+02
2.260000000000000000e+02
2.450000000000000000e+02
2.640000000000000000e+02
2.600000000000000000e+02
2.640000000000000000e+02
2.580000000000000000e+02
2.640000000000000000e+02
2.730000000000000000e+02
2.600000000000000000e+02
2.580000000000000000e+02
2.760000000000000000e+02
2.740000000000000000e+02
2.720000000000000000e+02
2.480000000000000000e+02
2.420000000000000000e+02
2.470000000000000000e+02
2.310000000000000000e+02
2.270000000000000000e+02
2.180000000000000000e+02
2.070000000000000000e+02
2.070000000000000000e+02
2.140000000000000000e+02
2.030000000000000000e+02
1.980000000000000000e+02
1.950000000000000000e+02
2.000000000000000000e+02
1.930000000000000000e+02
1.870000000000000000e+02
1.950000000000000000e+02
1.970000000000000000e+02
2.060000000000000000e+02
2.080000000000000000e+02
2.030000000000000000e+02
2.020000000000000000e+02
2.150000000000000000e+02
2.290000000000000000e+02
2.270000000000000000e+02
2.320000000000000000e+02
2.470000000000000000e+02
2.610000000000000000e+02
2.580000000000000000e+02
2.630000000000000000e+02
2.670000000000000000e+02
2.670000000000000000e+02
2.830000000000000000e+02
2.750000000000000000e+02
2.610000000000000000e+02
2.670000000000000000e+02
2.610000000000000000e+02
2.430000000000000000e+02
2.430000000000000000e+02
2.380000000000000000e+02
2.310000000000000000e+02
2.110000000000000000e+02
2.060000000000000000e+02
1.910000000000000000e+02
1.870000000000000000e+02
1.840000000000000000e+02
1.780000000000000000e+02
1.630000000000000000e+02
1.550000000000000000e+02
1.440000000000000000e+02
1.480000000000000000e+02
1.450000000000000000e+02
1.460000000000000000e+02
1.370000000000000000e+02
1.390000000000000000e+02
1.360000000000000000e+02
1.410000000000000000e+02
1.500000000000000000e+02
1.510000000000000000e+02
1.480000000000000000e+02
1.480000000000000000e+02
1.470000000000000000e+02
1.300000000000000000e+02
