1.010000000000000000e+02
1.080000000000000000e+02
1.060000000000000000e+02
1.080000000000000000e+02
1.090000000000000000e+02
1.180000000000000000e+02
1.170000000000000000e+02
1.160000000000000000e+02
1.110000000000000000e+02
1.030000000000000000e+02
1.060000000000000000e+02
1.040000000000000000e+02
1.070000000000000000e+02
1.000000000000000000e+02
9.600000000000000000e+01
9.200000000000000000e+01
9.400000000000000000e+01
9.100000000000000000e+01
8.400000000000000000e+01
8.600000000000000000e+01
7.700000000000000000e+01
7.700000000000000000e+01
6.800000000000000000e+01
6.000000000000000000e+01
5.800000000000000000e+01
5.600000000000000000e+01
5.600000000000000000e+01
5.400000000000000000e+01
5.600000000000000000e+01
5.900000000000000000e+01
6.700000000000000000e+01
6.700000000000000000e+01
7.300000000000000000e+01
7.400000000000000000e+01
8.000000000000000000e+01
8.700000000000000000e+01
9.600000000000000000e+01
1.080000000000000000e+02
1.200000000000000000e+02
1.330000000000000000e+02
1.310000000000000000e+02
1.430000000000000000e+02
1.380000000000000000e+02
1.460000000000000000e+02
1.450000000000000000e+02
1.470000000000000000e+02
1.720000000000000000e+02
1.870000000000000000e+02
2.050000000000000000e+02
2.210000000000000000e+02
2.470000000000000000e+02
2.560000000000000000e+02
2.650000000000000000e+02
2.590000000000000000e+02
2.800000000000000000e+02
2.930000000000000000e+02
2.960000000000000000e+02
3.010000000000000000e+02
3.080000000000000000e+02
3.100000000000000000e+02
2.960000000000000000e+02
2.810000000000000000e+02
2.820000000000000000e+02
2.850000000000000000e+02
2.850000000000000000e+02
2.680000000000000000e+02
2.720000000000000000e+02
2.660000000000000000e+02
2.520000000000000000e+02
2.460000000000000000e+02
2.450000000000000000e+02
2.430000000000000000e+02
2.280000000000000000e+02
2.200000000000000000e+02
2.240000000000000000e+02
2.190000000000000000e+02
2.130000000000000000e+02
2.100000000000000000e+02
2.060000000000000000e+02
2.010000000000000000e+02
2.030000000000000000e+02
1.690000000000000000e+02
1.680000000000000000e+02
1.660000000000000000e+02
1.650000000000000000e+02
1.760000000000000000e+02
1.670000000000000000e+02
1.800000000000000000e+02
1.690000000000000000e+02
1.680000000000000000e+02
1.720000000000000000e+02
1.950000000000000000e+02
2.020000000000000000e+02
2.140000000000000000e+02
2.180000000000000000e+02
2.030000000000000000e+02
2.100000000000000000e+02
2.140000000000000000e+02
2.190000000000000000e+02
2.160000000000000000e+02
2.110000000000000000e+02
2.140000000000000000e+02
2.220000000000000000e+02
2.240000000000000000e+02
1.970000000000000000e+02
2.000000000000000000e+02
1.930000000000000000e+02
1.970000000000000000e+02
2.030000000000000000e+02
1.890000000000000000e+02
1.720000000000000000e+02
1.600000000000000000e+02
1.690000000000000000e+02
1.590000000000000000e+02
1.400000000000000000e+02
1.380000000000000000e+02
1.360000000000000000e+02
1.320000000000000000e+02
1.400000000000000000e+02
1.370000000000000000e+02
1.460000000000000000e+02
