8.600000000000000000e+01
9.800000000000000000e+01
1.020000000000000000e+02
1.030000000000000000e+02
1.000000000000000000e+02
1.020000000000000000e+02
1.100000000000000000e+02
1.220000000000000000e+02
1.190000000000000000e+02
1.250000000000000000e+02
1.380000000000000000e+02
1.500000000000000000e+02
1.770000000000000000e+02
2.030000000000000000e+02
2.310000000000000000e+02
2.420000000000000000e+02
2.650000000000000000e+02
2.910000000000000000e+02
3.220000000000000000e+02
3.520000000000000000e+02
3.730000000000000000e+02
3.990000000000000000e+02
4.350000000000000000e+02
4.490000000000000000e+02
4.540000000000000000e+02
4.550000000000000000e+02
4.640000000000000000e+02
4.720000000000000000e+02
4.840000000000000000e+02
4.880000000000000000e+02
4.830000000000000000e+02
4.990000000000000000e+02
5.110000000000000000e+02
5.180000000000000000e+02
5.120000000000000000e+02
5.150000000000000000e+02
5.210000000000000000e+02
4.880000000000000000e+02
4.860000000000000000e+02
4.640000000000000000e+02
4.430000000000000000e+02
4.400000000000000000e+02
4.440000000000000000e+02
4.610000000000000000e+02
4.490000000000000000e+02
4.360000000000000000e+02
4.300000000000000000e+02
4.270000000000000000e+02
4.200000000000000000e+02
4.310000000000000000e+02
4.210000000000000000e+02
4.140000000000000000e+02
4.130000000000000000e+02
4.030000000000000000e+02
3.940000000000000000e+02
4.100000000000000000e+02
4.060000000000000000e+02
3.980000000000000000e+02
3.890000000000000000e+02
3.860000000000000000e+02
3.780000000000000000e+02
3.780000000000000000e+02
3.770000000000000000e+02
3.750000000000000000e+02
3.740000000000000000e+02
3.610000000000000000e+02
3.610000000000000000e+02
3.480000000000000000e+02
3.620000000000000000e+02
3.410000000000000000e+02
3.440000000000000000e+02
3.450000000000000000e+02
3.340000000000000000e+02
3.180000000000000000e+02
3.060000000000000000e+02
3.160000000000000000e+02
3.190000000000000000e+02
3.350000000000000000e+02
3.130000000000000000e+02
3.000000000000000000e+02
3.020000000000000000e+02
2.950000000000000000e+02
3.020000000000000000e+02
3.140000000000000000e+02
3.030000000000000000e+02
3.120000000000000000e+02
3.180000000000000000e+02
3.080000000000000000e+02
2.990000000000000000e+02
2.990000000000000000e+02
2.850000000000000000e+02
3.010000000000000000e+02
3.020000000000000000e+02
2.890000000000000000e+02
2.850000000000000000e+02
2.640000000000000000e+02
2.640000000000000000e+02
2.680000000000000000e+02
2.570000000000000000e+02
2.550000000000000000e+02
2.450000000000000000e+02
2.380000000000000000e+02
2.570000000000000000e+02
2.500000000000000000e+02
2.460000000000000000e+02
2.490000000000000000e+02
2.610000000000000000e+02
2.730000000000000000e+02
2.750000000000000000e+02
2.720000000000000000e+02
2.690000000000000000e+02
2.880000000000000000e+02
3.020000000000000000e+02
3.180000000000000000e+02
3.220000000000000000e+02
3.430000000000000000e+02
3.480000000000000000e+02
3.630000000000000000e+02
3.430000000000000000e+02
3.570000000000000000e+02
3.550000000000000000e+02
3.550000000000000000e+02
