9.000000000000000000e+01
8.400000000000000000e+01
7.800000000000000000e+01
7.700000000000000000e+01
8.500000000000000000e+01
8.700000000000000000e+01
8.800000000000000000e+01
8.400000000000000000e+01
8.500000000000000000e+01
8.200000000000000000e+01
8.200000000000000000e+01
8.000000000000000000e+01
7.800000000000000000e+01
7.100000000000000000e+01
6.900000000000000000e+01
6.300000000000000000e+01
5.900000000000000000e+01
6.000000000000000000e+01
5.700000000000000000e+01
5.000000000000000000e+01
5.000000000000000000e+01
4.700000000000000000e+01
4.300000000000000000e+01
4.200000000000000000e+01
4.200000000000000000e+01
4.600000000000000000e+01
4.300000000000000000e+01
4.800000000000000000e+01
4.900000000000000000e+01
4.600000000000000000e+01
5.000000000000000000e+01
5.100000000000000000e+01
5.100000000000000000e+01
5.000000000000000000e+01
4.500000000000000000e+01
4.000000000000000000e+01
3.900000000000000000e+01
3.800000000000000000e+01
4.000000000000000000e+01
4.400000000000000000e+01
4.400000000000000000e+01
5.000000000000000000e+01
5.200000000000000000e+01
5.500000000000000000e+01
5.500000000000000000e+01
6.000000000000000000e+01
6.100000000000000000e+01
7.100000000000000000e+01
7.300000000000000000e+01
8.000000000000000000e+01
9.200000000000000000e+01
9.800000000000000000e+01
1.040000000000000000e+02
1.300000000000000000e+02
1.430000000000000000e+02
1.620000000000000000e+02
1.690000000000000000e+02
1.740000000000000000e+02
1.810000000000000000e+02
2.080000000000000000e+02
2.260000000000000000e+02
2.270000000000000000e+02
2.340000000000000000e+02
2.540000000000000000e+02
2.860000000000000000e+02
2.890000000000000000e+02
3.010000000000000000e+02
2.940000000000000000e+02
3.070000000000000000e+02
3.040000000000000000e+02
3.100000000000000000e+02
3.090000000000000000e+02
3.140000000000000000e+02
3.130000000000000000e+02
3.220000000000000000e+02
3.060000000000000000e+02
3.040000000000000000e+02
3.050000000000000000e+02
3.090000000000000000e+02
2.970000000000000000e+02
2.790000000000000000e+02
2.750000000000000000e+02
2.640000000000000000e+02
2.480000000000000000e+02
2.400000000000000000e+02
2.430000000000000000e+02
2.320000000000000000e+02
2.320000000000000000e+02
2.270000000000000000e+02
2.200000000000000000e+02
2.070000000000000000e+02
1.900000000000000000e+02
1.860000000000000000e+02
1.870000000000000000e+02
1.680000000000000000e+02
1.700000000000000000e+02
1.770000000000000000e+02
1.780000000000000000e+02
1.850000000000000000e+02
1.780000000000000000e+02
1.740000000000000000e+02
1.780000000000000000e+02
1.670000000000000000e+02
1.570000000000000000e+02
1.550000000000000000e+02
1.660000000000000000e+02
1.860000000000000000e+02
1.960000000000000000e+02
1.960000000000000000e+02
1.920000000000000000e+02
1.920000000000000000e+02
1.950000000000000000e+02
2.100000000000000000e+02
2.100000000000000000e+02
2.100000000000000000e+02
2.170000000000000000e+02
2.070000000000000000e+02
2.090000000000000000e+02
1.980000000000000000e+02
1.830000000000000000e+02
1.800000000000000000e+02
