9.700000000000000000e+01
9.800000000000000000e+01
9.900000000000000000e+01
9.400000000000000000e+01
1.000000000000000000e+02
9.500000000000000000e+01
9.500000000000000000e+01
1.060000000000000000e+02
1.090000000000000000e+02
1.210000000000000000e+02
1.360000000000000000e+02
1.400000000000000000e+02
1.330000000000000000e+02
1.370000000000000000e+02
1.570000000000000000e+02
1.900000000000000000e+02
2.250000000000000000e+02
2.420000000000000000e+02
2.690000000000000000e+02
2.680000000000000000e+02
3.020000000000000000e+02
3.280000000000000000e+02
3.480000000000000000e+02
3.650000000000000000e+02
3.900000000000000000e+02
4.100000000000000000e+02
4.110000000000000000e+02
4.180000000000000000e+02
4.330000000000000000e+02
4.570000000000000000e+02
4.450000000000000000e+02
4.360000000000000000e+02
4.380000000000000000e+02
4.280000000000000000e+02
4.360000000000000000e+02
4.260000000000000000e+02
4.230000000000000000e+02
3.980000000000000000e+02
3.960000000000000000e+02
3.960000000000000000e+02
3.930000000000000000e+02
4.070000000000000000e+02
4.120000000000000000e+02
4.050000000000000000e+02
4.120000000000000000e+02
4.040000000000000000e+02
3.900000000000000000e+02
3.830000000000000000e+02
3.620000000000000000e+02
3.620000000000000000e+02
3.700000000000000000e+02
3.690000000000000000e+02
3.750000000000000000e+02
3.700000000000000000e+02
3.590000000000000000e+02
3.820000000000000000e+02
3.820000000000000000e+02
3.800000000000000000e+02
3.730000000000000000e+02
3.740000000000000000e+02
3.710000000000000000e+02
3.750000000000000000e+02
3.680000000000000000e+02
3.530000000000000000e+02
3.330000000000000000e+02
3.310000000000000000e+02
3.240000000000000000e+02
3.100000000000000000e+02
3.180000000000000000e+02
3.150000000000000000e+02
3.410000000000000000e+02
3.440000000000000000e+02
3.500000000000000000e+02
3.300000000000000000e+02
3.280000000000000000e+02
3.040000000000000000e+02
2.970000000000000000e+02
2.800000000000000000e+02
2.960000000000000000e+02
2.890000000000000000e+02
2.860000000000000000e+02
2.730000000000000000e+02
2.690000000000000000e+02
2.560000000000000000e+02
2.530000000000000000e+02
2.370000000000000000e+02
2.330000000000000000e+02
2.440000000000000000e+02
2.500000000000000000e+02
2.510000000000000000e+02
2.650000000000000000e+02
2.740000000000000000e+02
2.760000000000000000e+02
2.800000000000000000e+02
3.020000000000000000e+02
3.220000000000000000e+02
3.040000000000000000e+02
3.170000000000000000e+02
3.190000000000000000e+02
3.120000000000000000e+02
3.140000000000000000e+02
3.190000000000000000e+02
3.200000000000000000e+02
3.160000000000000000e+02
3.200000000000000000e+02
3.340000000000000000e+02
3.340000000000000000e+02
3.380000000000000000e+02
3.330000000000000000e+02
3.390000000000000000e+02
3.510000000000000000e+02
3.440000000000000000e+02
3.380000000000000000e+02
3.210000000000000000e+02
3.180000000000000000e+02
3.080000000000000000e+02
2.950000000000000000e+02
2.890000000000000000e+02
2.840000000000000000e+02
2.830000000000000000e+02
2.800000000000000000e+02
2.670000000000000000e+02
