8.600000000000000000e+01
8.700000000000000000e+01
8.400000000000000000e+01
8.000000000000000000e+01
7.100000000000000000e+01
7.500000000000000000e+01
7.400000000000000000e+01
7.900000000000000000e+01
8.100000000000000000e+01
7.700000000000000000e+01
7.600000000000000000e+01
6.900000000000000000e+01
6.300000000000000000e+01
6.400000000000000000e+01
6.300000000000000000e+01
6.500000000000000000e+01
6.300000000000000000e+01
5.900000000000000000e+01
5.700000000000000000e+01
5.900000000000000000e+01
5.200000000000000000e+01
4.900000000000000000e+01
5.000000000000000000e+01
4.800000000000000000e+01
4.800000000000000000e+01
4.100000000000000000e+01
3.800000000000000000e+01
3.700000000000000000e+01
3.800000000000000000e+01
3.400000000000000000e+01
3.200000000000000000e+01
3.600000000000000000e+01
3.500000000000000000e+01
3.700000000000000000e+01
3.900000000000000000e+01
3.800000000000000000e+01
3.600000000000000000e+01
3.500000000000000000e+01
3.600000000000000000e+01
4.300000000000000000e+01
4.300000000000000000e+01
4.500000000000000000e+01
4.800000000000000000e+01
4.700000000000000000e+01
5.300000000000000000e+01
6.000000000000000000e+01
6.500000000000000000e+01
7.000000000000000000e+01
8.400000000000000000e+01
9.200000000000000000e+01
1.010000000000000000e+02
1.090000000000000000e+02
1.180000000000000000e+02
1.270000000000000000e+02
1.410000000000000000e+02
1.580000000000000000e+02
1.640000000000000000e+02
1.970000000000000000e+02
2.310000000000000000e+02
2.450000000000000000e+02
2.700000000000000000e+02
2.910000000000000000e+02
3.260000000000000000e+02
3.380000000000000000e+02
3.500000000000000000e+02
3.690000000000000000e+02
3.700000000000000000e+02
3.700000000000000000e+02
3.620000000000000000e+02
3.720000000000000000e+02
3.680000000000000000e+02
3.600000000000000000e+02
3.490000000000000000e+02
3.560000000000000000e+02
3.550000000000000000e+02
3.410000000000000000e+02
3.540000000000000000e+02
3.520000000000000000e+02
3.360000000000000000e+02
3.230000000000000000e+02
3.300000000000000000e+02
3.200000000000000000e+02
3.150000000000000000e+02
3.040000000000000000e+02
3.120000000000000000e+02
2.940000000000000000e+02
2.800000000000000000e+02
2.760000000000000000e+02
2.680000000000000000e+02
2.590000000000000000e+02
2.570000000000000000e+02
2.390000000000000000e+02
2.220000000000000000e+02
2.010000000000000000e+02
1.960000000000000000e+02
1.890000000000000000e+02
1.830000000000000000e+02
1.780000000000000000e+02
1.670000000000000000e+02
1.660000000000000000e+02
1.610000000000000000e+02
1.580000000000000000e+02
1.600000000000000000e+02
1.520000000000000000e+02
1.540000000000000000e+02
1.530000000000000000e+02
1.530000000000000000e+02
1.470000000000000000e+02
1.580000000000000000e+02
1.630000000000000000e+02
1.640000000000000000e+02
1.680000000000000000e+02
1.660000000000000000e+02
1.690000000000000000e+02
1.740000000000000000e+02
1.720000000000000000e+02
1.910000000000000000e+02
1.980000000000000000e+02
2.090000000000000000e+02
2.120000000000000000e+02
2.110000000000000000e+02
