7.800000000000000000e+01
8.800000000000000000e+01
8.600000000000000000e+01
9.000000000000000000e+01
9.100000000000000000e+01
9.400000000000000000e+01
9.900000000000000000e+01
1.060000000000000000e+02
1.050000000000000000e+02
1.050000000000000000e+02
1.260000000000000000e+02
1.390000000000000000e+02
1.370000000000000000e+02
1.550000000000000000e+02
1.640000000000000000e+02
1.760000000000000000e+02
1.820000000000000000e+02
1.950000000000000000e+02
2.230000000000000000e+02
2.440000000000000000e+02
2.610000000000000000e+02
2.940000000000000000e+02
3.170000000000000000e+02
3.410000000000000000e+02
3.430000000000000000e+02
3.420000000000000000e+02
3.460000000000000000e+02
3.660000000000000000e+02
3.930000000000000000e+02
3.950000000000000000e+02
3.970000000000000000e+02
4.110000000000000000e+02
4.100000000000000000e+02
4.200000000000000000e+02
3.980000000000000000e+02
3.910000000000000000e+02
3.880000000000000000e+02
4.080000000000000000e+02
3.950000000000000000e+02
3.860000000000000000e+02
3.640000000000000000e+02
3.620000000000000000e+02
3.770000000000000000e+02
3.830000000000000000e+02
3.840000000000000000e+02
3.670000000000000000e+02
3.620000000000000000e+02
3.570000000000000000e+02
3.490000000000000000e+02
3.490000000000000000e+02
3.430000000000000000e+02
3.350000000000000000e+02
3.280000000000000000e+02
3.340000000000000000e+02
3.330000000000000000e+02
3.350000000000000000e+02
3.370000000000000000e+02
3.280000000000000000e+02
3.160000000000000000e+02
3.180000000000000000e+02
3.170000000000000000e+02
3.200000000000000000e+02
3.300000000000000000e+02
3.230000000000000000e+02
3.190000000000000000e+02
3.190000000000000000e+02
3.090000000000000000e+02
3.140000000000000000e+02
3.170000000000000000e+02
3.040000000000000000e+02
3.020000000000000000e+02
2.890000000000000000e+02
2.800000000000000000e+02
2.840000000000000000e+02
2.850000000000000000e+02
2.730000000000000000e+02
2.640000000000000000e+02
2.780000000000000000e+02
2.890000000000000000e+02
2.930000000000000000e+02
2.930000000000000000e+02
2.940000000000000000e+02
3.020000000000000000e+02
3.120000000000000000e+02
3.120000000000000000e+02
3.170000000000000000e+02
3.080000000000000000e+02
2.980000000000000000e+02
3.010000000000000000e+02
3.030000000000000000e+02
2.960000000000000000e+02
2.970000000000000000e+02
2.910000000000000000e+02
2.780000000000000000e+02
2.750000000000000000e+02
2.770000000000000000e+02
2.700000000000000000e+02
2.700000000000000000e+02
2.740000000000000000e+02
2.670000000000000000e+02
2.750000000000000000e+02
2.770000000000000000e+02
2.670000000000000000e+02
2.650000000000000000e+02
2.700000000000000000e+02
2.640000000000000000e+02
2.640000000000000000e+02
2.480000000000000000e+02
2.440000000000000000e+02
2.520000000000000000e+02
2.500000000000000000e+02
2.620000000000000000e+02
2.800000000000000000e+02
2.740000000000000000e+02
2.850000000000000000e+02
2.970000000000000000e+02
2.990000000000000000e+02
3.010000000000000000e+02
3.010000000000000000e+02
3.120000000000000000e+02
3.060000000000000000e+02
3.000000000000000000e+02
