1.260000000000000000e+02
1.260000000000000000e+02
1.200000000000000000e+02
1.120000000000000000e+02
1.170000000000000000e+02
1.130000000000000000e+02
1.120000000000000000e+02
1.140000000000000000e+02
1.110000000000000000e+02
1.110000000000000000e+02
1.190000000000000000e+02
1.240000000000000000e+02
1.230000000000000000e+02
1.220000000000000000e+02
1.270000000000000000e+02
1.240000000000000000e+02
1.170000000000000000e+02
1.180000000000000000e+02
1.160000000000000000e+02
1.040000000000000000e+02
9.800000000000000000e+01
9.800000000000000000e+01
9.500000000000000000e+01
8.700000000000000000e+01
8.900000000000000000e+01
8.400000000000000000e+01
8.300000000000000000e+01
8.100000000000000000e+01
9.200000000000000000e+01
9.100000000000000000e+01
9.600000000000000000e+01
1.000000000000000000e+02
1.060000000000000000e+02
1.060000000000000000e+02
1.100000000000000000e+02
1.090000000000000000e+02
1.020000000000000000e+02
1.010000000000000000e+02
1.050000000000000000e+02
1.110000000000000000e+02
1.260000000000000000e+02
1.420000000000000000e+02
1.530000000000000000e+02
1.670000000000000000e+02
1.660000000000000000e+02
1.730000000000000000e+02
1.810000000000000000e+02
2.080000000000000000e+02
2.260000000000000000e+02
2.420000000000000000e+02
2.600000000000000000e+02
2.690000000000000000e+02
2.890000000000000000e+02
3.020000000000000000e+02
3.070000000000000000e+02
3.020000000000000000e+02
3.080000000000000000e+02
2.970000000000000000e+02
2.980000000000000000e+02
2.980000000000000000e+02
3.000000000000000000e+02
2.960000000000000000e+02
2.850000000000000000e+02
2.810000000000000000e+02
2.690000000000000000e+02
2.660000000000000000e+02
2.610000000000000000e+02
2.490000000000000000e+02
2.470000000000000000e+02
2.420000000000000000e+02
2.320000000000000000e+02
2.250000000000000000e+02
2.230000000000000000e+02
2.160000000000000000e+02
2.170000000000000000e+02
2.070000000000000000e+02
2.100000000000000000e+02
2.020000000000000000e+02
2.130000000000000000e+02
2.130000000000000000e+02
2.020000000000000000e+02
2.060000000000000000e+02
1.880000000000000000e+02
1.870000000000000000e+02
1.920000000000000000e+02
2.090000000000000000e+02
2.110000000000000000e+02
2.110000000000000000e+02
2.220000000000000000e+02
2.240000000000000000e+02
2.270000000000000000e+02
2.150000000000000000e+02
2.340000000000000000e+02
2.250000000000000000e+02
2.230000000000000000e+02
2.140000000000000000e+02
2.090000000000000000e+02
1.930000000000000000e+02
1.830000000000000000e+02
1.770000000000000000e+02
1.710000000000000000e+02
1.690000000000000000e+02
1.690000000000000000e+02
1.670000000000000000e+02
1.600000000000000000e+02
1.640000000000000000e+02
1.550000000000000000e+02
1.580000000000000000e+02
1.670000000000000000e+02
1.640000000000000000e+02
1.580000000000000000e+02
1.620000000000000000e+02
1.600000000000000000e+02
1.590000000000000000e+02
1.540000000000000000e+02
1.430000000000000000e+02
1.400000000000000000e+02
1.430000000000000000e+02
1.410000000000000000e+02
1.400000000000000000e+02
1.410000000000000000e+02
