8.000000000000000000e+01
8.600000000000000000e+01
7.800000000000000000e+01
8.100000000000000000e+01
8.500000000000000000e+01
8.500000000000000000e+01
9.800000000000000000e+01
1.020000000000000000e+02
1.000000000000000000e+02
1.060000000000000000e+02
1.210000000000000000e+02
1.320000000000000000e+02
1.560000000000000000e+02
1.650000000000000000e+02
2.020000000000000000e+02
2.130000000000000000e+02
2.440000000000000000e+02
2.630000000000000000e+02
2.850000000000000000e+02
3.110000000000000000e+02
3.480000000000000000e+02
3.600000000000000000e+02
3.860000000000000000e+02
3.820000000000000000e+02
3.980000000000000000e+02
4.020000000000000000e+02
4.130000000000000000e+02
4.240000000000000000e+02
4.180000000000000000e+02
4.210000000000000000e+02
4.240000000000000000e+02
4.090000000000000000e+02
4.130000000000000000e+02
4.190000000000000000e+02
4.180000000000000000e+02
4.240000000000000000e+02
4.220000000000000000e+02
4.150000000000000000e+02
4.180000000000000000e+02
4.220000000000000000e+02
4.050000000000000000e+02
4.040000000000000000e+02
4.200000000000000000e+02
4.190000000000000000e+02
4.100000000000000000e+02
4.010000000000000000e+02
3.920000000000000000e+02
3.730000000000000000e+02
3.680000000000000000e+02
3.730000000000000000e+02
3.720000000000000000e+02
3.800000000000000000e+02
3.960000000000000000e+02
3.840000000000000000e+02
3.850000000000000000e+02
3.710000000000000000e+02
3.480000000000000000e+02
3.420000000000000000e+02
3.330000000000000000e+02
3.260000000000000000e+02
3.260000000000000000e+02
3.210000000000000000e+02
3.230000000000000000e+02
3.350000000000000000e+02
3.400000000000000000e+02
3.330000000000000000e+02
3.150000000000000000e+02
3.230000000000000000e+02
3.200000000000000000e+02
3.130000000000000000e+02
3.120000000000000000e+02
2.970000000000000000e+02
3.030000000000000000e+02
2.900000000000000000e+02
2.870000000000000000e+02
2.740000000000000000e+02
2.830000000000000000e+02
2.690000000000000000e+02
2.610000000000000000e+02
2.600000000000000000e+02
2.550000000000000000e+02
2.550000000000000000e+02
2.580000000000000000e+02
2.560000000000000000e+02
2.620000000000000000e+02
2.690000000000000000e+02
2.530000000000000000e+02
2.460000000000000000e+02
2.380000000000000000e+02
2.470000000000000000e+02
2.640000000000000000e+02
2.870000000000000000e+02
2.850000000000000000e+02
2.890000000000000000e+02
3.070000000000000000e+02
3.150000000000000000e+02
3.210000000000000000e+02
3.280000000000000000e+02
3.150000000000000000e+02
3.100000000000000000e+02
3.050000000000000000e+02
3.000000000000000000e+02
3.170000000000000000e+02
3.020000000000000000e+02
3.030000000000000000e+02
3.000000000000000000e+02
2.830000000000000000e+02
2.910000000000000000e+02
2.810000000000000000e+02
2.900000000000000000e+02
2.810000000000000000e+02
2.950000000000000000e+02
2.900000000000000000e+02
2.800000000000000000e+02
2.890000000000000000e+02
2.830000000000000000e+02
2.880000000000000000e+02
2.790000000000000000e+02
2.800000000000000000e+02
2.530000000000000000e+02
2.610000000000000000e+02
2.650000000000000000e+02
