9.600000000000000000e+01
9.600000000000000000e+01
9.100000000000000000e+01
9.100000000000000000e+01
9.900000000000000000e+01
9.900000000000000000e+01
9.600000000000000000e+01
9.800000000000000000e+01
1.040000000000000000e+02
1.130000000000000000e+02
1.270000000000000000e+02
1.290000000000000000e+02
1.450000000000000000e+02
1.590000000000000000e+02
1.760000000000000000e+02
1.770000000000000000e+02
1.970000000000000000e+02
2.200000000000000000e+02
2.420000000000000000e+02
2.710000000000000000e+02
2.840000000000000000e+02
3.130000000000000000e+02
3.490000000000000000e+02
3.550000000000000000e+02
3.440000000000000000e+02
3.550000000000000000e+02
3.720000000000000000e+02
3.830000000000000000e+02
3.870000000000000000e+02
4.030000000000000000e+02
4.040000000000000000e+02
4.110000000000000000e+02
4.340000000000000000e+02
4.410000000000000000e+02
4.200000000000000000e+02
4.250000000000000000e+02
4.370000000000000000e+02
4.300000000000000000e+02
4.340000000000000000e+02
4.170000000000000000e+02
4.210000000000000000e+02
4.040000000000000000e+02
3.990000000000000000e+02
4.050000000000000000e+02
4.000000000000000000e+02
4.050000000000000000e+02
3.780000000000000000e+02
3.740000000000000000e+02
3.650000000000000000e+02
3.590000000000000000e+02
3.710000000000000000e+02
3.710000000000000000e+02
3.490000000000000000e+02
3.390000000000000000e+02
3.410000000000000000e+02
3.620000000000000000e+02
3.460000000000000000e+02
3.540000000000000000e+02
3.510000000000000000e+02
3.400000000000000000e+02
3.200000000000000000e+02
3.220000000000000000e+02
3.270000000000000000e+02
3.140000000000000000e+02
3.020000000000000000e+02
2.870000000000000000e+02
2.800000000000000000e+02
2.720000000000000000e+02
2.840000000000000000e+02
2.810000000000000000e+02
2.880000000000000000e+02
2.890000000000000000e+02
2.790000000000000000e+02
2.710000000000000000e+02
2.660000000000000000e+02
2.600000000000000000e+02
2.550000000000000000e+02
2.530000000000000000e+02
2.530000000000000000e+02
2.440000000000000000e+02
2.500000000000000000e+02
2.620000000000000000e+02
2.650000000000000000e+02
2.650000000000000000e+02
2.800000000000000000e+02
2.800000000000000000e+02
2.770000000000000000e+02
2.790000000000000000e+02
2.870000000000000000e+02
3.110000000000000000e+02
3.250000000000000000e+02
3.070000000000000000e+02
3.040000000000000000e+02
3.080000000000000000e+02
3.090000000000000000e+02
3.100000000000000000e+02
3.130000000000000000e+02
3.070000000000000000e+02
3.220000000000000000e+02
3.130000000000000000e+02
3.090000000000000000e+02
3.130000000000000000e+02
2.900000000000000000e+02
2.890000000000000000e+02
3.020000000000000000e+02
2.940000000000000000e+02
2.970000000000000000e+02
2.880000000000000000e+02
2.920000000000000000e+02
2.660000000000000000e+02
2.560000000000000000e+02
2.460000000000000000e+02
2.380000000000000000e+02
2.300000000000000000e+02
2.320000000000000000e+02
2.290000000000000000e+02
2.180000000000000000e+02
2.170000000000000000e+02
2.110000000000000000e+02
2.130000000000000000e+02
2.170000000000000000e+02
2.250000000000000000e+02
