9.500000000000000000e+01
8.900000000000000000e+01
9.500000000000000000e+01
9.200000000000000000e+01
9.400000000000000000e+01
9.300000000000000000e+01
9.700000000000000000e+01
1.100000000000000000e+02
1.180000000000000000e+02
1.230000000000000000e+02
1.300000000000000000e+02
1.320000000000000000e+02
1.430000000000000000e+02
1.590000000000000000e+02
1.860000000000000000e+02
1.930000000000000000e+02
2.180000000000000000e+02
2.480000000000000000e+02
2.730000000000000000e+02
3.070000000000000000e+02
3.400000000000000000e+02
3.620000000000000000e+02
3.750000000000000000e+02
3.820000000000000000e+02
4.080000000000000000e+02
4.140000000000000000e+02
4.280000000000000000e+02
4.500000000000000000e+02
4.640000000000000000e+02
4.700000000000000000e+02
4.770000000000000000e+02
4.750000000000000000e+02
4.690000000000000000e+02
4.880000000000000000e+02
5.030000000000000000e+02
5.150000000000000000e+02
5.120000000000000000e+02
4.960000000000000000e+02
4.940000000000000000e+02
4.920000000000000000e+02
4.890000000000000000e+02
4.930000000000000000e+02
4.970000000000000000e+02
4.770000000000000000e+02
4.800000000000000000e+02
4.710000000000000000e+02
4.680000000000000000e+02
4.610000000000000000e+02
4.480000000000000000e+02
4.390000000000000000e+02
4.460000000000000000e+02
4.470000000000000000e+02
4.420000000000000000e+02
4.410000000000000000e+02
4.340000000000000000e+02
4.520000000000000000e+02
4.400000000000000000e+02
4.240000000000000000e+02
4.130000000000000000e+02
4.130000000000000000e+02
4.120000000000000000e+02
3.870000000000000000e+02
3.830000000000000000e+02
3.640000000000000000e+02
3.650000000000000000e+02
3.800000000000000000e+02
3.600000000000000000e+02
3.540000000000000000e+02
3.500000000000000000e+02
3.400000000000000000e+02
3.410000000000000000e+02
3.450000000000000000e+02
3.520000000000000000e+02
3.440000000000000000e+02
3.490000000000000000e+02
3.550000000000000000e+02
3.550000000000000000e+02
3.500000000000000000e+02
3.400000000000000000e+02
3.300000000000000000e+02
3.280000000000000000e+02
3.090000000000000000e+02
3.040000000000000000e+02
3.080000000000000000e+02
3.180000000000000000e+02
3.080000000000000000e+02
3.100000000000000000e+02
2.920000000000000000e+02
2.870000000000000000e+02
2.720000000000000000e+02
2.690000000000000000e+02
2.900000000000000000e+02
2.760000000000000000e+02
2.670000000000000000e+02
2.790000000000000000e+02
2.830000000000000000e+02
2.860000000000000000e+02
2.870000000000000000e+02
2.920000000000000000e+02
2.930000000000000000e+02
2.880000000000000000e+02
2.880000000000000000e+02
2.950000000000000000e+02
2.970000000000000000e+02
2.990000000000000000e+02
2.910000000000000000e+02
2.960000000000000000e+02
2.940000000000000000e+02
2.970000000000000000e+02
3.020000000000000000e+02
3.050000000000000000e+02
3.000000000000000000e+02
3.070000000000000000e+02
2.950000000000000000e+02
2.900000000000000000e+02
3.050000000000000000e+02
2.970000000000000000e+02
2.970000000000000000e+02
2.960000000000000000e+02
2.840000000000000000e+02
2.810000000000000000e+02
2.810000000000000000e+02
