1.610000000000000000e+02
1.680000000000000000e+02
1.770000000000000000e+02
1.800000000000000000e+02
1.720000000000000000e+02
1.840000000000000000e+02
1.780000000000000000e+02
2.050000000000000000e+02
2.230000000000000000e+02
2.390000000000000000e+02
2.490000000000000000e+02
2.720000000000000000e+02
2.880000000000000000e+02
3.210000000000000000e+02
3.390000000000000000e+02
3.520000000000000000e+02
3.550000000000000000e+02
3.710000000000000000e+02
3.760000000000000000e+02
3.940000000000000000e+02
4.000000000000000000e+02
4.020000000000000000e+02
4.130000000000000000e+02
4.130000000000000000e+02
4.240000000000000000e+02
4.010000000000000000e+02
3.930000000000000000e+02
3.810000000000000000e+02
3.610000000000000000e+02
3.610000000000000000e+02
3.710000000000000000e+02
3.570000000000000000e+02
3.410000000000000000e+02
3.370000000000000000e+02
3.320000000000000000e+02
3.260000000000000000e+02
3.140000000000000000e+02
3.130000000000000000e+02
3.120000000000000000e+02
2.930000000000000000e+02
2.830000000000000000e+02
2.810000000000000000e+02
2.630000000000000000e+02
2.770000000000000000e+02
2.760000000000000000e+02
2.720000000000000000e+02
2.740000000000000000e+02
2.820000000000000000e+02
2.870000000000000000e+02
2.920000000000000000e+02
3.200000000000000000e+02
3.310000000000000000e+02
3.370000000000000000e+02
3.290000000000000000e+02
3.240000000000000000e+02
3.180000000000000000e+02
3.380000000000000000e+02
3.470000000000000000e+02
3.490000000000000000e+02
3.390000000000000000e+02
3.250000000000000000e+02
3.220000000000000000e+02
3.150000000000000000e+02
3.320000000000000000e+02
3.140000000000000000e+02
3.120000000000000000e+02
3.100000000000000000e+02
2.990000000000000000e+02
3.050000000000000000e+02
2.880000000000000000e+02
2.790000000000000000e+02
2.760000000000000000e+02
2.550000000000000000e+02
2.620000000000000000e+02
2.340000000000000000e+02
2.350000000000000000e+02
2.440000000000000000e+02
2.420000000000000000e+02
2.350000000000000000e+02
2.450000000000000000e+02
2.390000000000000000e+02
2.420000000000000000e+02
2.430000000000000000e+02
2.590000000000000000e+02
2.560000000000000000e+02
2.760000000000000000e+02
2.700000000000000000e+02
2.800000000000000000e+02
2.940000000000000000e+02
3.140000000000000000e+02
3.190000000000000000e+02
3.190000000000000000e+02
3.080000000000000000e+02
3.230000000000000000e+02
3.230000000000000000e+02
3.170000000000000000e+02
3.300000000000000000e+02
3.450000000000000000e+02
3.430000000000000000e+02
3.440000000000000000e+02
3.390000000000000000e+02
3.210000000000000000e+02
3.040000000000000000e+02
2.920000000000000000e+02
2.830000000000000000e+02
2.690000000000000000e+02
2.630000000000000000e+02
2.640000000000000000e+02
2.570000000000000000e+02
2.570000000000000000e+02
2.570000000000000000e+02
2.440000000000000000e+02
2.250000000000000000e+02
2.170000000000000000e+02
2.100000000000000000e+02
1.970000000000000000e+02
1.830000000000000000e+02
1.830000000000000000e+02
1.900000000000000000e+02
1.940000000000000000e+02
2.030000000000000000e+02
