8.000000000000000000e+01
8.900000000000000000e+01
9.500000000000000000e+01
9.800000000000000000e+01
1.010000000000000000e+02
1.120000000000000000e+02
1.220000000000000000e+02
1.380000000000000000e+02
1.420000000000000000e+02
1.420000000000000000e+02
1.440000000000000000e+02
1.510000000000000000e+02
1.640000000000000000e+02
1.820000000000000000e+02
1.960000000000000000e+02
2.110000000000000000e+02
2.330000000000000000e+02
2.460000000000000000e+02
2.540000000000000000e+02
2.670000000000000000e+02
2.900000000000000000e+02
2.950000000000000000e+02
3.020000000000000000e+02
3.070000000000000000e+02
3.130000000000000000e+02
3.200000000000000000e+02
3.230000000000000000e+02
3.160000000000000000e+02
3.200000000000000000e+02
3.180000000000000000e+02
3.190000000000000000e+02
3.140000000000000000e+02
3.040000000000000000e+02
3.130000000000000000e+02
3.040000000000000000e+02
3.010000000000000000e+02
3.070000000000000000e+02
3.170000000000000000e+02
3.250000000000000000e+02
3.160000000000000000e+02
3.160000000000000000e+02
3.090000000000000000e+02
3.120000000000000000e+02
3.120000000000000000e+02
3.150000000000000000e+02
3.250000000000000000e+02
3.140000000000000000e+02
3.010000000000000000e+02
2.930000000000000000e+02
2.870000000000000000e+02
2.850000000000000000e+02
2.670000000000000000e+02
2.720000000000000000e+02
2.630000000000000000e+02
2.670000000000000000e+02
2.660000000000000000e+02
2.590000000000000000e+02
2.560000000000000000e+02
2.520000000000000000e+02
2.610000000000000000e+02
2.600000000000000000e+02
2.720000000000000000e+02
2.570000000000000000e+02
2.710000000000000000e+02
2.720000000000000000e+02
2.820000000000000000e+02
2.890000000000000000e+02
2.960000000000000000e+02
3.200000000000000000e+02
3.310000000000000000e+02
3.370000000000000000e+02
3.500000000000000000e+02
3.340000000000000000e+02
3.250000000000000000e+02
3.240000000000000000e+02
3.150000000000000000e+02
3.280000000000000000e+02
3.220000000000000000e+02
3.230000000000000000e+02
3.200000000000000000e+02
3.030000000000000000e+02
2.870000000000000000e+02
2.800000000000000000e+02
2.740000000000000000e+02
2.640000000000000000e+02
2.440000000000000000e+02
2.320000000000000000e+02
2.220000000000000000e+02
2.160000000000000000e+02
2.180000000000000000e+02
2.170000000000000000e+02
2.040000000000000000e+02
2.000000000000000000e+02
2.000000000000000000e+02
1.960000000000000000e+02
2.030000000000000000e+02
2.030000000000000000e+02
2.000000000000000000e+02
1.980000000000000000e+02
2.060000000000000000e+02
2.150000000000000000e+02
2.190000000000000000e+02
2.290000000000000000e+02
2.330000000000000000e+02
2.360000000000000000e+02
2.280000000000000000e+02
2.270000000000000000e+02
2.300000000000000000e+02
2.280000000000000000e+02
2.340000000000000000e+02
2.390000000000000000e+02
2.370000000000000000e+02
2.460000000000000000e+02
2.440000000000000000e+02
2.350000000000000000e+02
2.390000000000000000e+02
2.350000000000000000e+02
2.220000000000000000e+02
2.250000000000000000e+02
2.180000000000000000e+02
2.100000000000000000e+02
2.130000000000000000e+02
2.070000000000000000e+02
