4.600000000000000000e+01
4.400000000000000000e+01
4.800000000000000000e+01
5.300000000000000000e+01
4.900000000000000000e+01
4.500000000000000000e+01
5.400000000000000000e+01
4.900000000000000000e+01
5.000000000000000000e+01
4.500000000000000000e+01
4.700000000000000000e+01
4.700000000000000000e+01
4.800000000000000000e+01
4.900000000000000000e+01
4.700000000000000000e+01
4.700000000000000000e+01
4.100000000000000000e+01
3.700000000000000000e+01
3.500000000000000000e+01
3.300000000000000000e+01
3.000000000000000000e+01
2.500000000000000000e+01
2.600000000000000000e+01
2.700000000000000000e+01
2.400000000000000000e+01
2.000000000000000000e+01
1.700000000000000000e+01
1.700000000000000000e+01
2.100000000000000000e+01
1.800000000000000000e+01
2.000000000000000000e+01
2.100000000000000000e+01
1.900000000000000000e+01
1.600000000000000000e+01
1.800000000000000000e+01
2.100000000000000000e+01
2.600000000000000000e+01
2.900000000000000000e+01
3.000000000000000000e+01
3.500000000000000000e+01
3.500000000000000000e+01
3.700000000000000000e+01
4.000000000000000000e+01
4.100000000000000000e+01
4.600000000000000000e+01
5.200000000000000000e+01
5.800000000000000000e+01
6.000000000000000000e+01
6.200000000000000000e+01
6.900000000000000000e+01
7.000000000000000000e+01
8.000000000000000000e+01
1.010000000000000000e+02
1.140000000000000000e+02
1.250000000000000000e+02
1.310000000000000000e+02
1.490000000000000000e+02
1.700000000000000000e+02
1.940000000000000000e+02
2.210000000000000000e+02
2.390000000000000000e+02
2.630000000000000000e+02
2.840000000000000000e+02
2.880000000000000000e+02
3.140000000000000000e+02
3.310000000000000000e+02
3.410000000000000000e+02
3.380000000000000000e+02
3.300000000000000000e+02
3.340000000000000000e+02
3.400000000000000000e+02
3.490000000000000000e+02
3.800000000000000000e+02
3.940000000000000000e+02
3.890000000000000000e+02
4.050000000000000000e+02
3.860000000000000000e+02
3.690000000000000000e+02
3.710000000000000000e+02
3.630000000000000000e+02
3.500000000000000000e+02
3.530000000000000000e+02
3.370000000000000000e+02
3.300000000000000000e+02
3.050000000000000000e+02
2.830000000000000000e+02
2.880000000000000000e+02
2.720000000000000000e+02
2.610000000000000000e+02
2.470000000000000000e+02
2.290000000000000000e+02
2.250000000000000000e+02
2.070000000000000000e+02
2.020000000000000000e+02
1.970000000000000000e+02
1.880000000000000000e+02
1.890000000000000000e+02
1.770000000000000000e+02
1.720000000000000000e+02
1.710000000000000000e+02
1.650000000000000000e+02
1.570000000000000000e+02
1.580000000000000000e+02
1.620000000000000000e+02
1.620000000000000000e+02
1.530000000000000000e+02
1.530000000000000000e+02
1.530000000000000000e+02
1.440000000000000000e+02
1.370000000000000000e+02
1.390000000000000000e+02
1.340000000000000000e+02
1.420000000000000000e+02
1.560000000000000000e+02
1.720000000000000000e+02
1.840000000000000000e+02
1.880000000000000000e+02
1.780000000000000000e+02
1.890000000000000000e+02
2.000000000000000000e+02
1.990000000000000000e+02
