1.760000000000000000e+02
1.780000000000000000e+02
1.740000000000000000e+02
1.740000000000000000e+02
1.770000000000000000e+02
1.860000000000000000e+02
2.010000000000000000e+02
2.140000000000000000e+02
2.260000000000000000e+02
2.580000000000000000e+02
2.870000000000000000e+02
3.100000000000000000e+02
3.240000000000000000e+02
3.370000000000000000e+02
3.350000000000000000e+02
3.570000000000000000e+02
3.890000000000000000e+02
3.890000000000000000e+02
4.160000000000000000e+02
4.290000000000000000e+02
4.410000000000000000e+02
4.500000000000000000e+02
4.540000000000000000e+02
4.670000000000000000e+02
4.660000000000000000e+02
4.530000000000000000e+02
4.420000000000000000e+02
4.230000000000000000e+02
4.140000000000000000e+02
4.120000000000000000e+02
4.040000000000000000e+02
4.120000000000000000e+02
4.050000000000000000e+02
4.030000000000000000e+02
4.010000000000000000e+02
4.070000000000000000e+02
3.800000000000000000e+02
3.610000000000000000e+02
3.630000000000000000e+02
3.520000000000000000e+02
3.500000000000000000e+02
3.390000000000000000e+02
3.430000000000000000e+02
3.270000000000000000e+02
3.290000000000000000e+02
3.150000000000000000e+02
3.040000000000000000e+02
2.800000000000000000e+02
2.830000000000000000e+02
2.770000000000000000e+02
2.630000000000000000e+02
2.680000000000000000e+02
2.580000000000000000e+02
2.500000000000000000e+02
2.530000000000000000e+02
2.650000000000000000e+02
2.650000000000000000e+02
2.690000000000000000e+02
2.870000000000000000e+02
3.000000000000000000e+02
3.160000000000000000e+02
3.330000000000000000e+02
3.500000000000000000e+02
3.560000000000000000e+02
3.640000000000000000e+02
3.660000000000000000e+02
3.690000000000000000e+02
3.730000000000000000e+02
3.720000000000000000e+02
3.640000000000000000e+02
3.570000000000000000e+02
3.570000000000000000e+02
3.590000000000000000e+02
3.620000000000000000e+02
3.640000000000000000e+02
3.510000000000000000e+02
3.440000000000000000e+02
3.310000000000000000e+02
3.140000000000000000e+02
3.020000000000000000e+02
2.980000000000000000e+02
2.940000000000000000e+02
2.900000000000000000e+02
2.860000000000000000e+02
2.710000000000000000e+02
2.590000000000000000e+02
2.470000000000000000e+02
2.390000000000000000e+02
2.320000000000000000e+02
2.450000000000000000e+02
2.430000000000000000e+02
2.350000000000000000e+02
2.390000000000000000e+02
2.530000000000000000e+02
2.700000000000000000e+02
2.690000000000000000e+02
2.710000000000000000e+02
2.680000000000000000e+02
2.750000000000000000e+02
2.870000000000000000e+02
2.800000000000000000e+02
2.770000000000000000e+02
2.750000000000000000e+02
2.680000000000000000e+02
2.770000000000000000e+02
2.860000000000000000e+02
2.830000000000000000e+02
2.800000000000000000e+02
2.750000000000000000e+02
2.640000000000000000e+02
2.500000000000000000e+02
2.420000000000000000e+02
2.370000000000000000e+02
2.330000000000000000e+02
2.270000000000000000e+02
2.250000000000000000e+02
2.310000000000000000e+02
2.240000000000000000e+02
2.050000000000000000e+02
2.030000000000000000e+02
1.960000000000000000e+02
