1.720000000000000000e+02
1.780000000000000000e+02
1.670000000000000000e+02
1.820000000000000000e+02
1.780000000000000000e+02
1.800000000000000000e+02
2.020000000000000000e+02
2.330000000000000000e+02
2.360000000000000000e+02
2.400000000000000000e+02
2.610000000000000000e+02
2.710000000000000000e+02
2.850000000000000000e+02
2.960000000000000000e+02
3.060000000000000000e+02
3.050000000000000000e+02
3.260000000000000000e+02
3.320000000000000000e+02
3.400000000000000000e+02
3.620000000000000000e+02
3.580000000000000000e+02
3.510000000000000000e+02
3.540000000000000000e+02
3.490000000000000000e+02
3.330000000000000000e+02
3.220000000000000000e+02
3.120000000000000000e+02
3.150000000000000000e+02
3.130000000000000000e+02
2.960000000000000000e+02
2.900000000000000000e+02
2.890000000000000000e+02
2.900000000000000000e+02
2.810000000000000000e+02
2.720000000000000000e+02
2.650000000000000000e+02
2.680000000000000000e+02
2.680000000000000000e+02
2.670000000000000000e+02
2.580000000000000000e+02
2.590000000000000000e+02
2.500000000000000000e+02
2.330000000000000000e+02
2.380000000000000000e+02
2.380000000000000000e+02
2.530000000000000000e+02
2.770000000000000000e+02
2.920000000000000000e+02
3.030000000000000000e+02
3.050000000000000000e+02
3.340000000000000000e+02
3.560000000000000000e+02
3.710000000000000000e+02
3.590000000000000000e+02
3.970000000000000000e+02
3.960000000000000000e+02
3.890000000000000000e+02
3.980000000000000000e+02
3.910000000000000000e+02
4.010000000000000000e+02
4.160000000000000000e+02
4.250000000000000000e+02
4.080000000000000000e+02
3.990000000000000000e+02
3.920000000000000000e+02
3.910000000000000000e+02
3.820000000000000000e+02
3.680000000000000000e+02
3.640000000000000000e+02
3.350000000000000000e+02
3.390000000000000000e+02
3.190000000000000000e+02
3.180000000000000000e+02
3.090000000000000000e+02
2.940000000000000000e+02
2.930000000000000000e+02
2.890000000000000000e+02
2.930000000000000000e+02
2.870000000000000000e+02
2.780000000000000000e+02
2.730000000000000000e+02
2.730000000000000000e+02
2.670000000000000000e+02
2.620000000000000000e+02
2.490000000000000000e+02
2.510000000000000000e+02
2.440000000000000000e+02
2.360000000000000000e+02
2.430000000000000000e+02
2.530000000000000000e+02
2.560000000000000000e+02
2.650000000000000000e+02
2.780000000000000000e+02
2.820000000000000000e+02
2.960000000000000000e+02
2.990000000000000000e+02
2.970000000000000000e+02
2.980000000000000000e+02
2.890000000000000000e+02
2.990000000000000000e+02
3.170000000000000000e+02
3.280000000000000000e+02
3.180000000000000000e+02
3.090000000000000000e+02
2.870000000000000000e+02
2.890000000000000000e+02
2.810000000000000000e+02
2.740000000000000000e+02
2.630000000000000000e+02
2.570000000000000000e+02
2.450000000000000000e+02
2.320000000000000000e+02
2.330000000000000000e+02
2.230000000000000000e+02
2.140000000000000000e+02
2.140000000000000000e+02
2.090000000000000000e+02
2.090000000000000000e+02
2.200000000000000000e+02
2.110000000000000000e+02
2.180000000000000000e+02
