1.700000000000000000e+02
1.710000000000000000e+02
1.700000000000000000e+02
1.690000000000000000e+02
1.910000000000000000e+02
1.860000000000000000e+02
1.870000000000000000e+02
1.950000000000000000e+02
2.070000000000000000e+02
2.300000000000000000e+02
2.490000000000000000e+02
2.640000000000000000e+02
2.970000000000000000e+02
2.990000000000000000e+02
3.340000000000000000e+02
3.550000000000000000e+02
3.570000000000000000e+02
3.800000000000000000e+02
3.790000000000000000e+02
3.940000000000000000e+02
4.300000000000000000e+02
4.240000000000000000e+02
4.210000000000000000e+02
4.210000000000000000e+02
4.220000000000000000e+02
4.090000000000000000e+02
4.130000000000000000e+02
4.100000000000000000e+02
4.060000000000000000e+02
3.890000000000000000e+02
3.730000000000000000e+02
3.670000000000000000e+02
3.600000000000000000e+02
3.330000000000000000e+02
3.260000000000000000e+02
3.120000000000000000e+02
3.070000000000000000e+02
3.030000000000000000e+02
2.920000000000000000e+02
2.710000000000000000e+02
2.420000000000000000e+02
2.380000000000000000e+02
2.310000000000000000e+02
2.300000000000000000e+02
2.260000000000000000e+02
2.200000000000000000e+02
2.150000000000000000e+02
2.150000000000000000e+02
2.310000000000000000e+02
2.300000000000000000e+02
2.350000000000000000e+02
2.490000000000000000e+02
2.540000000000000000e+02
2.660000000000000000e+02
2.800000000000000000e+02
2.790000000000000000e+02
2.980000000000000000e+02
2.980000000000000000e+02
2.950000000000000000e+02
2.970000000000000000e+02
3.000000000000000000e+02
2.980000000000000000e+02
3.070000000000000000e+02
3.100000000000000000e+02
3.000000000000000000e+02
2.850000000000000000e+02
2.780000000000000000e+02
2.840000000000000000e+02
2.810000000000000000e+02
2.790000000000000000e+02
2.850000000000000000e+02
2.770000000000000000e+02
2.630000000000000000e+02
2.560000000000000000e+02
2.530000000000000000e+02
2.440000000000000000e+02
2.290000000000000000e+02
2.380000000000000000e+02
2.560000000000000000e+02
2.620000000000000000e+02
2.640000000000000000e+02
2.650000000000000000e+02
2.640000000000000000e+02
2.780000000000000000e+02
2.880000000000000000e+02
2.920000000000000000e+02
2.850000000000000000e+02
2.850000000000000000e+02
2.810000000000000000e+02
2.880000000000000000e+02
2.830000000000000000e+02
2.770000000000000000e+02
2.810000000000000000e+02
2.750000000000000000e+02
2.550000000000000000e+02
2.530000000000000000e+02
2.460000000000000000e+02
2.520000000000000000e+02
2.560000000000000000e+02
2.510000000000000000e+02
2.330000000000000000e+02
2.290000000000000000e+02
2.250000000000000000e+02
2.160000000000000000e+02
2.180000000000000000e+02
2.130000000000000000e+02
2.110000000000000000e+02
2.060000000000000000e+02
2.020000000000000000e+02
1.950000000000000000e+02
1.990000000000000000e+02
1.920000000000000000e+02
1.750000000000000000e+02
1.780000000000000000e+02
1.680000000000000000e+02
1.620000000000000000e+02
1.720000000000000000e+02
1.730000000000000000e+02
1.680000000000000000e+02
1.760000000000000000e+02
1.840000000000000000e+02
