1.170000000000000000e+02
1.090000000000000000e+02
1.140000000000000000e+02
1.120000000000000000e+02
1.110000000000000000e+02
1.080000000000000000e+02
1.000000000000000000e+02
9.900000000000000000e+01
1.000000000000000000e+02
9.600000000000000000e+01
1.030000000000000000e+02
9.300000000000000000e+01
9.400000000000000000e+01
9.800000000000000000e+01
9.600000000000000000e+01
9.200000000000000000e+01
9.300000000000000000e+01
9.000000000000000000e+01
9.200000000000000000e+01
9.100000000000000000e+01
9.000000000000000000e+01
8.500000000000000000e+01
8.800000000000000000e+01
8.100000000000000000e+01
8.100000000000000000e+01
7.200000000000000000e+01
6.800000000000000000e+01
7.400000000000000000e+01
7.800000000000000000e+01
8.200000000000000000e+01
8.700000000000000000e+01
9.000000000000000000e+01
9.400000000000000000e+01
9.700000000000000000e+01
1.000000000000000000e+02
1.030000000000000000e+02
1.020000000000000000e+02
1.020000000000000000e+02
1.040000000000000000e+02
1.200000000000000000e+02
1.320000000000000000e+02
1.540000000000000000e+02
1.830000000000000000e+02
2.020000000000000000e+02
2.010000000000000000e+02
2.110000000000000000e+02
2.240000000000000000e+02
2.300000000000000000e+02
2.330000000000000000e+02
2.280000000000000000e+02
2.290000000000000000e+02
2.440000000000000000e+02
2.480000000000000000e+02
2.480000000000000000e+02
2.510000000000000000e+02
2.560000000000000000e+02
2.560000000000000000e+02
2.670000000000000000e+02
2.670000000000000000e+02
2.680000000000000000e+02
2.490000000000000000e+02
2.520000000000000000e+02
2.520000000000000000e+02
2.270000000000000000e+02
2.270000000000000000e+02
2.040000000000000000e+02
2.180000000000000000e+02
2.130000000000000000e+02
2.150000000000000000e+02
2.180000000000000000e+02
2.140000000000000000e+02
2.060000000000000000e+02
2.000000000000000000e+02
2.060000000000000000e+02
2.050000000000000000e+02
1.940000000000000000e+02
1.950000000000000000e+02
1.820000000000000000e+02
1.800000000000000000e+02
1.830000000000000000e+02
1.800000000000000000e+02
1.890000000000000000e+02
1.890000000000000000e+02
1.910000000000000000e+02
1.950000000000000000e+02
1.940000000000000000e+02
1.950000000000000000e+02
2.060000000000000000e+02
2.120000000000000000e+02
2.030000000000000000e+02
2.030000000000000000e+02
2.150000000000000000e+02
2.020000000000000000e+02
2.030000000000000000e+02
2.110000000000000000e+02
2.150000000000000000e+02
2.130000000000000000e+02
2.140000000000000000e+02
2.040000000000000000e+02
2.060000000000000000e+02
1.990000000000000000e+02
1.990000000000000000e+02
1.970000000000000000e+02
1.970000000000000000e+02
1.950000000000000000e+02
1.870000000000000000e+02
1.720000000000000000e+02
1.670000000000000000e+02
1.650000000000000000e+02
1.580000000000000000e+02
1.570000000000000000e+02
1.550000000000000000e+02
1.450000000000000000e+02
1.360000000000000000e+02
1.270000000000000000e+02
1.300000000000000000e+02
1.260000000000000000e+02
1.260000000000000000e+02
1.200000000000000000e+02
1.300000000000000000e+02
1.300000000000000000e+02
