6.700000000000000000e+01
6.600000000000000000e+01
6.400000000000000000e+01
6.700000000000000000e+01
6.400000000000000000e+01
6.800000000000000000e+01
6.800000000000000000e+01
6.400000000000000000e+01
5.900000000000000000e+01
5.800000000000000000e+01
5.700000000000000000e+01
6.100000000000000000e+01
5.800000000000000000e+01
6.400000000000000000e+01
5.600000000000000000e+01
5.000000000000000000e+01
4.800000000000000000e+01
4.500000000000000000e+01
4.500000000000000000e+01
4.300000000000000000e+01
4.200000000000000000e+01
4.100000000000000000e+01
3.800000000000000000e+01
3.700000000000000000e+01
3.700000000000000000e+01
3.600000000000000000e+01
3.600000000000000000e+01
3.700000000000000000e+01
3.700000000000000000e+01
3.500000000000000000e+01
3.400000000000000000e+01
3.800000000000000000e+01
3.900000000000000000e+01
4.300000000000000000e+01
4.300000000000000000e+01
3.800000000000000000e+01
4.000000000000000000e+01
4.200000000000000000e+01
4.500000000000000000e+01
4.600000000000000000e+01
4.700000000000000000e+01
5.300000000000000000e+01
5.600000000000000000e+01
6.700000000000000000e+01
7.400000000000000000e+01
7.500000000000000000e+01
7.200000000000000000e+01
8.100000000000000000e+01
9.800000000000000000e+01
1.000000000000000000e+02
1.140000000000000000e+02
1.350000000000000000e+02
1.420000000000000000e+02
1.540000000000000000e+02
1.720000000000000000e+02
1.860000000000000000e+02
2.020000000000000000e+02
2.190000000000000000e+02
2.390000000000000000e+02
2.650000000000000000e+02
2.620000000000000000e+02
2.740000000000000000e+02
2.880000000000000000e+02
3.040000000000000000e+02
3.070000000000000000e+02
3.140000000000000000e+02
3.310000000000000000e+02
3.240000000000000000e+02
3.140000000000000000e+02
3.110000000000000000e+02
3.010000000000000000e+02
3.060000000000000000e+02
3.070000000000000000e+02
2.950000000000000000e+02
2.830000000000000000e+02
2.940000000000000000e+02
2.850000000000000000e+02
2.800000000000000000e+02
2.820000000000000000e+02
2.750000000000000000e+02
2.750000000000000000e+02
2.760000000000000000e+02
2.740000000000000000e+02
2.570000000000000000e+02
2.640000000000000000e+02
2.560000000000000000e+02
2.600000000000000000e+02
2.570000000000000000e+02
2.450000000000000000e+02
2.250000000000000000e+02
1.990000000000000000e+02
1.870000000000000000e+02
1.920000000000000000e+02
1.790000000000000000e+02
1.850000000000000000e+02
1.880000000000000000e+02
1.900000000000000000e+02
1.920000000000000000e+02
1.970000000000000000e+02
1.960000000000000000e+02
2.080000000000000000e+02
2.000000000000000000e+02
1.970000000000000000e+02
2.030000000000000000e+02
2.220000000000000000e+02
2.180000000000000000e+02
2.120000000000000000e+02
1.960000000000000000e+02
1.990000000000000000e+02
1.940000000000000000e+02
1.790000000000000000e+02
1.770000000000000000e+02
1.730000000000000000e+02
1.680000000000000000e+02
1.610000000000000000e+02
1.570000000000000000e+02
1.460000000000000000e+02
1.390000000000000000e+02
1.490000000000000000e+02
1.510000000000000000e+02
1.380000000000000000e+02
