8.600000000000000000e+01
8.000000000000000000e+01
8.300000000000000000e+01
7.900000000000000000e+01
8.100000000000000000e+01
8.000000000000000000e+01
8.300000000000000000e+01
8.400000000000000000e+01
8.400000000000000000e+01
8.100000000000000000e+01
8.300000000000000000e+01
8.100000000000000000e+01
8.300000000000000000e+01
7.900000000000000000e+01
7.900000000000000000e+01
7.200000000000000000e+01
6.700000000000000000e+01
6.200000000000000000e+01
5.500000000000000000e+01
5.100000000000000000e+01
4.900000000000000000e+01
4.900000000000000000e+01
5.100000000000000000e+01
4.900000000000000000e+01
4.200000000000000000e+01
4.100000000000000000e+01
4.100000000000000000e+01
3.900000000000000000e+01
3.700000000000000000e+01
3.400000000000000000e+01
3.000000000000000000e+01
3.300000000000000000e+01
3.000000000000000000e+01
3.300000000000000000e+01
3.200000000000000000e+01
3.100000000000000000e+01
3.300000000000000000e+01
3.300000000000000000e+01
3.600000000000000000e+01
4.000000000000000000e+01
3.900000000000000000e+01
4.500000000000000000e+01
5.600000000000000000e+01
6.000000000000000000e+01
6.100000000000000000e+01
6.700000000000000000e+01
7.600000000000000000e+01
8.500000000000000000e+01
8.300000000000000000e+01
7.900000000000000000e+01
8.900000000000000000e+01
8.900000000000000000e+01
9.900000000000000000e+01
1.140000000000000000e+02
1.290000000000000000e+02
1.380000000000000000e+02
1.420000000000000000e+02
1.630000000000000000e+02
1.820000000000000000e+02
2.010000000000000000e+02
2.370000000000000000e+02
2.670000000000000000e+02
2.910000000000000000e+02
3.110000000000000000e+02
3.250000000000000000e+02
3.240000000000000000e+02
3.330000000000000000e+02
3.340000000000000000e+02
3.250000000000000000e+02
3.480000000000000000e+02
3.390000000000000000e+02
3.270000000000000000e+02
3.350000000000000000e+02
3.330000000000000000e+02
3.260000000000000000e+02
3.350000000000000000e+02
3.360000000000000000e+02
3.150000000000000000e+02
3.130000000000000000e+02
3.120000000000000000e+02
2.980000000000000000e+02
2.860000000000000000e+02
2.840000000000000000e+02
2.740000000000000000e+02
2.720000000000000000e+02
2.670000000000000000e+02
2.750000000000000000e+02
2.640000000000000000e+02
2.480000000000000000e+02
2.320000000000000000e+02
2.150000000000000000e+02
2.100000000000000000e+02
2.140000000000000000e+02
2.050000000000000000e+02
2.160000000000000000e+02
1.960000000000000000e+02
1.820000000000000000e+02
1.710000000000000000e+02
1.740000000000000000e+02
1.710000000000000000e+02
1.680000000000000000e+02
1.660000000000000000e+02
1.740000000000000000e+02
1.740000000000000000e+02
1.790000000000000000e+02
1.810000000000000000e+02
1.900000000000000000e+02
1.840000000000000000e+02
2.020000000000000000e+02
2.120000000000000000e+02
1.970000000000000000e+02
1.930000000000000000e+02
1.890000000000000000e+02
1.840000000000000000e+02
1.970000000000000000e+02
2.040000000000000000e+02
2.010000000000000000e+02
1.860000000000000000e+02
1.830000000000000000e+02
1.750000000000000000e+02
1.750000000000000000e+02
