8.200000000000000000e+01
9.000000000000000000e+01
8.800000000000000000e+01
8.800000000000000000e+01
9.300000000000000000e+01
1.000000000000000000e+02
1.040000000000000000e+02
1.170000000000000000e+02
1.180000000000000000e+02
1.380000000000000000e+02
1.450000000000000000e+02
1.500000000000000000e+02
1.590000000000000000e+02
1.700000000000000000e+02
1.910000000000000000e+02
1.950000000000000000e+02
2.180000000000000000e+02
2.420000000000000000e+02
2.550000000000000000e+02
2.770000000000000000e+02
3.110000000000000000e+02
3.360000000000000000e+02
3.480000000000000000e+02
3.580000000000000000e+02
3.670000000000000000e+02
3.820000000000000000e+02
3.920000000000000000e+02
4.000000000000000000e+02
4.110000000000000000e+02
3.990000000000000000e+02
4.080000000000000000e+02
4.200000000000000000e+02
4.300000000000000000e+02
4.350000000000000000e+02
4.340000000000000000e+02
4.390000000000000000e+02
4.390000000000000000e+02
4.220000000000000000e+02
4.080000000000000000e+02
3.880000000000000000e+02
3.830000000000000000e+02
4.030000000000000000e+02
3.870000000000000000e+02
3.810000000000000000e+02
3.850000000000000000e+02
3.850000000000000000e+02
3.910000000000000000e+02
3.690000000000000000e+02
3.740000000000000000e+02
3.670000000000000000e+02
3.790000000000000000e+02
3.710000000000000000e+02
3.640000000000000000e+02
3.470000000000000000e+02
3.460000000000000000e+02
3.280000000000000000e+02
3.180000000000000000e+02
3.290000000000000000e+02
3.200000000000000000e+02
3.210000000000000000e+02
3.210000000000000000e+02
3.160000000000000000e+02
3.050000000000000000e+02
2.920000000000000000e+02
2.760000000000000000e+02
2.610000000000000000e+02
2.650000000000000000e+02
2.590000000000000000e+02
2.670000000000000000e+02
2.630000000000000000e+02
2.510000000000000000e+02
2.440000000000000000e+02
2.440000000000000000e+02
2.500000000000000000e+02
2.430000000000000000e+02
2.300000000000000000e+02
2.260000000000000000e+02
2.270000000000000000e+02
2.220000000000000000e+02
2.080000000000000000e+02
2.200000000000000000e+02
2.380000000000000000e+02
2.360000000000000000e+02
2.580000000000000000e+02
2.730000000000000000e+02
2.820000000000000000e+02
2.850000000000000000e+02
2.940000000000000000e+02
3.060000000000000000e+02
3.230000000000000000e+02
3.180000000000000000e+02
3.360000000000000000e+02
3.400000000000000000e+02
3.300000000000000000e+02
3.290000000000000000e+02
3.260000000000000000e+02
3.240000000000000000e+02
3.300000000000000000e+02
3.200000000000000000e+02
3.230000000000000000e+02
3.160000000000000000e+02
3.230000000000000000e+02
3.380000000000000000e+02
3.480000000000000000e+02
3.420000000000000000e+02
3.260000000000000000e+02
3.120000000000000000e+02
3.070000000000000000e+02
3.240000000000000000e+02
2.960000000000000000e+02
2.890000000000000000e+02
2.780000000000000000e+02
3.000000000000000000e+02
2.950000000000000000e+02
2.980000000000000000e+02
3.010000000000000000e+02
2.840000000000000000e+02
2.720000000000000000e+02
2.740000000000000000e+02
2.590000000000000000e+02
2.600000000000000000e+02
2.520000000000000000e+02
