5.000000000000000000e+01
4.400000000000000000e+01
4.500000000000000000e+01
4.200000000000000000e+01
4.200000000000000000e+01
4.300000000000000000e+01
4.400000000000000000e+01
4.500000000000000000e+01
4.200000000000000000e+01
4.400000000000000000e+01
4.300000000000000000e+01
4.200000000000000000e+01
4.000000000000000000e+01
4.300000000000000000e+01
3.800000000000000000e+01
4.000000000000000000e+01
4.200000000000000000e+01
3.500000000000000000e+01
3.500000000000000000e+01
3.400000000000000000e+01
3.000000000000000000e+01
2.900000000000000000e+01
2.500000000000000000e+01
2.500000000000000000e+01
2.500000000000000000e+01
2.300000000000000000e+01
2.400000000000000000e+01
2.400000000000000000e+01
2.100000000000000000e+01
2.100000000000000000e+01
2.000000000000000000e+01
2.100000000000000000e+01
2.400000000000000000e+01
2.900000000000000000e+01
2.700000000000000000e+01
2.700000000000000000e+01
2.900000000000000000e+01
2.600000000000000000e+01
2.400000000000000000e+01
2.400000000000000000e+01
2.600000000000000000e+01
2.900000000000000000e+01
3.600000000000000000e+01
4.100000000000000000e+01
4.500000000000000000e+01
4.300000000000000000e+01
5.100000000000000000e+01
6.000000000000000000e+01
6.300000000000000000e+01
7.000000000000000000e+01
8.000000000000000000e+01
8.600000000000000000e+01
9.900000000000000000e+01
1.200000000000000000e+02
1.380000000000000000e+02
1.540000000000000000e+02
1.730000000000000000e+02
2.000000000000000000e+02
2.350000000000000000e+02
2.630000000000000000e+02
2.810000000000000000e+02
2.990000000000000000e+02
3.250000000000000000e+02
3.290000000000000000e+02
3.260000000000000000e+02
3.540000000000000000e+02
3.830000000000000000e+02
3.780000000000000000e+02
3.780000000000000000e+02
3.820000000000000000e+02
3.660000000000000000e+02
3.440000000000000000e+02
3.390000000000000000e+02
3.420000000000000000e+02
3.280000000000000000e+02
3.160000000000000000e+02
3.180000000000000000e+02
3.070000000000000000e+02
2.970000000000000000e+02
2.940000000000000000e+02
2.900000000000000000e+02
2.850000000000000000e+02
2.750000000000000000e+02
2.680000000000000000e+02
2.520000000000000000e+02
2.510000000000000000e+02
2.470000000000000000e+02
2.460000000000000000e+02
2.330000000000000000e+02
2.280000000000000000e+02
2.090000000000000000e+02
2.090000000000000000e+02
1.960000000000000000e+02
1.870000000000000000e+02
1.780000000000000000e+02
1.800000000000000000e+02
1.730000000000000000e+02
1.710000000000000000e+02
1.660000000000000000e+02
1.670000000000000000e+02
1.640000000000000000e+02
1.710000000000000000e+02
1.790000000000000000e+02
1.730000000000000000e+02
1.660000000000000000e+02
1.830000000000000000e+02
1.950000000000000000e+02
2.010000000000000000e+02
2.010000000000000000e+02
1.990000000000000000e+02
2.030000000000000000e+02
1.920000000000000000e+02
1.910000000000000000e+02
1.920000000000000000e+02
1.750000000000000000e+02
1.650000000000000000e+02
1.610000000000000000e+02
1.520000000000000000e+02
1.420000000000000000e+02
1.410000000000000000e+02
1.310000000000000000e+02
