1.060000000000000000e+02
1.040000000000000000e+02
1.010000000000000000e+02
9.600000000000000000e+01
9.800000000000000000e+01
1.050000000000000000e+02
1.110000000000000000e+02
1.180000000000000000e+02
1.220000000000000000e+02
1.290000000000000000e+02
1.390000000000000000e+02
1.470000000000000000e+02
1.660000000000000000e+02
1.760000000000000000e+02
1.950000000000000000e+02
2.060000000000000000e+02
2.290000000000000000e+02
2.550000000000000000e+02
2.730000000000000000e+02
2.800000000000000000e+02
3.010000000000000000e+02
3.190000000000000000e+02
3.280000000000000000e+02
3.660000000000000000e+02
3.820000000000000000e+02
3.860000000000000000e+02
4.040000000000000000e+02
4.060000000000000000e+02
4.430000000000000000e+02
4.290000000000000000e+02
4.230000000000000000e+02
4.250000000000000000e+02
4.420000000000000000e+02
4.340000000000000000e+02
4.360000000000000000e+02
4.350000000000000000e+02
4.400000000000000000e+02
4.420000000000000000e+02
4.330000000000000000e+02
4.380000000000000000e+02
4.180000000000000000e+02
4.070000000000000000e+02
4.240000000000000000e+02
4.100000000000000000e+02
4.080000000000000000e+02
3.990000000000000000e+02
3.850000000000000000e+02
3.880000000000000000e+02
3.750000000000000000e+02
3.760000000000000000e+02
3.940000000000000000e+02
3.710000000000000000e+02
3.540000000000000000e+02
3.400000000000000000e+02
3.420000000000000000e+02
3.380000000000000000e+02
3.430000000000000000e+02
3.490000000000000000e+02
3.340000000000000000e+02
3.300000000000000000e+02
3.400000000000000000e+02
3.620000000000000000e+02
3.460000000000000000e+02
3.490000000000000000e+02
3.540000000000000000e+02
3.560000000000000000e+02
3.410000000000000000e+02
3.300000000000000000e+02
3.310000000000000000e+02
3.200000000000000000e+02
3.240000000000000000e+02
3.130000000000000000e+02
3.050000000000000000e+02
3.070000000000000000e+02
3.060000000000000000e+02
3.000000000000000000e+02
3.060000000000000000e+02
3.090000000000000000e+02
3.090000000000000000e+02
3.030000000000000000e+02
2.890000000000000000e+02
3.080000000000000000e+02
3.010000000000000000e+02
2.930000000000000000e+02
2.730000000000000000e+02
2.710000000000000000e+02
2.850000000000000000e+02
2.940000000000000000e+02
3.110000000000000000e+02
3.170000000000000000e+02
3.150000000000000000e+02
3.200000000000000000e+02
3.270000000000000000e+02
3.300000000000000000e+02
3.320000000000000000e+02
3.430000000000000000e+02
3.510000000000000000e+02
3.340000000000000000e+02
3.370000000000000000e+02
3.250000000000000000e+02
3.190000000000000000e+02
3.270000000000000000e+02
3.370000000000000000e+02
3.400000000000000000e+02
3.450000000000000000e+02
3.490000000000000000e+02
3.390000000000000000e+02
3.400000000000000000e+02
3.270000000000000000e+02
3.230000000000000000e+02
3.260000000000000000e+02
3.090000000000000000e+02
2.920000000000000000e+02
2.910000000000000000e+02
2.930000000000000000e+02
2.880000000000000000e+02
2.820000000000000000e+02
2.610000000000000000e+02
2.660000000000000000e+02
2.570000000000000000e+02
2.490000000000000000e+02
2.460000000000000000e+02
