3.100000000000000000e+01
3.000000000000000000e+01
3.500000000000000000e+01
3.800000000000000000e+01
3.700000000000000000e+01
3.700000000000000000e+01
4.000000000000000000e+01
4.700000000000000000e+01
5.400000000000000000e+01
5.600000000000000000e+01
5.300000000000000000e+01
5.700000000000000000e+01
5.600000000000000000e+01
6.500000000000000000e+01
7.500000000000000000e+01
8.600000000000000000e+01
9.600000000000000000e+01
1.120000000000000000e+02
1.180000000000000000e+02
1.260000000000000000e+02
1.330000000000000000e+02
1.360000000000000000e+02
1.480000000000000000e+02
1.500000000000000000e+02
1.540000000000000000e+02
1.540000000000000000e+02
1.530000000000000000e+02
1.540000000000000000e+02
1.500000000000000000e+02
1.490000000000000000e+02
1.530000000000000000e+02
1.450000000000000000e+02
1.480000000000000000e+02
1.460000000000000000e+02
1.520000000000000000e+02
1.510000000000000000e+02
1.500000000000000000e+02
1.540000000000000000e+02
1.540000000000000000e+02
1.520000000000000000e+02
1.450000000000000000e+02
1.440000000000000000e+02
1.510000000000000000e+02
1.550000000000000000e+02
1.550000000000000000e+02
1.590000000000000000e+02
1.610000000000000000e+02
1.640000000000000000e+02
1.620000000000000000e+02
1.600000000000000000e+02
1.580000000000000000e+02
1.560000000000000000e+02
1.450000000000000000e+02
1.390000000000000000e+02
1.310000000000000000e+02
1.380000000000000000e+02
1.340000000000000000e+02
1.320000000000000000e+02
1.370000000000000000e+02
1.220000000000000000e+02
1.190000000000000000e+02
1.270000000000000000e+02
1.290000000000000000e+02
1.280000000000000000e+02
1.250000000000000000e+02
1.220000000000000000e+02
1.220000000000000000e+02
1.240000000000000000e+02
1.290000000000000000e+02
1.280000000000000000e+02
1.310000000000000000e+02
1.260000000000000000e+02
1.130000000000000000e+02
1.110000000000000000e+02
1.140000000000000000e+02
1.140000000000000000e+02
1.120000000000000000e+02
1.010000000000000000e+02
9.800000000000000000e+01
8.500000000000000000e+01
8.400000000000000000e+01
8.100000000000000000e+01
7.800000000000000000e+01
7.800000000000000000e+01
7.800000000000000000e+01
8.300000000000000000e+01
7.900000000000000000e+01
7.800000000000000000e+01
7.800000000000000000e+01
8.000000000000000000e+01
8.100000000000000000e+01
8.300000000000000000e+01
8.700000000000000000e+01
8.300000000000000000e+01
8.900000000000000000e+01
8.600000000000000000e+01
8.100000000000000000e+01
9.200000000000000000e+01
1.010000000000000000e+02
9.600000000000000000e+01
9.100000000000000000e+01
9.100000000000000000e+01
8.700000000000000000e+01
9.600000000000000000e+01
9.600000000000000000e+01
9.700000000000000000e+01
9.600000000000000000e+01
9.700000000000000000e+01
8.800000000000000000e+01
8.100000000000000000e+01
8.400000000000000000e+01
8.600000000000000000e+01
8.300000000000000000e+01
9.000000000000000000e+01
9.800000000000000000e+01
9.300000000000000000e+01
9.000000000000000000e+01
8.600000000000000000e+01
8.900000000000000000e+01
8.700000000000000000e+01
8.100000000000000000e+01
8.400000000000000000e+01
