8.600000000000000000e+01
8.700000000000000000e+01
9.300000000000000000e+01
1.020000000000000000e+02
1.080000000000000000e+02
1.030000000000000000e+02
9.800000000000000000e+01
1.010000000000000000e+02
1.040000000000000000e+02
1.140000000000000000e+02
1.250000000000000000e+02
1.280000000000000000e+02
1.410000000000000000e+02
1.520000000000000000e+02
1.740000000000000000e+02
1.980000000000000000e+02
2.190000000000000000e+02
2.550000000000000000e+02
2.700000000000000000e+02
2.770000000000000000e+02
3.040000000000000000e+02
3.260000000000000000e+02
3.450000000000000000e+02
3.670000000000000000e+02
3.750000000000000000e+02
3.850000000000000000e+02
3.940000000000000000e+02
4.100000000000000000e+02
4.400000000000000000e+02
4.420000000000000000e+02
4.480000000000000000e+02
4.550000000000000000e+02
4.410000000000000000e+02
4.280000000000000000e+02
4.230000000000000000e+02
4.240000000000000000e+02
4.200000000000000000e+02
4.190000000000000000e+02
4.210000000000000000e+02
4.000000000000000000e+02
4.070000000000000000e+02
3.810000000000000000e+02
3.820000000000000000e+02
3.880000000000000000e+02
3.990000000000000000e+02
3.970000000000000000e+02
3.890000000000000000e+02
4.090000000000000000e+02
4.000000000000000000e+02
3.790000000000000000e+02
3.750000000000000000e+02
3.790000000000000000e+02
3.850000000000000000e+02
3.790000000000000000e+02
3.620000000000000000e+02
3.590000000000000000e+02
3.590000000000000000e+02
3.570000000000000000e+02
3.530000000000000000e+02
3.520000000000000000e+02
3.390000000000000000e+02
3.430000000000000000e+02
3.390000000000000000e+02
3.290000000000000000e+02
3.150000000000000000e+02
3.210000000000000000e+02
3.190000000000000000e+02
3.020000000000000000e+02
2.990000000000000000e+02
2.980000000000000000e+02
2.920000000000000000e+02
2.990000000000000000e+02
3.010000000000000000e+02
2.960000000000000000e+02
2.850000000000000000e+02
2.940000000000000000e+02
2.940000000000000000e+02
2.980000000000000000e+02
2.810000000000000000e+02
2.680000000000000000e+02
2.630000000000000000e+02
2.530000000000000000e+02
2.490000000000000000e+02
2.370000000000000000e+02
2.410000000000000000e+02
2.520000000000000000e+02
2.580000000000000000e+02
2.560000000000000000e+02
2.630000000000000000e+02
2.680000000000000000e+02
2.700000000000000000e+02
2.870000000000000000e+02
2.910000000000000000e+02
3.030000000000000000e+02
2.800000000000000000e+02
2.900000000000000000e+02
2.980000000000000000e+02
3.010000000000000000e+02
3.170000000000000000e+02
3.190000000000000000e+02
3.210000000000000000e+02
3.240000000000000000e+02
3.190000000000000000e+02
3.100000000000000000e+02
3.010000000000000000e+02
2.980000000000000000e+02
2.780000000000000000e+02
2.640000000000000000e+02
2.550000000000000000e+02
2.440000000000000000e+02
2.500000000000000000e+02
2.490000000000000000e+02
2.450000000000000000e+02
2.440000000000000000e+02
2.390000000000000000e+02
2.450000000000000000e+02
2.560000000000000000e+02
2.560000000000000000e+02
2.650000000000000000e+02
2.710000000000000000e+02
2.770000000000000000e+02
2.860000000000000000e+02
