8.000000000000000000e+01
7.300000000000000000e+01
8.600000000000000000e+01
7.900000000000000000e+01
8.100000000000000000e+01
8.000000000000000000e+01
9.400000000000000000e+01
9.700000000000000000e+01
9.300000000000000000e+01
9.900000000000000000e+01
1.020000000000000000e+02
1.130000000000000000e+02
1.290000000000000000e+02
1.390000000000000000e+02
1.510000000000000000e+02
1.670000000000000000e+02
1.690000000000000000e+02
1.870000000000000000e+02
2.010000000000000000e+02
2.250000000000000000e+02
2.590000000000000000e+02
2.860000000000000000e+02
3.010000000000000000e+02
3.190000000000000000e+02
3.630000000000000000e+02
3.840000000000000000e+02
4.140000000000000000e+02
4.290000000000000000e+02
4.480000000000000000e+02
4.570000000000000000e+02
4.600000000000000000e+02
4.390000000000000000e+02
4.450000000000000000e+02
4.540000000000000000e+02
4.640000000000000000e+02
4.550000000000000000e+02
4.330000000000000000e+02
4.290000000000000000e+02
4.300000000000000000e+02
4.390000000000000000e+02
4.480000000000000000e+02
4.550000000000000000e+02
4.570000000000000000e+02
4.380000000000000000e+02
4.310000000000000000e+02
4.140000000000000000e+02
4.030000000000000000e+02
3.900000000000000000e+02
4.050000000000000000e+02
4.040000000000000000e+02
4.200000000000000000e+02
4.110000000000000000e+02
4.300000000000000000e+02
4.390000000000000000e+02
4.180000000000000000e+02
4.290000000000000000e+02
4.120000000000000000e+02
4.010000000000000000e+02
4.020000000000000000e+02
4.070000000000000000e+02
3.970000000000000000e+02
3.910000000000000000e+02
3.820000000000000000e+02
3.670000000000000000e+02
3.510000000000000000e+02
3.420000000000000000e+02
3.450000000000000000e+02
3.340000000000000000e+02
3.370000000000000000e+02
3.440000000000000000e+02
3.310000000000000000e+02
3.180000000000000000e+02
3.150000000000000000e+02
3.140000000000000000e+02
3.030000000000000000e+02
2.900000000000000000e+02
2.780000000000000000e+02
2.810000000000000000e+02
2.710000000000000000e+02
2.720000000000000000e+02
2.680000000000000000e+02
2.700000000000000000e+02
2.690000000000000000e+02
2.620000000000000000e+02
2.650000000000000000e+02
2.660000000000000000e+02
2.790000000000000000e+02
2.770000000000000000e+02
2.850000000000000000e+02
2.760000000000000000e+02
2.790000000000000000e+02
2.620000000000000000e+02
2.630000000000000000e+02
2.680000000000000000e+02
2.570000000000000000e+02
2.500000000000000000e+02
2.450000000000000000e+02
2.390000000000000000e+02
2.520000000000000000e+02
2.620000000000000000e+02
2.800000000000000000e+02
2.830000000000000000e+02
2.940000000000000000e+02
3.010000000000000000e+02
3.200000000000000000e+02
3.380000000000000000e+02
3.320000000000000000e+02
3.410000000000000000e+02
3.480000000000000000e+02
3.410000000000000000e+02
3.460000000000000000e+02
3.480000000000000000e+02
3.440000000000000000e+02
3.400000000000000000e+02
3.350000000000000000e+02
3.300000000000000000e+02
3.320000000000000000e+02
3.450000000000000000e+02
3.470000000000000000e+02
3.400000000000000000e+02
3.330000000000000000e+02
3.190000000000000000e+02
