4.700000000000000000e+01
4.700000000000000000e+01
4.400000000000000000e+01
4.100000000000000000e+01
5.000000000000000000e+01
4.900000000000000000e+01
4.900000000000000000e+01
4.900000000000000000e+01
5.000000000000000000e+01
4.400000000000000000e+01
4.500000000000000000e+01
4.300000000000000000e+01
4.200000000000000000e+01
3.600000000000000000e+01
3.600000000000000000e+01
3.300000000000000000e+01
2.800000000000000000e+01
3.000000000000000000e+01
2.900000000000000000e+01
2.700000000000000000e+01
2.200000000000000000e+01
2.300000000000000000e+01
2.100000000000000000e+01
2.200000000000000000e+01
1.900000000000000000e+01
1.800000000000000000e+01
1.500000000000000000e+01
1.500000000000000000e+01
1.600000000000000000e+01
1.800000000000000000e+01
1.900000000000000000e+01
1.700000000000000000e+01
1.700000000000000000e+01
2.500000000000000000e+01
2.900000000000000000e+01
2.800000000000000000e+01
3.000000000000000000e+01
3.200000000000000000e+01
3.400000000000000000e+01
3.300000000000000000e+01
3.100000000000000000e+01
2.800000000000000000e+01
2.900000000000000000e+01
2.900000000000000000e+01
3.800000000000000000e+01
5.000000000000000000e+01
5.400000000000000000e+01
5.400000000000000000e+01
5.400000000000000000e+01
6.600000000000000000e+01
8.200000000000000000e+01
9.100000000000000000e+01
9.200000000000000000e+01
1.170000000000000000e+02
1.320000000000000000e+02
1.430000000000000000e+02
1.550000000000000000e+02
1.590000000000000000e+02
1.670000000000000000e+02
1.850000000000000000e+02
2.180000000000000000e+02
2.410000000000000000e+02
2.600000000000000000e+02
2.790000000000000000e+02
3.290000000000000000e+02
3.430000000000000000e+02
3.620000000000000000e+02
3.710000000000000000e+02
3.810000000000000000e+02
3.900000000000000000e+02
3.760000000000000000e+02
3.910000000000000000e+02
3.900000000000000000e+02
4.010000000000000000e+02
3.920000000000000000e+02
3.920000000000000000e+02
3.830000000000000000e+02
3.700000000000000000e+02
3.670000000000000000e+02
3.700000000000000000e+02
3.460000000000000000e+02
3.450000000000000000e+02
3.320000000000000000e+02
3.230000000000000000e+02
3.120000000000000000e+02
2.910000000000000000e+02
2.750000000000000000e+02
2.630000000000000000e+02
2.550000000000000000e+02
2.520000000000000000e+02
2.440000000000000000e+02
2.420000000000000000e+02
2.330000000000000000e+02
2.190000000000000000e+02
2.140000000000000000e+02
2.020000000000000000e+02
2.020000000000000000e+02
2.110000000000000000e+02
2.050000000000000000e+02
2.000000000000000000e+02
1.940000000000000000e+02
1.830000000000000000e+02
1.860000000000000000e+02
1.870000000000000000e+02
1.870000000000000000e+02
1.930000000000000000e+02
1.970000000000000000e+02
1.990000000000000000e+02
2.030000000000000000e+02
2.000000000000000000e+02
1.980000000000000000e+02
2.000000000000000000e+02
1.910000000000000000e+02
1.800000000000000000e+02
1.680000000000000000e+02
1.720000000000000000e+02
1.760000000000000000e+02
1.800000000000000000e+02
1.720000000000000000e+02
1.800000000000000000e+02
1.730000000000000000e+02
