1.070000000000000000e+02
1.150000000000000000e+02
1.250000000000000000e+02
1.280000000000000000e+02
1.300000000000000000e+02
1.380000000000000000e+02
1.390000000000000000e+02
1.430000000000000000e+02
1.530000000000000000e+02
1.830000000000000000e+02
2.020000000000000000e+02
2.090000000000000000e+02
2.350000000000000000e+02
2.660000000000000000e+02
3.000000000000000000e+02
3.150000000000000000e+02
3.360000000000000000e+02
3.510000000000000000e+02
3.790000000000000000e+02
3.890000000000000000e+02
3.960000000000000000e+02
4.180000000000000000e+02
4.360000000000000000e+02
4.260000000000000000e+02
4.290000000000000000e+02
4.430000000000000000e+02
4.570000000000000000e+02
4.650000000000000000e+02
4.770000000000000000e+02
4.740000000000000000e+02
4.750000000000000000e+02
4.770000000000000000e+02
4.740000000000000000e+02
4.850000000000000000e+02
4.950000000000000000e+02
4.960000000000000000e+02
4.930000000000000000e+02
4.900000000000000000e+02
4.850000000000000000e+02
4.740000000000000000e+02
4.600000000000000000e+02
4.730000000000000000e+02
4.790000000000000000e+02
4.940000000000000000e+02
4.790000000000000000e+02
4.770000000000000000e+02
4.560000000000000000e+02
4.290000000000000000e+02
4.450000000000000000e+02
4.420000000000000000e+02
4.340000000000000000e+02
4.250000000000000000e+02
4.270000000000000000e+02
4.150000000000000000e+02
4.170000000000000000e+02
4.240000000000000000e+02
4.310000000000000000e+02
4.230000000000000000e+02
4.160000000000000000e+02
4.050000000000000000e+02
4.100000000000000000e+02
4.070000000000000000e+02
4.070000000000000000e+02
3.950000000000000000e+02
3.820000000000000000e+02
3.910000000000000000e+02
3.760000000000000000e+02
3.770000000000000000e+02
3.580000000000000000e+02
3.580000000000000000e+02
3.530000000000000000e+02
3.660000000000000000e+02
3.630000000000000000e+02
3.450000000000000000e+02
3.330000000000000000e+02
3.450000000000000000e+02
3.490000000000000000e+02
3.280000000000000000e+02
3.400000000000000000e+02
3.290000000000000000e+02
3.220000000000000000e+02
3.140000000000000000e+02
3.110000000000000000e+02
3.160000000000000000e+02
3.120000000000000000e+02
3.230000000000000000e+02
3.350000000000000000e+02
3.350000000000000000e+02
3.430000000000000000e+02
3.430000000000000000e+02
3.320000000000000000e+02
3.090000000000000000e+02
2.930000000000000000e+02
2.920000000000000000e+02
2.790000000000000000e+02
2.780000000000000000e+02
2.720000000000000000e+02
2.780000000000000000e+02
2.690000000000000000e+02
2.610000000000000000e+02
2.600000000000000000e+02
2.600000000000000000e+02
2.620000000000000000e+02
2.380000000000000000e+02
2.400000000000000000e+02
2.450000000000000000e+02
2.550000000000000000e+02
2.640000000000000000e+02
2.740000000000000000e+02
2.790000000000000000e+02
2.790000000000000000e+02
2.890000000000000000e+02
3.060000000000000000e+02
3.180000000000000000e+02
3.160000000000000000e+02
3.300000000000000000e+02
3.380000000000000000e+02
3.360000000000000000e+02
3.470000000000000000e+02
3.580000000000000000e+02
3.740000000000000000e+02
3.850000000000000000e+02
