1.120000000000000000e+02
1.170000000000000000e+02
1.140000000000000000e+02
1.210000000000000000e+02
1.190000000000000000e+02
1.270000000000000000e+02
1.230000000000000000e+02
1.210000000000000000e+02
1.270000000000000000e+02
1.290000000000000000e+02
1.280000000000000000e+02
1.220000000000000000e+02
1.250000000000000000e+02
1.290000000000000000e+02
1.310000000000000000e+02
1.290000000000000000e+02
1.190000000000000000e+02
1.140000000000000000e+02
1.150000000000000000e+02
1.100000000000000000e+02
1.080000000000000000e+02
1.020000000000000000e+02
9.700000000000000000e+01
9.700000000000000000e+01
9.800000000000000000e+01
9.900000000000000000e+01
9.700000000000000000e+01
1.040000000000000000e+02
1.120000000000000000e+02
1.140000000000000000e+02
1.150000000000000000e+02
1.120000000000000000e+02
1.150000000000000000e+02
1.180000000000000000e+02
1.220000000000000000e+02
1.140000000000000000e+02
1.200000000000000000e+02
1.290000000000000000e+02
1.350000000000000000e+02
1.490000000000000000e+02
1.630000000000000000e+02
1.720000000000000000e+02
1.860000000000000000e+02
1.920000000000000000e+02
2.050000000000000000e+02
2.290000000000000000e+02
2.470000000000000000e+02
2.560000000000000000e+02
2.680000000000000000e+02
2.680000000000000000e+02
2.800000000000000000e+02
2.820000000000000000e+02
2.850000000000000000e+02
3.050000000000000000e+02
2.910000000000000000e+02
2.950000000000000000e+02
2.660000000000000000e+02
2.650000000000000000e+02
2.580000000000000000e+02
2.600000000000000000e+02
2.640000000000000000e+02
2.550000000000000000e+02
2.540000000000000000e+02
2.450000000000000000e+02
2.400000000000000000e+02
2.430000000000000000e+02
2.290000000000000000e+02
2.260000000000000000e+02
2.220000000000000000e+02
2.250000000000000000e+02
2.210000000000000000e+02
2.150000000000000000e+02
1.980000000000000000e+02
1.990000000000000000e+02
1.850000000000000000e+02
1.840000000000000000e+02
1.770000000000000000e+02
1.710000000000000000e+02
1.690000000000000000e+02
1.580000000000000000e+02
1.500000000000000000e+02
1.510000000000000000e+02
1.720000000000000000e+02
1.940000000000000000e+02
1.990000000000000000e+02
2.220000000000000000e+02
2.250000000000000000e+02
2.310000000000000000e+02
2.450000000000000000e+02
2.630000000000000000e+02
2.760000000000000000e+02
2.840000000000000000e+02
2.790000000000000000e+02
2.920000000000000000e+02
2.800000000000000000e+02
2.680000000000000000e+02
2.830000000000000000e+02
2.780000000000000000e+02
2.760000000000000000e+02
2.720000000000000000e+02
2.730000000000000000e+02
2.580000000000000000e+02
2.530000000000000000e+02
2.260000000000000000e+02
2.140000000000000000e+02
2.030000000000000000e+02
1.840000000000000000e+02
1.860000000000000000e+02
1.880000000000000000e+02
1.800000000000000000e+02
1.740000000000000000e+02
1.640000000000000000e+02
1.480000000000000000e+02
1.350000000000000000e+02
1.410000000000000000e+02
1.380000000000000000e+02
1.300000000000000000e+02
1.180000000000000000e+02
1.230000000000000000e+02
1.220000000000000000e+02
1.120000000000000000e+02
