1.280000000000000000e+02
1.350000000000000000e+02
1.320000000000000000e+02
1.260000000000000000e+02
1.260000000000000000e+02
1.170000000000000000e+02
1.110000000000000000e+02
1.140000000000000000e+02
1.250000000000000000e+02
1.200000000000000000e+02
1.230000000000000000e+02
1.170000000000000000e+02
1.170000000000000000e+02
1.090000000000000000e+02
1.110000000000000000e+02
1.170000000000000000e+02
1.110000000000000000e+02
1.080000000000000000e+02
9.600000000000000000e+01
8.600000000000000000e+01
8.600000000000000000e+01
8.500000000000000000e+01
8.300000000000000000e+01
8.000000000000000000e+01
7.600000000000000000e+01
7.500000000000000000e+01
6.800000000000000000e+01
7.400000000000000000e+01
7.000000000000000000e+01
7.100000000000000000e+01
6.800000000000000000e+01
6.700000000000000000e+01
7.300000000000000000e+01
8.100000000000000000e+01
9.300000000000000000e+01
1.010000000000000000e+02
1.010000000000000000e+02
1.090000000000000000e+02
1.220000000000000000e+02
1.210000000000000000e+02
1.180000000000000000e+02
1.330000000000000000e+02
1.430000000000000000e+02
1.530000000000000000e+02
1.680000000000000000e+02
1.790000000000000000e+02
1.810000000000000000e+02
1.960000000000000000e+02
2.040000000000000000e+02
2.180000000000000000e+02
2.260000000000000000e+02
2.230000000000000000e+02
2.090000000000000000e+02
2.150000000000000000e+02
2.190000000000000000e+02
2.210000000000000000e+02
2.290000000000000000e+02
2.420000000000000000e+02
2.360000000000000000e+02
2.330000000000000000e+02
2.500000000000000000e+02
2.380000000000000000e+02
2.390000000000000000e+02
2.410000000000000000e+02
2.270000000000000000e+02
2.320000000000000000e+02
2.270000000000000000e+02
2.300000000000000000e+02
2.270000000000000000e+02
2.310000000000000000e+02
2.220000000000000000e+02
2.230000000000000000e+02
2.260000000000000000e+02
2.320000000000000000e+02
2.240000000000000000e+02
2.150000000000000000e+02
2.140000000000000000e+02
2.100000000000000000e+02
2.030000000000000000e+02
1.870000000000000000e+02
1.830000000000000000e+02
1.760000000000000000e+02
1.770000000000000000e+02
1.740000000000000000e+02
1.860000000000000000e+02
1.930000000000000000e+02
2.010000000000000000e+02
2.020000000000000000e+02
2.080000000000000000e+02
2.210000000000000000e+02
2.410000000000000000e+02
2.520000000000000000e+02
2.560000000000000000e+02
2.610000000000000000e+02
2.810000000000000000e+02
2.920000000000000000e+02
2.840000000000000000e+02
2.680000000000000000e+02
2.660000000000000000e+02
2.540000000000000000e+02
2.530000000000000000e+02
2.630000000000000000e+02
2.600000000000000000e+02
2.550000000000000000e+02
2.530000000000000000e+02
2.420000000000000000e+02
2.180000000000000000e+02
2.090000000000000000e+02
1.920000000000000000e+02
1.880000000000000000e+02
1.720000000000000000e+02
1.670000000000000000e+02
1.560000000000000000e+02
1.610000000000000000e+02
1.600000000000000000e+02
1.570000000000000000e+02
1.530000000000000000e+02
1.410000000000000000e+02
1.340000000000000000e+02
1.410000000000000000e+02
1.300000000000000000e+02
