9.600000000000000000e+01
9.900000000000000000e+01
1.010000000000000000e+02
1.060000000000000000e+02
9.900000000000000000e+01
1.050000000000000000e+02
9.600000000000000000e+01
8.800000000000000000e+01
8.300000000000000000e+01
8.500000000000000000e+01
8.500000000000000000e+01
8.500000000000000000e+01
8.500000000000000000e+01
8.400000000000000000e+01
8.600000000000000000e+01
7.900000000000000000e+01
7.700000000000000000e+01
7.600000000000000000e+01
7.700000000000000000e+01
7.400000000000000000e+01
6.000000000000000000e+01
6.000000000000000000e+01
6.900000000000000000e+01
7.300000000000000000e+01
7.400000000000000000e+01
7.500000000000000000e+01
6.800000000000000000e+01
6.600000000000000000e+01
6.000000000000000000e+01
6.400000000000000000e+01
7.300000000000000000e+01
7.100000000000000000e+01
7.600000000000000000e+01
7.600000000000000000e+01
8.600000000000000000e+01
9.400000000000000000e+01
1.060000000000000000e+02
1.120000000000000000e+02
1.270000000000000000e+02
1.330000000000000000e+02
1.530000000000000000e+02
1.650000000000000000e+02
1.710000000000000000e+02
1.850000000000000000e+02
1.800000000000000000e+02
1.750000000000000000e+02
1.930000000000000000e+02
1.960000000000000000e+02
2.110000000000000000e+02
2.280000000000000000e+02
2.450000000000000000e+02
2.570000000000000000e+02
2.510000000000000000e+02
2.580000000000000000e+02
2.700000000000000000e+02
2.820000000000000000e+02
2.700000000000000000e+02
2.760000000000000000e+02
2.720000000000000000e+02
2.660000000000000000e+02
2.710000000000000000e+02
2.700000000000000000e+02
2.510000000000000000e+02
2.500000000000000000e+02
2.360000000000000000e+02
2.340000000000000000e+02
2.300000000000000000e+02
2.250000000000000000e+02
2.340000000000000000e+02
2.300000000000000000e+02
2.320000000000000000e+02
2.250000000000000000e+02
2.270000000000000000e+02
2.200000000000000000e+02
2.130000000000000000e+02
2.020000000000000000e+02
1.960000000000000000e+02
1.950000000000000000e+02
1.910000000000000000e+02
1.820000000000000000e+02
1.860000000000000000e+02
1.780000000000000000e+02
1.910000000000000000e+02
1.930000000000000000e+02
2.090000000000000000e+02
2.230000000000000000e+02
2.220000000000000000e+02
2.420000000000000000e+02
2.450000000000000000e+02
2.540000000000000000e+02
2.440000000000000000e+02
2.470000000000000000e+02
2.510000000000000000e+02
2.490000000000000000e+02
2.500000000000000000e+02
2.480000000000000000e+02
2.510000000000000000e+02
2.410000000000000000e+02
2.320000000000000000e+02
2.170000000000000000e+02
2.160000000000000000e+02
2.000000000000000000e+02
1.970000000000000000e+02
2.000000000000000000e+02
1.930000000000000000e+02
1.840000000000000000e+02
1.940000000000000000e+02
1.890000000000000000e+02
1.720000000000000000e+02
1.700000000000000000e+02
1.680000000000000000e+02
1.830000000000000000e+02
1.820000000000000000e+02
1.910000000000000000e+02
1.800000000000000000e+02
1.910000000000000000e+02
1.890000000000000000e+02
1.800000000000000000e+02
1.850000000000000000e+02
1.700000000000000000e+02
1.750000000000000000e+02
