7.800000000000000000e+01
7.700000000000000000e+01
7.900000000000000000e+01
8.100000000000000000e+01
8.000000000000000000e+01
8.200000000000000000e+01
7.800000000000000000e+01
7.300000000000000000e+01
7.100000000000000000e+01
6.500000000000000000e+01
6.400000000000000000e+01
6.500000000000000000e+01
6.400000000000000000e+01
6.100000000000000000e+01
5.800000000000000000e+01
5.600000000000000000e+01
5.500000000000000000e+01
5.200000000000000000e+01
4.700000000000000000e+01
4.600000000000000000e+01
4.000000000000000000e+01
3.800000000000000000e+01
4.100000000000000000e+01
3.800000000000000000e+01
3.600000000000000000e+01
3.300000000000000000e+01
3.900000000000000000e+01
3.600000000000000000e+01
3.300000000000000000e+01
2.900000000000000000e+01
3.200000000000000000e+01
2.800000000000000000e+01
3.200000000000000000e+01
3.000000000000000000e+01
2.900000000000000000e+01
3.200000000000000000e+01
3.700000000000000000e+01
3.300000000000000000e+01
3.900000000000000000e+01
4.200000000000000000e+01
4.700000000000000000e+01
4.700000000000000000e+01
5.100000000000000000e+01
5.300000000000000000e+01
5.700000000000000000e+01
7.200000000000000000e+01
7.300000000000000000e+01
7.700000000000000000e+01
7.500000000000000000e+01
8.600000000000000000e+01
7.600000000000000000e+01
8.700000000000000000e+01
9.800000000000000000e+01
1.080000000000000000e+02
1.270000000000000000e+02
1.270000000000000000e+02
1.400000000000000000e+02
1.580000000000000000e+02
1.720000000000000000e+02
1.850000000000000000e+02
2.130000000000000000e+02
2.190000000000000000e+02
2.290000000000000000e+02
2.460000000000000000e+02
2.660000000000000000e+02
2.640000000000000000e+02
2.590000000000000000e+02
2.610000000000000000e+02
2.670000000000000000e+02
2.740000000000000000e+02
2.680000000000000000e+02
2.820000000000000000e+02
2.750000000000000000e+02
2.670000000000000000e+02
2.590000000000000000e+02
2.610000000000000000e+02
2.640000000000000000e+02
2.720000000000000000e+02
2.760000000000000000e+02
2.700000000000000000e+02
2.700000000000000000e+02
2.620000000000000000e+02
2.560000000000000000e+02
2.550000000000000000e+02
2.530000000000000000e+02
2.610000000000000000e+02
2.460000000000000000e+02
2.400000000000000000e+02
2.320000000000000000e+02
2.300000000000000000e+02
2.270000000000000000e+02
2.060000000000000000e+02
1.970000000000000000e+02
1.820000000000000000e+02
1.880000000000000000e+02
1.960000000000000000e+02
1.980000000000000000e+02
1.910000000000000000e+02
1.990000000000000000e+02
2.050000000000000000e+02
2.030000000000000000e+02
2.120000000000000000e+02
1.940000000000000000e+02
1.970000000000000000e+02
1.920000000000000000e+02
2.150000000000000000e+02
2.010000000000000000e+02
2.140000000000000000e+02
2.260000000000000000e+02
2.300000000000000000e+02
2.370000000000000000e+02
2.290000000000000000e+02
2.090000000000000000e+02
2.090000000000000000e+02
1.840000000000000000e+02
1.820000000000000000e+02
1.800000000000000000e+02
1.830000000000000000e+02
1.850000000000000000e+02
1.790000000000000000e+02
1.760000000000000000e+02
