7.600000000000000000e+01
8.200000000000000000e+01
8.900000000000000000e+01
9.300000000000000000e+01
8.900000000000000000e+01
1.020000000000000000e+02
9.600000000000000000e+01
1.110000000000000000e+02
1.140000000000000000e+02
1.270000000000000000e+02
1.480000000000000000e+02
1.630000000000000000e+02
1.690000000000000000e+02
2.040000000000000000e+02
2.030000000000000000e+02
2.150000000000000000e+02
2.290000000000000000e+02
2.570000000000000000e+02
2.660000000000000000e+02
2.720000000000000000e+02
2.940000000000000000e+02
3.210000000000000000e+02
3.250000000000000000e+02
3.480000000000000000e+02
3.660000000000000000e+02
3.690000000000000000e+02
3.810000000000000000e+02
3.800000000000000000e+02
3.580000000000000000e+02
3.640000000000000000e+02
3.610000000000000000e+02
3.550000000000000000e+02
3.670000000000000000e+02
3.700000000000000000e+02
3.690000000000000000e+02
3.740000000000000000e+02
3.640000000000000000e+02
3.670000000000000000e+02
3.650000000000000000e+02
3.620000000000000000e+02
3.550000000000000000e+02
3.680000000000000000e+02
3.660000000000000000e+02
3.640000000000000000e+02
3.610000000000000000e+02
3.540000000000000000e+02
3.550000000000000000e+02
3.430000000000000000e+02
3.400000000000000000e+02
3.390000000000000000e+02
3.210000000000000000e+02
3.070000000000000000e+02
3.030000000000000000e+02
2.950000000000000000e+02
2.930000000000000000e+02
2.860000000000000000e+02
2.730000000000000000e+02
2.700000000000000000e+02
2.670000000000000000e+02
2.550000000000000000e+02
2.560000000000000000e+02
2.540000000000000000e+02
2.460000000000000000e+02
2.500000000000000000e+02
2.430000000000000000e+02
2.580000000000000000e+02
2.560000000000000000e+02
2.550000000000000000e+02
2.730000000000000000e+02
2.750000000000000000e+02
2.940000000000000000e+02
2.920000000000000000e+02
2.940000000000000000e+02
2.990000000000000000e+02
3.030000000000000000e+02
3.140000000000000000e+02
3.020000000000000000e+02
3.020000000000000000e+02
3.010000000000000000e+02
3.190000000000000000e+02
3.050000000000000000e+02
3.030000000000000000e+02
2.950000000000000000e+02
2.860000000000000000e+02
2.870000000000000000e+02
2.860000000000000000e+02
2.730000000000000000e+02
2.720000000000000000e+02
2.730000000000000000e+02
2.700000000000000000e+02
2.550000000000000000e+02
2.510000000000000000e+02
2.250000000000000000e+02
2.120000000000000000e+02
2.090000000000000000e+02
2.130000000000000000e+02
2.010000000000000000e+02
1.980000000000000000e+02
2.010000000000000000e+02
2.090000000000000000e+02
2.150000000000000000e+02
2.070000000000000000e+02
2.220000000000000000e+02
2.270000000000000000e+02
2.260000000000000000e+02
2.320000000000000000e+02
2.310000000000000000e+02
2.440000000000000000e+02
2.590000000000000000e+02
2.630000000000000000e+02
2.600000000000000000e+02
2.650000000000000000e+02
2.680000000000000000e+02
2.580000000000000000e+02
2.500000000000000000e+02
2.360000000000000000e+02
2.390000000000000000e+02
2.340000000000000000e+02
2.180000000000000000e+02
2.060000000000000000e+02
1.980000000000000000e+02
1.960000000000000000e+02
1.950000000000000000e+02
