1.880000000000000000e+02
1.950000000000000000e+02
1.770000000000000000e+02
1.880000000000000000e+02
1.810000000000000000e+02
1.760000000000000000e+02
1.950000000000000000e+02
2.090000000000000000e+02
2.290000000000000000e+02
2.490000000000000000e+02
2.740000000000000000e+02
2.910000000000000000e+02
3.210000000000000000e+02
3.500000000000000000e+02
3.660000000000000000e+02
3.730000000000000000e+02
3.890000000000000000e+02
4.090000000000000000e+02
4.410000000000000000e+02
4.420000000000000000e+02
4.490000000000000000e+02
4.640000000000000000e+02
4.600000000000000000e+02
4.490000000000000000e+02
4.410000000000000000e+02
4.320000000000000000e+02
4.290000000000000000e+02
4.160000000000000000e+02
4.120000000000000000e+02
4.050000000000000000e+02
3.950000000000000000e+02
3.930000000000000000e+02
3.760000000000000000e+02
3.770000000000000000e+02
3.740000000000000000e+02
3.690000000000000000e+02
3.400000000000000000e+02
3.340000000000000000e+02
3.240000000000000000e+02
2.980000000000000000e+02
2.980000000000000000e+02
2.900000000000000000e+02
2.750000000000000000e+02
2.750000000000000000e+02
2.750000000000000000e+02
2.800000000000000000e+02
2.690000000000000000e+02
2.560000000000000000e+02
2.580000000000000000e+02
2.520000000000000000e+02
2.580000000000000000e+02
2.590000000000000000e+02
2.630000000000000000e+02
2.710000000000000000e+02
2.880000000000000000e+02
3.110000000000000000e+02
3.340000000000000000e+02
3.540000000000000000e+02
3.570000000000000000e+02
3.600000000000000000e+02
3.530000000000000000e+02
3.580000000000000000e+02
3.490000000000000000e+02
3.500000000000000000e+02
3.510000000000000000e+02
3.490000000000000000e+02
3.430000000000000000e+02
3.500000000000000000e+02
3.500000000000000000e+02
3.450000000000000000e+02
3.290000000000000000e+02
3.310000000000000000e+02
3.310000000000000000e+02
3.160000000000000000e+02
3.110000000000000000e+02
3.020000000000000000e+02
2.830000000000000000e+02
2.730000000000000000e+02
2.690000000000000000e+02
2.680000000000000000e+02
2.650000000000000000e+02
2.540000000000000000e+02
2.510000000000000000e+02
2.500000000000000000e+02
2.570000000000000000e+02
2.620000000000000000e+02
2.630000000000000000e+02
2.680000000000000000e+02
2.700000000000000000e+02
2.700000000000000000e+02
2.920000000000000000e+02
2.870000000000000000e+02
2.960000000000000000e+02
3.000000000000000000e+02
3.120000000000000000e+02
3.090000000000000000e+02
3.070000000000000000e+02
3.050000000000000000e+02
2.970000000000000000e+02
2.890000000000000000e+02
2.800000000000000000e+02
2.770000000000000000e+02
2.820000000000000000e+02
2.770000000000000000e+02
2.720000000000000000e+02
2.720000000000000000e+02
2.600000000000000000e+02
2.550000000000000000e+02
2.250000000000000000e+02
2.120000000000000000e+02
2.030000000000000000e+02
2.020000000000000000e+02
1.930000000000000000e+02
1.900000000000000000e+02
1.840000000000000000e+02
1.850000000000000000e+02
1.790000000000000000e+02
1.760000000000000000e+02
1.620000000000000000e+02
1.610000000000000000e+02
1.570000000000000000e+02
