4.300000000000000000e+01
4.800000000000000000e+01
5.100000000000000000e+01
4.900000000000000000e+01
5.100000000000000000e+01
4.800000000000000000e+01
5.400000000000000000e+01
5.300000000000000000e+01
5.000000000000000000e+01
5.500000000000000000e+01
6.000000000000000000e+01
6.300000000000000000e+01
6.300000000000000000e+01
6.300000000000000000e+01
6.700000000000000000e+01
6.900000000000000000e+01
7.500000000000000000e+01
8.400000000000000000e+01
9.700000000000000000e+01
1.040000000000000000e+02
1.070000000000000000e+02
1.200000000000000000e+02
1.240000000000000000e+02
1.310000000000000000e+02
1.320000000000000000e+02
1.470000000000000000e+02
1.410000000000000000e+02
1.520000000000000000e+02
1.540000000000000000e+02
1.620000000000000000e+02
1.630000000000000000e+02
1.660000000000000000e+02
1.700000000000000000e+02
1.730000000000000000e+02
1.660000000000000000e+02
1.590000000000000000e+02
1.580000000000000000e+02
1.510000000000000000e+02
1.450000000000000000e+02
1.450000000000000000e+02
1.540000000000000000e+02
1.520000000000000000e+02
1.580000000000000000e+02
1.510000000000000000e+02
1.460000000000000000e+02
1.420000000000000000e+02
1.380000000000000000e+02
1.300000000000000000e+02
1.290000000000000000e+02
1.270000000000000000e+02
1.250000000000000000e+02
1.350000000000000000e+02
1.330000000000000000e+02
1.270000000000000000e+02
1.280000000000000000e+02
1.250000000000000000e+02
1.260000000000000000e+02
1.220000000000000000e+02
1.220000000000000000e+02
1.250000000000000000e+02
1.190000000000000000e+02
1.190000000000000000e+02
1.170000000000000000e+02
1.220000000000000000e+02
1.110000000000000000e+02
1.170000000000000000e+02
1.100000000000000000e+02
1.030000000000000000e+02
1.050000000000000000e+02
1.020000000000000000e+02
1.050000000000000000e+02
1.010000000000000000e+02
1.020000000000000000e+02
1.020000000000000000e+02
1.050000000000000000e+02
1.030000000000000000e+02
9.500000000000000000e+01
1.030000000000000000e+02
1.040000000000000000e+02
9.800000000000000000e+01
8.700000000000000000e+01
8.500000000000000000e+01
8.600000000000000000e+01
8.100000000000000000e+01
8.300000000000000000e+01
8.800000000000000000e+01
8.700000000000000000e+01
8.500000000000000000e+01
8.300000000000000000e+01
8.300000000000000000e+01
8.000000000000000000e+01
8.100000000000000000e+01
8.300000000000000000e+01
7.700000000000000000e+01
8.700000000000000000e+01
9.100000000000000000e+01
9.700000000000000000e+01
9.500000000000000000e+01
9.700000000000000000e+01
9.800000000000000000e+01
9.300000000000000000e+01
9.200000000000000000e+01
9.400000000000000000e+01
9.600000000000000000e+01
1.020000000000000000e+02
1.060000000000000000e+02
1.030000000000000000e+02
1.070000000000000000e+02
1.010000000000000000e+02
9.500000000000000000e+01
9.300000000000000000e+01
8.000000000000000000e+01
8.200000000000000000e+01
8.300000000000000000e+01
8.000000000000000000e+01
7.700000000000000000e+01
8.000000000000000000e+01
7.600000000000000000e+01
7.900000000000000000e+01
7.900000000000000000e+01
7.500000000000000000e+01
7.500000000000000000e+01
