1.550000000000000000e+02
1.620000000000000000e+02
1.710000000000000000e+02
1.670000000000000000e+02
1.840000000000000000e+02
1.990000000000000000e+02
2.210000000000000000e+02
2.340000000000000000e+02
2.560000000000000000e+02
2.920000000000000000e+02
3.030000000000000000e+02
3.180000000000000000e+02
3.460000000000000000e+02
3.360000000000000000e+02
3.450000000000000000e+02
3.500000000000000000e+02
3.640000000000000000e+02
3.730000000000000000e+02
3.790000000000000000e+02
3.760000000000000000e+02
3.770000000000000000e+02
3.870000000000000000e+02
3.900000000000000000e+02
3.880000000000000000e+02
3.890000000000000000e+02
3.860000000000000000e+02
3.730000000000000000e+02
3.860000000000000000e+02
3.800000000000000000e+02
3.760000000000000000e+02
3.840000000000000000e+02
3.870000000000000000e+02
3.880000000000000000e+02
3.800000000000000000e+02
3.820000000000000000e+02
3.920000000000000000e+02
3.980000000000000000e+02
3.800000000000000000e+02
3.850000000000000000e+02
3.960000000000000000e+02
3.860000000000000000e+02
3.690000000000000000e+02
3.540000000000000000e+02
3.540000000000000000e+02
3.450000000000000000e+02
3.220000000000000000e+02
3.210000000000000000e+02
3.110000000000000000e+02
3.050000000000000000e+02
2.940000000000000000e+02
2.770000000000000000e+02
2.880000000000000000e+02
2.790000000000000000e+02
2.720000000000000000e+02
2.660000000000000000e+02
2.610000000000000000e+02
2.450000000000000000e+02
2.530000000000000000e+02
2.480000000000000000e+02
2.490000000000000000e+02
2.520000000000000000e+02
2.290000000000000000e+02
2.270000000000000000e+02
2.310000000000000000e+02
2.440000000000000000e+02
2.620000000000000000e+02
2.780000000000000000e+02
2.940000000000000000e+02
3.000000000000000000e+02
3.150000000000000000e+02
3.150000000000000000e+02
3.240000000000000000e+02
3.150000000000000000e+02
3.230000000000000000e+02
3.250000000000000000e+02
3.280000000000000000e+02
3.350000000000000000e+02
3.350000000000000000e+02
3.340000000000000000e+02
3.340000000000000000e+02
3.150000000000000000e+02
3.190000000000000000e+02
3.020000000000000000e+02
2.920000000000000000e+02
2.780000000000000000e+02
2.750000000000000000e+02
2.700000000000000000e+02
2.760000000000000000e+02
2.810000000000000000e+02
2.640000000000000000e+02
2.740000000000000000e+02
2.590000000000000000e+02
2.590000000000000000e+02
2.570000000000000000e+02
2.580000000000000000e+02
2.510000000000000000e+02
2.540000000000000000e+02
2.520000000000000000e+02
2.640000000000000000e+02
2.740000000000000000e+02
2.760000000000000000e+02
2.630000000000000000e+02
2.680000000000000000e+02
2.680000000000000000e+02
2.660000000000000000e+02
2.630000000000000000e+02
2.700000000000000000e+02
2.620000000000000000e+02
2.530000000000000000e+02
2.410000000000000000e+02
2.440000000000000000e+02
2.280000000000000000e+02
2.270000000000000000e+02
2.170000000000000000e+02
2.030000000000000000e+02
1.920000000000000000e+02
1.980000000000000000e+02
2.030000000000000000e+02
1.990000000000000000e+02
1.960000000000000000e+02
1.880000000000000000e+02
1.900000000000000000e+02
1.820000000000000000e+02
