1.010000000000000000e+02
1.020000000000000000e+02
1.020000000000000000e+02
1.040000000000000000e+02
1.030000000000000000e+02
1.110000000000000000e+02
1.200000000000000000e+02
1.370000000000000000e+02
1.490000000000000000e+02
1.880000000000000000e+02
2.130000000000000000e+02
2.230000000000000000e+02
2.580000000000000000e+02
2.750000000000000000e+02
2.970000000000000000e+02
3.330000000000000000e+02
3.530000000000000000e+02
3.760000000000000000e+02
4.020000000000000000e+02
4.230000000000000000e+02
4.450000000000000000e+02
4.390000000000000000e+02
4.570000000000000000e+02
4.720000000000000000e+02
4.860000000000000000e+02
4.700000000000000000e+02
4.690000000000000000e+02
4.660000000000000000e+02
4.770000000000000000e+02
4.790000000000000000e+02
4.950000000000000000e+02
4.900000000000000000e+02
5.060000000000000000e+02
5.090000000000000000e+02
4.920000000000000000e+02
4.920000000000000000e+02
4.950000000000000000e+02
4.900000000000000000e+02
4.960000000000000000e+02
4.790000000000000000e+02
4.640000000000000000e+02
4.540000000000000000e+02
4.430000000000000000e+02
4.430000000000000000e+02
4.440000000000000000e+02
4.320000000000000000e+02
4.400000000000000000e+02
4.580000000000000000e+02
4.660000000000000000e+02
4.640000000000000000e+02
4.530000000000000000e+02
4.470000000000000000e+02
4.630000000000000000e+02
4.510000000000000000e+02
4.480000000000000000e+02
4.330000000000000000e+02
4.120000000000000000e+02
4.050000000000000000e+02
3.870000000000000000e+02
3.910000000000000000e+02
3.680000000000000000e+02
3.690000000000000000e+02
3.650000000000000000e+02
3.580000000000000000e+02
3.830000000000000000e+02
3.910000000000000000e+02
3.880000000000000000e+02
3.690000000000000000e+02
3.690000000000000000e+02
3.720000000000000000e+02
3.600000000000000000e+02
3.580000000000000000e+02
3.520000000000000000e+02
3.300000000000000000e+02
3.250000000000000000e+02
3.180000000000000000e+02
3.220000000000000000e+02
3.250000000000000000e+02
2.970000000000000000e+02
2.820000000000000000e+02
2.870000000000000000e+02
2.920000000000000000e+02
2.820000000000000000e+02
2.840000000000000000e+02
2.790000000000000000e+02
2.740000000000000000e+02
2.690000000000000000e+02
2.700000000000000000e+02
2.720000000000000000e+02
2.610000000000000000e+02
2.510000000000000000e+02
2.540000000000000000e+02
2.510000000000000000e+02
2.480000000000000000e+02
2.400000000000000000e+02
2.340000000000000000e+02
2.500000000000000000e+02
2.560000000000000000e+02
2.680000000000000000e+02
2.750000000000000000e+02
2.970000000000000000e+02
3.050000000000000000e+02
3.120000000000000000e+02
3.220000000000000000e+02
3.070000000000000000e+02
3.170000000000000000e+02
3.380000000000000000e+02
3.370000000000000000e+02
3.490000000000000000e+02
3.320000000000000000e+02
3.400000000000000000e+02
3.420000000000000000e+02
3.400000000000000000e+02
3.510000000000000000e+02
3.570000000000000000e+02
3.470000000000000000e+02
3.340000000000000000e+02
3.280000000000000000e+02
3.200000000000000000e+02
3.300000000000000000e+02
3.230000000000000000e+02
3.270000000000000000e+02
