1.270000000000000000e+02
1.270000000000000000e+02
1.230000000000000000e+02
1.230000000000000000e+02
1.210000000000000000e+02
1.290000000000000000e+02
1.260000000000000000e+02
1.230000000000000000e+02
1.220000000000000000e+02
1.190000000000000000e+02
1.190000000000000000e+02
1.220000000000000000e+02
1.260000000000000000e+02
1.220000000000000000e+02
1.190000000000000000e+02
1.220000000000000000e+02
1.090000000000000000e+02
1.030000000000000000e+02
1.010000000000000000e+02
1.060000000000000000e+02
1.010000000000000000e+02
1.010000000000000000e+02
9.600000000000000000e+01
8.000000000000000000e+01
8.500000000000000000e+01
8.900000000000000000e+01
8.700000000000000000e+01
8.000000000000000000e+01
7.900000000000000000e+01
8.200000000000000000e+01
9.400000000000000000e+01
9.800000000000000000e+01
1.070000000000000000e+02
1.070000000000000000e+02
1.100000000000000000e+02
1.190000000000000000e+02
1.170000000000000000e+02
1.230000000000000000e+02
1.280000000000000000e+02
1.430000000000000000e+02
1.590000000000000000e+02
1.860000000000000000e+02
1.870000000000000000e+02
1.970000000000000000e+02
2.040000000000000000e+02
2.260000000000000000e+02
2.370000000000000000e+02
2.360000000000000000e+02
2.480000000000000000e+02
2.520000000000000000e+02
2.530000000000000000e+02
2.620000000000000000e+02
2.600000000000000000e+02
2.630000000000000000e+02
2.660000000000000000e+02
2.780000000000000000e+02
2.830000000000000000e+02
2.760000000000000000e+02
2.690000000000000000e+02
2.590000000000000000e+02
2.470000000000000000e+02
2.560000000000000000e+02
2.630000000000000000e+02
2.720000000000000000e+02
2.650000000000000000e+02
2.440000000000000000e+02
2.350000000000000000e+02
2.280000000000000000e+02
2.190000000000000000e+02
2.280000000000000000e+02
2.220000000000000000e+02
2.110000000000000000e+02
2.230000000000000000e+02
2.170000000000000000e+02
2.100000000000000000e+02
1.950000000000000000e+02
1.940000000000000000e+02
1.950000000000000000e+02
1.870000000000000000e+02
1.830000000000000000e+02
1.770000000000000000e+02
1.840000000000000000e+02
1.960000000000000000e+02
2.100000000000000000e+02
2.170000000000000000e+02
2.420000000000000000e+02
2.380000000000000000e+02
2.460000000000000000e+02
2.620000000000000000e+02
2.820000000000000000e+02
2.890000000000000000e+02
2.840000000000000000e+02
2.580000000000000000e+02
2.640000000000000000e+02
2.690000000000000000e+02
2.690000000000000000e+02
2.670000000000000000e+02
2.560000000000000000e+02
2.370000000000000000e+02
2.330000000000000000e+02
2.200000000000000000e+02
2.200000000000000000e+02
2.130000000000000000e+02
1.960000000000000000e+02
1.730000000000000000e+02
1.640000000000000000e+02
1.670000000000000000e+02
1.520000000000000000e+02
1.510000000000000000e+02
1.480000000000000000e+02
1.450000000000000000e+02
1.470000000000000000e+02
1.560000000000000000e+02
1.550000000000000000e+02
1.520000000000000000e+02
1.600000000000000000e+02
1.600000000000000000e+02
1.740000000000000000e+02
1.630000000000000000e+02
1.580000000000000000e+02
1.600000000000000000e+02
