5.400000000000000000e+01
5.300000000000000000e+01
5.100000000000000000e+01
5.100000000000000000e+01
5.100000000000000000e+01
5.500000000000000000e+01
5.800000000000000000e+01
5.300000000000000000e+01
5.400000000000000000e+01
5.600000000000000000e+01
6.000000000000000000e+01
5.800000000000000000e+01
5.400000000000000000e+01
6.100000000000000000e+01
5.600000000000000000e+01
4.800000000000000000e+01
4.800000000000000000e+01
4.700000000000000000e+01
4.300000000000000000e+01
3.800000000000000000e+01
3.200000000000000000e+01
2.800000000000000000e+01
2.900000000000000000e+01
2.800000000000000000e+01
2.800000000000000000e+01
2.600000000000000000e+01
2.300000000000000000e+01
2.100000000000000000e+01
1.900000000000000000e+01
1.800000000000000000e+01
2.000000000000000000e+01
1.900000000000000000e+01
2.300000000000000000e+01
2.300000000000000000e+01
2.300000000000000000e+01
2.100000000000000000e+01
1.600000000000000000e+01
1.600000000000000000e+01
1.800000000000000000e+01
1.800000000000000000e+01
1.700000000000000000e+01
1.900000000000000000e+01
2.200000000000000000e+01
2.200000000000000000e+01
2.800000000000000000e+01
2.800000000000000000e+01
3.000000000000000000e+01
3.000000000000000000e+01
3.200000000000000000e+01
4.100000000000000000e+01
4.400000000000000000e+01
4.900000000000000000e+01
5.100000000000000000e+01
5.500000000000000000e+01
5.400000000000000000e+01
6.200000000000000000e+01
7.000000000000000000e+01
7.000000000000000000e+01
8.600000000000000000e+01
8.400000000000000000e+01
9.500000000000000000e+01
1.130000000000000000e+02
1.220000000000000000e+02
1.320000000000000000e+02
1.610000000000000000e+02
1.860000000000000000e+02
1.980000000000000000e+02
2.200000000000000000e+02
2.590000000000000000e+02
2.740000000000000000e+02
2.990000000000000000e+02
3.220000000000000000e+02
3.350000000000000000e+02
3.620000000000000000e+02
3.790000000000000000e+02
3.850000000000000000e+02
3.950000000000000000e+02
3.870000000000000000e+02
3.980000000000000000e+02
4.080000000000000000e+02
3.960000000000000000e+02
3.790000000000000000e+02
3.860000000000000000e+02
3.890000000000000000e+02
3.780000000000000000e+02
3.750000000000000000e+02
3.540000000000000000e+02
3.450000000000000000e+02
3.410000000000000000e+02
3.220000000000000000e+02
3.020000000000000000e+02
3.040000000000000000e+02
2.890000000000000000e+02
2.700000000000000000e+02
2.610000000000000000e+02
2.460000000000000000e+02
2.390000000000000000e+02
2.330000000000000000e+02
2.190000000000000000e+02
2.050000000000000000e+02
2.020000000000000000e+02
1.970000000000000000e+02
1.880000000000000000e+02
1.880000000000000000e+02
1.750000000000000000e+02
1.630000000000000000e+02
1.710000000000000000e+02
1.680000000000000000e+02
1.760000000000000000e+02
1.630000000000000000e+02
1.660000000000000000e+02
1.730000000000000000e+02
1.760000000000000000e+02
1.730000000000000000e+02
1.820000000000000000e+02
1.820000000000000000e+02
1.900000000000000000e+02
1.960000000000000000e+02
1.820000000000000000e+02
1.800000000000000000e+02
1.870000000000000000e+02
