6.700000000000000000e+01
6.900000000000000000e+01
7.300000000000000000e+01
7.400000000000000000e+01
6.900000000000000000e+01
6.700000000000000000e+01
6.400000000000000000e+01
6.500000000000000000e+01
6.800000000000000000e+01
6.900000000000000000e+01
6.300000000000000000e+01
6.000000000000000000e+01
5.700000000000000000e+01
5.600000000000000000e+01
5.900000000000000000e+01
5.300000000000000000e+01
4.600000000000000000e+01
4.200000000000000000e+01
4.600000000000000000e+01
4.300000000000000000e+01
4.200000000000000000e+01
4.000000000000000000e+01
3.900000000000000000e+01
3.600000000000000000e+01
3.200000000000000000e+01
3.200000000000000000e+01
2.500000000000000000e+01
2.200000000000000000e+01
2.200000000000000000e+01
2.400000000000000000e+01
2.300000000000000000e+01
2.300000000000000000e+01
2.500000000000000000e+01
2.600000000000000000e+01
2.900000000000000000e+01
3.100000000000000000e+01
3.300000000000000000e+01
3.100000000000000000e+01
3.000000000000000000e+01
3.600000000000000000e+01
4.000000000000000000e+01
4.600000000000000000e+01
5.000000000000000000e+01
5.400000000000000000e+01
6.200000000000000000e+01
5.900000000000000000e+01
6.600000000000000000e+01
8.000000000000000000e+01
8.300000000000000000e+01
9.700000000000000000e+01
1.080000000000000000e+02
1.230000000000000000e+02
1.270000000000000000e+02
1.270000000000000000e+02
1.470000000000000000e+02
1.530000000000000000e+02
1.720000000000000000e+02
1.830000000000000000e+02
2.100000000000000000e+02
2.340000000000000000e+02
2.750000000000000000e+02
3.040000000000000000e+02
3.090000000000000000e+02
3.340000000000000000e+02
3.340000000000000000e+02
3.470000000000000000e+02
3.550000000000000000e+02
3.560000000000000000e+02
3.690000000000000000e+02
3.710000000000000000e+02
3.580000000000000000e+02
3.490000000000000000e+02
3.510000000000000000e+02
3.340000000000000000e+02
3.470000000000000000e+02
3.430000000000000000e+02
3.400000000000000000e+02
3.160000000000000000e+02
3.010000000000000000e+02
2.950000000000000000e+02
2.870000000000000000e+02
3.000000000000000000e+02
2.800000000000000000e+02
2.690000000000000000e+02
2.690000000000000000e+02
2.600000000000000000e+02
2.600000000000000000e+02
2.460000000000000000e+02
2.290000000000000000e+02
2.220000000000000000e+02
2.130000000000000000e+02
2.160000000000000000e+02
2.140000000000000000e+02
2.000000000000000000e+02
1.850000000000000000e+02
1.810000000000000000e+02
1.730000000000000000e+02
1.710000000000000000e+02
1.560000000000000000e+02
1.610000000000000000e+02
1.640000000000000000e+02
1.540000000000000000e+02
1.600000000000000000e+02
1.510000000000000000e+02
1.620000000000000000e+02
1.640000000000000000e+02
1.610000000000000000e+02
1.760000000000000000e+02
1.850000000000000000e+02
1.910000000000000000e+02
1.980000000000000000e+02
2.050000000000000000e+02
1.990000000000000000e+02
1.890000000000000000e+02
1.940000000000000000e+02
1.930000000000000000e+02
1.890000000000000000e+02
1.950000000000000000e+02
1.700000000000000000e+02
1.690000000000000000e+02
1.630000000000000000e+02
