6.700000000000000000e+01
6.500000000000000000e+01
6.400000000000000000e+01
6.600000000000000000e+01
6.000000000000000000e+01
5.800000000000000000e+01
6.100000000000000000e+01
6.500000000000000000e+01
6.100000000000000000e+01
6.000000000000000000e+01
6.300000000000000000e+01
6.400000000000000000e+01
5.600000000000000000e+01
6.500000000000000000e+01
6.600000000000000000e+01
6.000000000000000000e+01
5.700000000000000000e+01
5.200000000000000000e+01
4.800000000000000000e+01
4.500000000000000000e+01
4.300000000000000000e+01
4.000000000000000000e+01
3.900000000000000000e+01
3.700000000000000000e+01
3.600000000000000000e+01
3.100000000000000000e+01
3.100000000000000000e+01
3.500000000000000000e+01
3.400000000000000000e+01
3.100000000000000000e+01
3.000000000000000000e+01
3.300000000000000000e+01
3.400000000000000000e+01
3.400000000000000000e+01
3.200000000000000000e+01
2.900000000000000000e+01
2.900000000000000000e+01
2.800000000000000000e+01
3.200000000000000000e+01
3.100000000000000000e+01
3.000000000000000000e+01
3.600000000000000000e+01
3.800000000000000000e+01
3.600000000000000000e+01
3.300000000000000000e+01
4.500000000000000000e+01
4.900000000000000000e+01
6.200000000000000000e+01
6.700000000000000000e+01
8.000000000000000000e+01
9.600000000000000000e+01
9.900000000000000000e+01
1.070000000000000000e+02
1.160000000000000000e+02
1.200000000000000000e+02
1.270000000000000000e+02
1.500000000000000000e+02
1.640000000000000000e+02
1.970000000000000000e+02
2.040000000000000000e+02
2.210000000000000000e+02
2.390000000000000000e+02
2.690000000000000000e+02
2.900000000000000000e+02
3.060000000000000000e+02
3.030000000000000000e+02
3.120000000000000000e+02
3.240000000000000000e+02
3.250000000000000000e+02
3.190000000000000000e+02
3.390000000000000000e+02
3.380000000000000000e+02
3.370000000000000000e+02
3.490000000000000000e+02
3.550000000000000000e+02
3.470000000000000000e+02
3.460000000000000000e+02
3.310000000000000000e+02
3.400000000000000000e+02
3.170000000000000000e+02
3.140000000000000000e+02
3.160000000000000000e+02
3.050000000000000000e+02
3.020000000000000000e+02
2.990000000000000000e+02
2.960000000000000000e+02
2.920000000000000000e+02
2.830000000000000000e+02
2.600000000000000000e+02
2.520000000000000000e+02
2.410000000000000000e+02
2.390000000000000000e+02
2.420000000000000000e+02
2.300000000000000000e+02
2.120000000000000000e+02
2.140000000000000000e+02
2.070000000000000000e+02
1.950000000000000000e+02
1.860000000000000000e+02
1.660000000000000000e+02
1.610000000000000000e+02
1.630000000000000000e+02
1.640000000000000000e+02
1.780000000000000000e+02
1.770000000000000000e+02
1.710000000000000000e+02
1.550000000000000000e+02
1.560000000000000000e+02
1.600000000000000000e+02
1.750000000000000000e+02
1.720000000000000000e+02
1.770000000000000000e+02
1.720000000000000000e+02
1.700000000000000000e+02
1.710000000000000000e+02
1.730000000000000000e+02
1.740000000000000000e+02
1.730000000000000000e+02
1.890000000000000000e+02
1.860000000000000000e+02
2.010000000000000000e+02
