6.200000000000000000e+01
6.000000000000000000e+01
6.300000000000000000e+01
7.000000000000000000e+01
7.200000000000000000e+01
7.900000000000000000e+01
8.000000000000000000e+01
8.300000000000000000e+01
8.400000000000000000e+01
9.200000000000000000e+01
9.300000000000000000e+01
9.800000000000000000e+01
1.010000000000000000e+02
1.240000000000000000e+02
1.240000000000000000e+02
1.290000000000000000e+02
1.450000000000000000e+02
1.590000000000000000e+02
1.660000000000000000e+02
1.820000000000000000e+02
1.920000000000000000e+02
2.050000000000000000e+02
2.310000000000000000e+02
2.580000000000000000e+02
2.810000000000000000e+02
3.150000000000000000e+02
3.320000000000000000e+02
3.390000000000000000e+02
3.540000000000000000e+02
3.920000000000000000e+02
4.100000000000000000e+02
4.180000000000000000e+02
4.250000000000000000e+02
4.390000000000000000e+02
4.480000000000000000e+02
4.590000000000000000e+02
4.440000000000000000e+02
4.440000000000000000e+02
4.390000000000000000e+02
4.200000000000000000e+02
4.270000000000000000e+02
4.390000000000000000e+02
4.330000000000000000e+02
4.410000000000000000e+02
4.450000000000000000e+02
4.210000000000000000e+02
4.170000000000000000e+02
4.200000000000000000e+02
4.160000000000000000e+02
4.060000000000000000e+02
4.040000000000000000e+02
3.770000000000000000e+02
3.560000000000000000e+02
3.470000000000000000e+02
3.550000000000000000e+02
3.580000000000000000e+02
3.490000000000000000e+02
3.390000000000000000e+02
3.410000000000000000e+02
3.420000000000000000e+02
3.320000000000000000e+02
3.300000000000000000e+02
3.290000000000000000e+02
3.290000000000000000e+02
3.380000000000000000e+02
3.400000000000000000e+02
3.230000000000000000e+02
3.250000000000000000e+02
3.330000000000000000e+02
3.260000000000000000e+02
3.180000000000000000e+02
3.220000000000000000e+02
3.230000000000000000e+02
3.060000000000000000e+02
2.920000000000000000e+02
2.860000000000000000e+02
2.910000000000000000e+02
2.960000000000000000e+02
2.910000000000000000e+02
2.670000000000000000e+02
2.690000000000000000e+02
2.740000000000000000e+02
2.660000000000000000e+02
2.680000000000000000e+02
2.610000000000000000e+02
2.660000000000000000e+02
2.760000000000000000e+02
2.530000000000000000e+02
2.360000000000000000e+02
2.370000000000000000e+02
2.430000000000000000e+02
2.430000000000000000e+02
2.580000000000000000e+02
2.600000000000000000e+02
2.820000000000000000e+02
2.780000000000000000e+02
2.910000000000000000e+02
2.890000000000000000e+02
3.060000000000000000e+02
3.190000000000000000e+02
3.340000000000000000e+02
3.470000000000000000e+02
3.390000000000000000e+02
3.220000000000000000e+02
3.100000000000000000e+02
3.210000000000000000e+02
3.180000000000000000e+02
3.290000000000000000e+02
3.180000000000000000e+02
3.300000000000000000e+02
3.180000000000000000e+02
3.030000000000000000e+02
2.810000000000000000e+02
2.710000000000000000e+02
2.820000000000000000e+02
2.760000000000000000e+02
2.680000000000000000e+02
2.670000000000000000e+02
2.610000000000000000e+02
2.640000000000000000e+02
2.630000000000000000e+02
2.590000000000000000e+02
