7.500000000000000000e+01
7.600000000000000000e+01
7.300000000000000000e+01
6.900000000000000000e+01
7.200000000000000000e+01
8.100000000000000000e+01
9.000000000000000000e+01
9.700000000000000000e+01
1.030000000000000000e+02
1.140000000000000000e+02
1.210000000000000000e+02
1.330000000000000000e+02
1.440000000000000000e+02
1.470000000000000000e+02
1.660000000000000000e+02
1.860000000000000000e+02
2.100000000000000000e+02
2.300000000000000000e+02
2.620000000000000000e+02
2.840000000000000000e+02
3.040000000000000000e+02
3.290000000000000000e+02
3.410000000000000000e+02
3.660000000000000000e+02
3.810000000000000000e+02
3.790000000000000000e+02
3.860000000000000000e+02
4.010000000000000000e+02
4.020000000000000000e+02
4.090000000000000000e+02
4.230000000000000000e+02
4.190000000000000000e+02
4.120000000000000000e+02
4.010000000000000000e+02
4.140000000000000000e+02
4.250000000000000000e+02
4.240000000000000000e+02
4.270000000000000000e+02
4.090000000000000000e+02
4.230000000000000000e+02
4.460000000000000000e+02
4.410000000000000000e+02
4.420000000000000000e+02
4.270000000000000000e+02
4.270000000000000000e+02
4.210000000000000000e+02
4.070000000000000000e+02
4.100000000000000000e+02
4.170000000000000000e+02
4.190000000000000000e+02
4.130000000000000000e+02
3.940000000000000000e+02
3.930000000000000000e+02
3.930000000000000000e+02
3.860000000000000000e+02
3.720000000000000000e+02
3.690000000000000000e+02
3.880000000000000000e+02
3.780000000000000000e+02
3.690000000000000000e+02
3.690000000000000000e+02
3.590000000000000000e+02
3.580000000000000000e+02
3.450000000000000000e+02
3.420000000000000000e+02
3.410000000000000000e+02
3.350000000000000000e+02
3.220000000000000000e+02
3.150000000000000000e+02
3.150000000000000000e+02
2.960000000000000000e+02
2.840000000000000000e+02
2.830000000000000000e+02
2.680000000000000000e+02
2.710000000000000000e+02
2.650000000000000000e+02
2.660000000000000000e+02
2.500000000000000000e+02
2.400000000000000000e+02
2.470000000000000000e+02
2.600000000000000000e+02
2.610000000000000000e+02
2.790000000000000000e+02
2.990000000000000000e+02
3.120000000000000000e+02
3.150000000000000000e+02
3.190000000000000000e+02
3.230000000000000000e+02
3.450000000000000000e+02
3.440000000000000000e+02
3.490000000000000000e+02
3.470000000000000000e+02
3.710000000000000000e+02
3.830000000000000000e+02
3.880000000000000000e+02
3.820000000000000000e+02
3.730000000000000000e+02
3.830000000000000000e+02
3.860000000000000000e+02
3.890000000000000000e+02
3.880000000000000000e+02
3.750000000000000000e+02
3.710000000000000000e+02
3.790000000000000000e+02
3.680000000000000000e+02
3.650000000000000000e+02
3.450000000000000000e+02
3.400000000000000000e+02
3.360000000000000000e+02
3.280000000000000000e+02
3.240000000000000000e+02
3.190000000000000000e+02
3.210000000000000000e+02
3.100000000000000000e+02
3.010000000000000000e+02
2.920000000000000000e+02
2.790000000000000000e+02
2.630000000000000000e+02
2.510000000000000000e+02
2.490000000000000000e+02
2.500000000000000000e+02
2.330000000000000000e+02
