5.500000000000000000e+01
5.000000000000000000e+01
4.900000000000000000e+01
4.800000000000000000e+01
4.800000000000000000e+01
4.600000000000000000e+01
4.500000000000000000e+01
5.400000000000000000e+01
5.200000000000000000e+01
5.600000000000000000e+01
5.900000000000000000e+01
5.600000000000000000e+01
5.300000000000000000e+01
5.200000000000000000e+01
4.900000000000000000e+01
4.700000000000000000e+01
4.500000000000000000e+01
3.800000000000000000e+01
3.400000000000000000e+01
2.800000000000000000e+01
3.400000000000000000e+01
3.200000000000000000e+01
3.100000000000000000e+01
3.100000000000000000e+01
2.900000000000000000e+01
3.100000000000000000e+01
2.700000000000000000e+01
3.000000000000000000e+01
3.000000000000000000e+01
2.800000000000000000e+01
2.500000000000000000e+01
2.500000000000000000e+01
2.300000000000000000e+01
2.100000000000000000e+01
1.800000000000000000e+01
2.600000000000000000e+01
2.600000000000000000e+01
2.000000000000000000e+01
2.000000000000000000e+01
2.100000000000000000e+01
3.500000000000000000e+01
4.000000000000000000e+01
4.400000000000000000e+01
4.200000000000000000e+01
4.300000000000000000e+01
5.100000000000000000e+01
5.100000000000000000e+01
5.400000000000000000e+01
5.800000000000000000e+01
6.800000000000000000e+01
7.200000000000000000e+01
7.300000000000000000e+01
8.400000000000000000e+01
9.700000000000000000e+01
1.100000000000000000e+02
1.260000000000000000e+02
1.450000000000000000e+02
1.500000000000000000e+02
1.780000000000000000e+02
1.880000000000000000e+02
1.950000000000000000e+02
2.290000000000000000e+02
2.580000000000000000e+02
2.690000000000000000e+02
2.870000000000000000e+02
2.940000000000000000e+02
2.830000000000000000e+02
2.980000000000000000e+02
3.150000000000000000e+02
3.220000000000000000e+02
3.170000000000000000e+02
3.120000000000000000e+02
3.310000000000000000e+02
3.270000000000000000e+02
3.180000000000000000e+02
3.200000000000000000e+02
3.290000000000000000e+02
3.210000000000000000e+02
3.110000000000000000e+02
3.000000000000000000e+02
3.010000000000000000e+02
2.930000000000000000e+02
2.800000000000000000e+02
2.790000000000000000e+02
2.810000000000000000e+02
2.620000000000000000e+02
2.510000000000000000e+02
2.320000000000000000e+02
2.120000000000000000e+02
2.190000000000000000e+02
2.110000000000000000e+02
2.100000000000000000e+02
2.110000000000000000e+02
2.120000000000000000e+02
2.110000000000000000e+02
2.060000000000000000e+02
1.910000000000000000e+02
1.900000000000000000e+02
1.850000000000000000e+02
1.780000000000000000e+02
1.820000000000000000e+02
1.880000000000000000e+02
1.930000000000000000e+02
2.080000000000000000e+02
2.100000000000000000e+02
2.200000000000000000e+02
2.290000000000000000e+02
2.230000000000000000e+02
2.220000000000000000e+02
2.110000000000000000e+02
2.040000000000000000e+02
1.910000000000000000e+02
1.820000000000000000e+02
1.720000000000000000e+02
1.740000000000000000e+02
1.570000000000000000e+02
1.560000000000000000e+02
1.590000000000000000e+02
1.610000000000000000e+02
1.430000000000000000e+02
1.400000000000000000e+02
