8.000000000000000000e+01
8.100000000000000000e+01
8.500000000000000000e+01
9.300000000000000000e+01
1.000000000000000000e+02
1.070000000000000000e+02
1.090000000000000000e+02
1.120000000000000000e+02
1.100000000000000000e+02
1.250000000000000000e+02
1.290000000000000000e+02
1.430000000000000000e+02
1.500000000000000000e+02
1.650000000000000000e+02
1.780000000000000000e+02
1.850000000000000000e+02
2.030000000000000000e+02
2.340000000000000000e+02
2.680000000000000000e+02
2.900000000000000000e+02
3.360000000000000000e+02
3.350000000000000000e+02
3.560000000000000000e+02
3.680000000000000000e+02
3.850000000000000000e+02
3.900000000000000000e+02
4.160000000000000000e+02
4.270000000000000000e+02
4.410000000000000000e+02
4.470000000000000000e+02
4.560000000000000000e+02
4.490000000000000000e+02
4.510000000000000000e+02
4.730000000000000000e+02
4.760000000000000000e+02
4.860000000000000000e+02
4.890000000000000000e+02
4.980000000000000000e+02
4.910000000000000000e+02
4.860000000000000000e+02
4.680000000000000000e+02
4.600000000000000000e+02
4.660000000000000000e+02
4.790000000000000000e+02
4.830000000000000000e+02
4.920000000000000000e+02
4.830000000000000000e+02
4.770000000000000000e+02
4.840000000000000000e+02
4.890000000000000000e+02
4.770000000000000000e+02
4.680000000000000000e+02
4.610000000000000000e+02
4.520000000000000000e+02
4.400000000000000000e+02
4.300000000000000000e+02
4.180000000000000000e+02
4.060000000000000000e+02
4.000000000000000000e+02
3.990000000000000000e+02
3.930000000000000000e+02
3.870000000000000000e+02
3.660000000000000000e+02
3.690000000000000000e+02
3.850000000000000000e+02
3.790000000000000000e+02
3.780000000000000000e+02
3.670000000000000000e+02
3.470000000000000000e+02
3.390000000000000000e+02
3.310000000000000000e+02
3.230000000000000000e+02
3.250000000000000000e+02
3.230000000000000000e+02
3.260000000000000000e+02
3.200000000000000000e+02
3.080000000000000000e+02
2.980000000000000000e+02
3.190000000000000000e+02
3.070000000000000000e+02
3.190000000000000000e+02
3.170000000000000000e+02
2.900000000000000000e+02
2.750000000000000000e+02
2.730000000000000000e+02
2.660000000000000000e+02
2.600000000000000000e+02
2.470000000000000000e+02
2.360000000000000000e+02
2.430000000000000000e+02
2.360000000000000000e+02
2.290000000000000000e+02
2.280000000000000000e+02
2.300000000000000000e+02
2.160000000000000000e+02
2.310000000000000000e+02
2.510000000000000000e+02
2.590000000000000000e+02
2.690000000000000000e+02
2.780000000000000000e+02
2.820000000000000000e+02
3.040000000000000000e+02
3.040000000000000000e+02
3.060000000000000000e+02
3.230000000000000000e+02
3.310000000000000000e+02
3.440000000000000000e+02
3.520000000000000000e+02
3.660000000000000000e+02
3.640000000000000000e+02
3.520000000000000000e+02
3.450000000000000000e+02
3.550000000000000000e+02
3.510000000000000000e+02
3.600000000000000000e+02
3.720000000000000000e+02
3.770000000000000000e+02
3.740000000000000000e+02
3.670000000000000000e+02
3.660000000000000000e+02
3.580000000000000000e+02
3.600000000000000000e+02
