7.300000000000000000e+01
6.800000000000000000e+01
7.700000000000000000e+01
7.900000000000000000e+01
7.300000000000000000e+01
8.100000000000000000e+01
8.300000000000000000e+01
8.100000000000000000e+01
8.400000000000000000e+01
7.600000000000000000e+01
6.800000000000000000e+01
7.000000000000000000e+01
6.600000000000000000e+01
6.900000000000000000e+01
7.000000000000000000e+01
6.800000000000000000e+01
6.500000000000000000e+01
6.100000000000000000e+01
5.800000000000000000e+01
5.100000000000000000e+01
4.900000000000000000e+01
4.800000000000000000e+01
4.400000000000000000e+01
4.500000000000000000e+01
4.700000000000000000e+01
4.200000000000000000e+01
4.000000000000000000e+01
4.000000000000000000e+01
3.700000000000000000e+01
3.300000000000000000e+01
2.900000000000000000e+01
3.400000000000000000e+01
3.300000000000000000e+01
3.000000000000000000e+01
2.500000000000000000e+01
2.700000000000000000e+01
2.700000000000000000e+01
3.000000000000000000e+01
3.700000000000000000e+01
3.500000000000000000e+01
3.300000000000000000e+01
3.800000000000000000e+01
4.600000000000000000e+01
4.400000000000000000e+01
5.100000000000000000e+01
5.900000000000000000e+01
5.500000000000000000e+01
5.500000000000000000e+01
5.800000000000000000e+01
7.100000000000000000e+01
7.600000000000000000e+01
8.100000000000000000e+01
9.000000000000000000e+01
9.500000000000000000e+01
1.030000000000000000e+02
1.190000000000000000e+02
1.340000000000000000e+02
1.420000000000000000e+02
1.460000000000000000e+02
1.640000000000000000e+02
1.790000000000000000e+02
1.920000000000000000e+02
2.200000000000000000e+02
2.340000000000000000e+02
2.490000000000000000e+02
2.530000000000000000e+02
2.630000000000000000e+02
2.580000000000000000e+02
2.580000000000000000e+02
2.800000000000000000e+02
2.880000000000000000e+02
3.000000000000000000e+02
3.030000000000000000e+02
3.180000000000000000e+02
3.230000000000000000e+02
3.290000000000000000e+02
3.190000000000000000e+02
3.120000000000000000e+02
3.120000000000000000e+02
3.080000000000000000e+02
3.030000000000000000e+02
2.940000000000000000e+02
3.000000000000000000e+02
3.010000000000000000e+02
3.120000000000000000e+02
2.970000000000000000e+02
2.960000000000000000e+02
2.830000000000000000e+02
2.800000000000000000e+02
2.690000000000000000e+02
2.560000000000000000e+02
2.490000000000000000e+02
2.340000000000000000e+02
2.200000000000000000e+02
2.160000000000000000e+02
2.230000000000000000e+02
2.230000000000000000e+02
2.170000000000000000e+02
2.160000000000000000e+02
2.050000000000000000e+02
1.970000000000000000e+02
1.940000000000000000e+02
1.920000000000000000e+02
1.980000000000000000e+02
2.000000000000000000e+02
2.110000000000000000e+02
2.140000000000000000e+02
2.180000000000000000e+02
2.220000000000000000e+02
2.210000000000000000e+02
2.220000000000000000e+02
2.200000000000000000e+02
2.200000000000000000e+02
2.220000000000000000e+02
2.190000000000000000e+02
2.030000000000000000e+02
2.020000000000000000e+02
1.960000000000000000e+02
1.930000000000000000e+02
1.850000000000000000e+02
1.710000000000000000e+02
