1.370000000000000000e+02
1.330000000000000000e+02
1.330000000000000000e+02
1.370000000000000000e+02
1.490000000000000000e+02
1.500000000000000000e+02
1.600000000000000000e+02
1.620000000000000000e+02
1.640000000000000000e+02
1.750000000000000000e+02
2.070000000000000000e+02
2.350000000000000000e+02
2.480000000000000000e+02
2.770000000000000000e+02
3.100000000000000000e+02
3.420000000000000000e+02
3.720000000000000000e+02
4.060000000000000000e+02
4.340000000000000000e+02
4.580000000000000000e+02
4.700000000000000000e+02
4.740000000000000000e+02
5.000000000000000000e+02
5.120000000000000000e+02
5.110000000000000000e+02
4.940000000000000000e+02
4.870000000000000000e+02
4.710000000000000000e+02
4.640000000000000000e+02
4.460000000000000000e+02
4.380000000000000000e+02
4.340000000000000000e+02
4.350000000000000000e+02
4.300000000000000000e+02
4.280000000000000000e+02
4.210000000000000000e+02
4.150000000000000000e+02
4.100000000000000000e+02
3.930000000000000000e+02
3.740000000000000000e+02
3.660000000000000000e+02
3.600000000000000000e+02
3.470000000000000000e+02
3.390000000000000000e+02
3.420000000000000000e+02
3.230000000000000000e+02
3.160000000000000000e+02
3.100000000000000000e+02
2.970000000000000000e+02
2.840000000000000000e+02
2.790000000000000000e+02
2.610000000000000000e+02
2.480000000000000000e+02
2.350000000000000000e+02
2.420000000000000000e+02
2.460000000000000000e+02
2.480000000000000000e+02
2.500000000000000000e+02
2.600000000000000000e+02
2.690000000000000000e+02
2.950000000000000000e+02
3.060000000000000000e+02
3.170000000000000000e+02
3.260000000000000000e+02
3.210000000000000000e+02
3.170000000000000000e+02
3.020000000000000000e+02
2.990000000000000000e+02
3.010000000000000000e+02
2.950000000000000000e+02
2.960000000000000000e+02
2.860000000000000000e+02
2.920000000000000000e+02
2.950000000000000000e+02
2.950000000000000000e+02
2.860000000000000000e+02
2.880000000000000000e+02
2.950000000000000000e+02
2.850000000000000000e+02
2.910000000000000000e+02
2.900000000000000000e+02
2.740000000000000000e+02
2.590000000000000000e+02
2.690000000000000000e+02
2.640000000000000000e+02
2.420000000000000000e+02
2.360000000000000000e+02
2.340000000000000000e+02
2.270000000000000000e+02
2.230000000000000000e+02
2.250000000000000000e+02
2.340000000000000000e+02
2.360000000000000000e+02
2.350000000000000000e+02
2.450000000000000000e+02
2.470000000000000000e+02
2.770000000000000000e+02
2.780000000000000000e+02
2.940000000000000000e+02
3.100000000000000000e+02
3.300000000000000000e+02
3.490000000000000000e+02
3.500000000000000000e+02
3.420000000000000000e+02
3.650000000000000000e+02
3.640000000000000000e+02
3.520000000000000000e+02
3.450000000000000000e+02
3.280000000000000000e+02
3.080000000000000000e+02
3.030000000000000000e+02
3.150000000000000000e+02
2.940000000000000000e+02
2.820000000000000000e+02
2.860000000000000000e+02
2.570000000000000000e+02
2.450000000000000000e+02
2.420000000000000000e+02
2.390000000000000000e+02
2.200000000000000000e+02
2.030000000000000000e+02
