1.090000000000000000e+02
1.050000000000000000e+02
9.900000000000000000e+01
1.060000000000000000e+02
1.060000000000000000e+02
1.010000000000000000e+02
1.080000000000000000e+02
1.050000000000000000e+02
9.900000000000000000e+01
1.020000000000000000e+02
9.500000000000000000e+01
1.020000000000000000e+02
9.800000000000000000e+01
9.900000000000000000e+01
9.600000000000000000e+01
1.040000000000000000e+02
9.800000000000000000e+01
9.500000000000000000e+01
8.900000000000000000e+01
8.500000000000000000e+01
8.800000000000000000e+01
8.200000000000000000e+01
8.800000000000000000e+01
8.800000000000000000e+01
8.000000000000000000e+01
8.900000000000000000e+01
8.300000000000000000e+01
9.000000000000000000e+01
8.500000000000000000e+01
8.800000000000000000e+01
9.300000000000000000e+01
9.600000000000000000e+01
9.600000000000000000e+01
1.070000000000000000e+02
1.120000000000000000e+02
1.190000000000000000e+02
1.150000000000000000e+02
1.300000000000000000e+02
1.400000000000000000e+02
1.470000000000000000e+02
1.500000000000000000e+02
1.720000000000000000e+02
1.960000000000000000e+02
2.000000000000000000e+02
2.080000000000000000e+02
2.190000000000000000e+02
2.560000000000000000e+02
2.720000000000000000e+02
2.840000000000000000e+02
2.750000000000000000e+02
2.850000000000000000e+02
3.000000000000000000e+02
2.910000000000000000e+02
2.960000000000000000e+02
2.980000000000000000e+02
2.830000000000000000e+02
2.770000000000000000e+02
2.810000000000000000e+02
2.630000000000000000e+02
2.730000000000000000e+02
2.810000000000000000e+02
2.730000000000000000e+02
2.650000000000000000e+02
2.510000000000000000e+02
2.530000000000000000e+02
2.480000000000000000e+02
2.490000000000000000e+02
2.400000000000000000e+02
2.310000000000000000e+02
2.160000000000000000e+02
2.150000000000000000e+02
2.220000000000000000e+02
2.250000000000000000e+02
2.040000000000000000e+02
1.980000000000000000e+02
1.870000000000000000e+02
1.680000000000000000e+02
1.670000000000000000e+02
1.630000000000000000e+02
1.570000000000000000e+02
1.680000000000000000e+02
1.690000000000000000e+02
1.790000000000000000e+02
1.910000000000000000e+02
1.820000000000000000e+02
1.800000000000000000e+02
1.870000000000000000e+02
2.160000000000000000e+02
2.340000000000000000e+02
2.410000000000000000e+02
2.530000000000000000e+02
2.630000000000000000e+02
2.640000000000000000e+02
2.600000000000000000e+02
2.790000000000000000e+02
2.650000000000000000e+02
2.660000000000000000e+02
2.680000000000000000e+02
2.730000000000000000e+02
2.830000000000000000e+02
2.720000000000000000e+02
2.610000000000000000e+02
2.390000000000000000e+02
2.330000000000000000e+02
2.270000000000000000e+02
2.150000000000000000e+02
2.010000000000000000e+02
1.930000000000000000e+02
1.880000000000000000e+02
1.850000000000000000e+02
1.770000000000000000e+02
1.630000000000000000e+02
1.490000000000000000e+02
1.420000000000000000e+02
1.350000000000000000e+02
1.360000000000000000e+02
1.370000000000000000e+02
1.370000000000000000e+02
1.310000000000000000e+02
1.280000000000000000e+02
1.270000000000000000e+02
