8.500000000000000000e+01
8.500000000000000000e+01
8.100000000000000000e+01
8.700000000000000000e+01
8.700000000000000000e+01
1.130000000000000000e+02
1.200000000000000000e+02
1.280000000000000000e+02
1.280000000000000000e+02
1.450000000000000000e+02
1.500000000000000000e+02
1.650000000000000000e+02
1.910000000000000000e+02
2.030000000000000000e+02
2.200000000000000000e+02
2.300000000000000000e+02
2.460000000000000000e+02
2.890000000000000000e+02
3.140000000000000000e+02
3.220000000000000000e+02
3.530000000000000000e+02
3.730000000000000000e+02
3.970000000000000000e+02
4.070000000000000000e+02
4.250000000000000000e+02
4.290000000000000000e+02
4.400000000000000000e+02
4.590000000000000000e+02
4.680000000000000000e+02
4.660000000000000000e+02
4.490000000000000000e+02
4.550000000000000000e+02
4.500000000000000000e+02
4.570000000000000000e+02
4.420000000000000000e+02
4.380000000000000000e+02
4.330000000000000000e+02
4.360000000000000000e+02
4.300000000000000000e+02
4.270000000000000000e+02
4.210000000000000000e+02
4.110000000000000000e+02
4.090000000000000000e+02
4.110000000000000000e+02
4.190000000000000000e+02
3.980000000000000000e+02
3.920000000000000000e+02
3.700000000000000000e+02
3.660000000000000000e+02
3.830000000000000000e+02
3.780000000000000000e+02
3.820000000000000000e+02
3.540000000000000000e+02
3.520000000000000000e+02
3.610000000000000000e+02
3.480000000000000000e+02
3.330000000000000000e+02
3.330000000000000000e+02
3.360000000000000000e+02
3.240000000000000000e+02
3.170000000000000000e+02
3.090000000000000000e+02
3.050000000000000000e+02
3.000000000000000000e+02
2.950000000000000000e+02
2.820000000000000000e+02
2.810000000000000000e+02
2.780000000000000000e+02
2.740000000000000000e+02
2.660000000000000000e+02
2.630000000000000000e+02
2.590000000000000000e+02
2.530000000000000000e+02
2.750000000000000000e+02
2.810000000000000000e+02
2.700000000000000000e+02
2.680000000000000000e+02
2.740000000000000000e+02
2.630000000000000000e+02
2.620000000000000000e+02
2.640000000000000000e+02
2.660000000000000000e+02
2.570000000000000000e+02
2.660000000000000000e+02
2.860000000000000000e+02
2.890000000000000000e+02
3.030000000000000000e+02
3.220000000000000000e+02
3.210000000000000000e+02
3.250000000000000000e+02
3.300000000000000000e+02
3.310000000000000000e+02
3.410000000000000000e+02
3.460000000000000000e+02
3.350000000000000000e+02
3.270000000000000000e+02
3.150000000000000000e+02
3.150000000000000000e+02
3.180000000000000000e+02
3.200000000000000000e+02
3.290000000000000000e+02
3.260000000000000000e+02
3.230000000000000000e+02
3.300000000000000000e+02
3.190000000000000000e+02
3.230000000000000000e+02
3.080000000000000000e+02
3.010000000000000000e+02
2.920000000000000000e+02
2.830000000000000000e+02
2.710000000000000000e+02
2.720000000000000000e+02
2.730000000000000000e+02
2.780000000000000000e+02
2.710000000000000000e+02
2.740000000000000000e+02
2.520000000000000000e+02
2.490000000000000000e+02
2.460000000000000000e+02
2.460000000000000000e+02
2.370000000000000000e+02
2.370000000000000000e+02
