6.900000000000000000e+01
7.700000000000000000e+01
8.500000000000000000e+01
8.600000000000000000e+01
8.500000000000000000e+01
8.200000000000000000e+01
9.600000000000000000e+01
9.800000000000000000e+01
9.900000000000000000e+01
1.100000000000000000e+02
1.160000000000000000e+02
1.200000000000000000e+02
1.390000000000000000e+02
1.400000000000000000e+02
1.500000000000000000e+02
1.690000000000000000e+02
1.780000000000000000e+02
1.900000000000000000e+02
2.070000000000000000e+02
2.530000000000000000e+02
2.560000000000000000e+02
2.800000000000000000e+02
3.170000000000000000e+02
3.470000000000000000e+02
3.550000000000000000e+02
3.760000000000000000e+02
3.680000000000000000e+02
3.850000000000000000e+02
3.850000000000000000e+02
3.840000000000000000e+02
3.860000000000000000e+02
3.810000000000000000e+02
3.920000000000000000e+02
3.820000000000000000e+02
3.850000000000000000e+02
3.920000000000000000e+02
3.920000000000000000e+02
4.080000000000000000e+02
4.110000000000000000e+02
4.220000000000000000e+02
4.190000000000000000e+02
4.150000000000000000e+02
4.120000000000000000e+02
4.060000000000000000e+02
3.980000000000000000e+02
3.960000000000000000e+02
4.060000000000000000e+02
4.080000000000000000e+02
4.170000000000000000e+02
4.120000000000000000e+02
4.130000000000000000e+02
4.120000000000000000e+02
4.060000000000000000e+02
3.950000000000000000e+02
3.950000000000000000e+02
3.970000000000000000e+02
3.840000000000000000e+02
3.830000000000000000e+02
3.800000000000000000e+02
3.850000000000000000e+02
3.800000000000000000e+02
3.840000000000000000e+02
3.880000000000000000e+02
3.850000000000000000e+02
3.930000000000000000e+02
3.840000000000000000e+02
3.880000000000000000e+02
3.760000000000000000e+02
3.630000000000000000e+02
3.510000000000000000e+02
3.360000000000000000e+02
3.350000000000000000e+02
3.220000000000000000e+02
3.180000000000000000e+02
3.190000000000000000e+02
3.130000000000000000e+02
3.040000000000000000e+02
2.900000000000000000e+02
2.910000000000000000e+02
2.940000000000000000e+02
2.960000000000000000e+02
3.070000000000000000e+02
2.850000000000000000e+02
2.740000000000000000e+02
2.820000000000000000e+02
2.700000000000000000e+02
2.640000000000000000e+02
2.610000000000000000e+02
2.630000000000000000e+02
2.620000000000000000e+02
2.820000000000000000e+02
2.880000000000000000e+02
2.900000000000000000e+02
2.900000000000000000e+02
3.100000000000000000e+02
3.040000000000000000e+02
3.180000000000000000e+02
3.160000000000000000e+02
3.280000000000000000e+02
3.320000000000000000e+02
3.320000000000000000e+02
3.390000000000000000e+02
3.380000000000000000e+02
3.490000000000000000e+02
3.430000000000000000e+02
3.360000000000000000e+02
3.310000000000000000e+02
3.380000000000000000e+02
3.280000000000000000e+02
3.160000000000000000e+02
3.100000000000000000e+02
3.060000000000000000e+02
3.050000000000000000e+02
2.880000000000000000e+02
2.930000000000000000e+02
2.810000000000000000e+02
2.850000000000000000e+02
2.600000000000000000e+02
2.630000000000000000e+02
2.630000000000000000e+02
2.490000000000000000e+02
2.460000000000000000e+02
