7.100000000000000000e+01
6.900000000000000000e+01
6.600000000000000000e+01
6.200000000000000000e+01
6.000000000000000000e+01
6.400000000000000000e+01
6.100000000000000000e+01
6.200000000000000000e+01
6.200000000000000000e+01
6.100000000000000000e+01
5.500000000000000000e+01
5.300000000000000000e+01
5.400000000000000000e+01
5.300000000000000000e+01
5.600000000000000000e+01
5.100000000000000000e+01
4.900000000000000000e+01
5.200000000000000000e+01
4.800000000000000000e+01
4.900000000000000000e+01
4.900000000000000000e+01
4.600000000000000000e+01
4.300000000000000000e+01
4.200000000000000000e+01
4.300000000000000000e+01
3.400000000000000000e+01
3.400000000000000000e+01
3.300000000000000000e+01
2.900000000000000000e+01
2.600000000000000000e+01
2.600000000000000000e+01
2.900000000000000000e+01
2.500000000000000000e+01
2.000000000000000000e+01
1.600000000000000000e+01
1.900000000000000000e+01
1.800000000000000000e+01
2.100000000000000000e+01
2.200000000000000000e+01
2.500000000000000000e+01
2.700000000000000000e+01
3.000000000000000000e+01
3.400000000000000000e+01
3.700000000000000000e+01
4.100000000000000000e+01
4.800000000000000000e+01
5.000000000000000000e+01
5.500000000000000000e+01
5.100000000000000000e+01
5.400000000000000000e+01
6.400000000000000000e+01
6.800000000000000000e+01
7.100000000000000000e+01
7.900000000000000000e+01
8.700000000000000000e+01
9.600000000000000000e+01
1.110000000000000000e+02
1.260000000000000000e+02
1.460000000000000000e+02
1.500000000000000000e+02
1.720000000000000000e+02
1.850000000000000000e+02
2.110000000000000000e+02
2.430000000000000000e+02
2.440000000000000000e+02
2.480000000000000000e+02
2.640000000000000000e+02
2.690000000000000000e+02
2.930000000000000000e+02
3.010000000000000000e+02
3.190000000000000000e+02
3.290000000000000000e+02
3.040000000000000000e+02
3.140000000000000000e+02
3.250000000000000000e+02
3.130000000000000000e+02
3.250000000000000000e+02
3.440000000000000000e+02
3.370000000000000000e+02
3.420000000000000000e+02
3.240000000000000000e+02
3.270000000000000000e+02
3.260000000000000000e+02
3.220000000000000000e+02
3.220000000000000000e+02
3.100000000000000000e+02
3.050000000000000000e+02
2.840000000000000000e+02
2.850000000000000000e+02
2.630000000000000000e+02
2.420000000000000000e+02
2.440000000000000000e+02
2.460000000000000000e+02
2.280000000000000000e+02
2.230000000000000000e+02
2.170000000000000000e+02
2.020000000000000000e+02
1.870000000000000000e+02
1.940000000000000000e+02
1.800000000000000000e+02
1.760000000000000000e+02
1.760000000000000000e+02
1.740000000000000000e+02
1.810000000000000000e+02
1.770000000000000000e+02
1.650000000000000000e+02
1.620000000000000000e+02
1.730000000000000000e+02
1.670000000000000000e+02
1.840000000000000000e+02
1.960000000000000000e+02
1.920000000000000000e+02
1.980000000000000000e+02
1.790000000000000000e+02
1.810000000000000000e+02
1.850000000000000000e+02
1.760000000000000000e+02
1.800000000000000000e+02
1.750000000000000000e+02
1.820000000000000000e+02
1.760000000000000000e+02
