7.100000000000000000e+01
6.700000000000000000e+01
6.100000000000000000e+01
6.100000000000000000e+01
6.200000000000000000e+01
6.600000000000000000e+01
6.900000000000000000e+01
6.300000000000000000e+01
5.700000000000000000e+01
6.500000000000000000e+01
6.100000000000000000e+01
6.000000000000000000e+01
5.900000000000000000e+01
5.600000000000000000e+01
5.600000000000000000e+01
5.500000000000000000e+01
4.800000000000000000e+01
5.400000000000000000e+01
5.200000000000000000e+01
4.400000000000000000e+01
4.000000000000000000e+01
3.800000000000000000e+01
3.400000000000000000e+01
3.000000000000000000e+01
2.900000000000000000e+01
3.500000000000000000e+01
3.400000000000000000e+01
3.500000000000000000e+01
3.100000000000000000e+01
3.100000000000000000e+01
3.000000000000000000e+01
3.000000000000000000e+01
3.000000000000000000e+01
3.100000000000000000e+01
3.100000000000000000e+01
3.100000000000000000e+01
3.100000000000000000e+01
3.700000000000000000e+01
3.100000000000000000e+01
3.600000000000000000e+01
3.400000000000000000e+01
3.300000000000000000e+01
4.100000000000000000e+01
4.700000000000000000e+01
4.900000000000000000e+01
5.100000000000000000e+01
5.600000000000000000e+01
6.900000000000000000e+01
7.400000000000000000e+01
7.900000000000000000e+01
8.500000000000000000e+01
8.700000000000000000e+01
9.800000000000000000e+01
1.000000000000000000e+02
1.100000000000000000e+02
1.110000000000000000e+02
1.200000000000000000e+02
1.400000000000000000e+02
1.570000000000000000e+02
1.640000000000000000e+02
1.800000000000000000e+02
2.200000000000000000e+02
2.390000000000000000e+02
2.390000000000000000e+02
2.600000000000000000e+02
2.710000000000000000e+02
2.820000000000000000e+02
2.830000000000000000e+02
3.000000000000000000e+02
3.090000000000000000e+02
3.110000000000000000e+02
3.170000000000000000e+02
3.150000000000000000e+02
3.400000000000000000e+02
3.550000000000000000e+02
3.590000000000000000e+02
3.490000000000000000e+02
3.620000000000000000e+02
3.530000000000000000e+02
3.380000000000000000e+02
3.280000000000000000e+02
3.210000000000000000e+02
3.150000000000000000e+02
3.070000000000000000e+02
3.060000000000000000e+02
2.960000000000000000e+02
2.810000000000000000e+02
2.860000000000000000e+02
2.840000000000000000e+02
2.680000000000000000e+02
2.650000000000000000e+02
2.560000000000000000e+02
2.270000000000000000e+02
2.080000000000000000e+02
2.010000000000000000e+02
1.800000000000000000e+02
1.750000000000000000e+02
1.820000000000000000e+02
1.780000000000000000e+02
1.720000000000000000e+02
1.720000000000000000e+02
1.750000000000000000e+02
1.690000000000000000e+02
1.840000000000000000e+02
1.910000000000000000e+02
1.880000000000000000e+02
2.050000000000000000e+02
2.040000000000000000e+02
2.070000000000000000e+02
2.080000000000000000e+02
2.240000000000000000e+02
2.250000000000000000e+02
2.290000000000000000e+02
2.180000000000000000e+02
2.230000000000000000e+02
2.140000000000000000e+02
2.020000000000000000e+02
1.980000000000000000e+02
1.860000000000000000e+02
1.860000000000000000e+02
1.760000000000000000e+02
