8.400000000000000000e+01
7.800000000000000000e+01
7.700000000000000000e+01
8.300000000000000000e+01
8.300000000000000000e+01
7.900000000000000000e+01
7.800000000000000000e+01
8.100000000000000000e+01
8.600000000000000000e+01
8.800000000000000000e+01
8.000000000000000000e+01
8.000000000000000000e+01
8.000000000000000000e+01
7.800000000000000000e+01
7.600000000000000000e+01
7.200000000000000000e+01
7.000000000000000000e+01
6.800000000000000000e+01
6.800000000000000000e+01
6.200000000000000000e+01
5.300000000000000000e+01
4.900000000000000000e+01
4.800000000000000000e+01
4.500000000000000000e+01
4.100000000000000000e+01
3.900000000000000000e+01
3.500000000000000000e+01
3.300000000000000000e+01
3.300000000000000000e+01
2.900000000000000000e+01
3.200000000000000000e+01
3.400000000000000000e+01
3.200000000000000000e+01
2.600000000000000000e+01
2.700000000000000000e+01
3.200000000000000000e+01
3.200000000000000000e+01
3.100000000000000000e+01
3.000000000000000000e+01
3.100000000000000000e+01
4.000000000000000000e+01
3.600000000000000000e+01
4.300000000000000000e+01
5.500000000000000000e+01
6.200000000000000000e+01
7.100000000000000000e+01
8.100000000000000000e+01
8.600000000000000000e+01
8.900000000000000000e+01
1.030000000000000000e+02
1.090000000000000000e+02
1.080000000000000000e+02
1.180000000000000000e+02
1.270000000000000000e+02
1.330000000000000000e+02
1.530000000000000000e+02
1.640000000000000000e+02
1.840000000000000000e+02
1.920000000000000000e+02
2.100000000000000000e+02
2.290000000000000000e+02
2.530000000000000000e+02
2.530000000000000000e+02
2.760000000000000000e+02
3.070000000000000000e+02
3.440000000000000000e+02
3.590000000000000000e+02
3.970000000000000000e+02
3.850000000000000000e+02
3.990000000000000000e+02
3.980000000000000000e+02
4.030000000000000000e+02
3.820000000000000000e+02
3.630000000000000000e+02
3.670000000000000000e+02
3.560000000000000000e+02
3.310000000000000000e+02
3.260000000000000000e+02
3.330000000000000000e+02
3.240000000000000000e+02
3.050000000000000000e+02
2.930000000000000000e+02
2.880000000000000000e+02
2.860000000000000000e+02
2.710000000000000000e+02
2.800000000000000000e+02
2.770000000000000000e+02
2.810000000000000000e+02
2.750000000000000000e+02
2.730000000000000000e+02
2.530000000000000000e+02
2.480000000000000000e+02
2.320000000000000000e+02
1.980000000000000000e+02
2.000000000000000000e+02
1.930000000000000000e+02
1.890000000000000000e+02
1.910000000000000000e+02
1.840000000000000000e+02
1.770000000000000000e+02
1.720000000000000000e+02
1.680000000000000000e+02
1.680000000000000000e+02
1.710000000000000000e+02
1.710000000000000000e+02
1.650000000000000000e+02
1.790000000000000000e+02
1.830000000000000000e+02
1.800000000000000000e+02
1.840000000000000000e+02
1.800000000000000000e+02
1.850000000000000000e+02
1.950000000000000000e+02
1.930000000000000000e+02
1.920000000000000000e+02
1.800000000000000000e+02
1.810000000000000000e+02
1.810000000000000000e+02
1.800000000000000000e+02
1.890000000000000000e+02
1.920000000000000000e+02
