7.200000000000000000e+01
6.700000000000000000e+01
7.000000000000000000e+01
7.400000000000000000e+01
7.300000000000000000e+01
7.400000000000000000e+01
7.600000000000000000e+01
6.900000000000000000e+01
6.500000000000000000e+01
5.800000000000000000e+01
5.100000000000000000e+01
5.400000000000000000e+01
5.300000000000000000e+01
4.900000000000000000e+01
4.700000000000000000e+01
5.100000000000000000e+01
5.000000000000000000e+01
4.900000000000000000e+01
3.900000000000000000e+01
3.400000000000000000e+01
3.800000000000000000e+01
3.200000000000000000e+01
3.200000000000000000e+01
2.800000000000000000e+01
2.800000000000000000e+01
2.500000000000000000e+01
2.500000000000000000e+01
2.300000000000000000e+01
2.700000000000000000e+01
3.100000000000000000e+01
3.200000000000000000e+01
2.800000000000000000e+01
3.700000000000000000e+01
3.700000000000000000e+01
4.400000000000000000e+01
5.100000000000000000e+01
5.100000000000000000e+01
5.200000000000000000e+01
5.100000000000000000e+01
5.800000000000000000e+01
6.700000000000000000e+01
6.900000000000000000e+01
6.900000000000000000e+01
7.900000000000000000e+01
7.900000000000000000e+01
7.700000000000000000e+01
8.600000000000000000e+01
1.040000000000000000e+02
1.090000000000000000e+02
1.160000000000000000e+02
1.270000000000000000e+02
1.380000000000000000e+02
1.370000000000000000e+02
1.480000000000000000e+02
1.650000000000000000e+02
1.790000000000000000e+02
2.100000000000000000e+02
2.320000000000000000e+02
2.360000000000000000e+02
2.650000000000000000e+02
2.810000000000000000e+02
2.870000000000000000e+02
2.870000000000000000e+02
3.130000000000000000e+02
3.310000000000000000e+02
3.520000000000000000e+02
3.420000000000000000e+02
3.240000000000000000e+02
3.250000000000000000e+02
3.260000000000000000e+02
3.300000000000000000e+02
3.070000000000000000e+02
2.950000000000000000e+02
2.990000000000000000e+02
3.010000000000000000e+02
3.100000000000000000e+02
3.050000000000000000e+02
2.960000000000000000e+02
2.870000000000000000e+02
2.850000000000000000e+02
2.800000000000000000e+02
2.790000000000000000e+02
2.720000000000000000e+02
2.740000000000000000e+02
2.420000000000000000e+02
2.310000000000000000e+02
2.270000000000000000e+02
2.230000000000000000e+02
2.190000000000000000e+02
2.010000000000000000e+02
1.860000000000000000e+02
1.740000000000000000e+02
1.860000000000000000e+02
1.780000000000000000e+02
1.760000000000000000e+02
1.740000000000000000e+02
1.730000000000000000e+02
1.790000000000000000e+02
1.890000000000000000e+02
1.860000000000000000e+02
1.960000000000000000e+02
2.080000000000000000e+02
2.100000000000000000e+02
2.180000000000000000e+02
2.150000000000000000e+02
2.210000000000000000e+02
2.200000000000000000e+02
2.210000000000000000e+02
2.130000000000000000e+02
2.060000000000000000e+02
2.080000000000000000e+02
2.050000000000000000e+02
1.940000000000000000e+02
1.950000000000000000e+02
1.840000000000000000e+02
1.710000000000000000e+02
1.710000000000000000e+02
1.560000000000000000e+02
1.580000000000000000e+02
1.450000000000000000e+02
1.470000000000000000e+02
