7.300000000000000000e+01
7.000000000000000000e+01
7.600000000000000000e+01
7.900000000000000000e+01
8.500000000000000000e+01
8.300000000000000000e+01
8.800000000000000000e+01
1.060000000000000000e+02
1.080000000000000000e+02
1.150000000000000000e+02
1.230000000000000000e+02
1.410000000000000000e+02
1.650000000000000000e+02
1.760000000000000000e+02
2.080000000000000000e+02
2.350000000000000000e+02
2.500000000000000000e+02
2.720000000000000000e+02
2.880000000000000000e+02
3.050000000000000000e+02
3.090000000000000000e+02
3.240000000000000000e+02
3.380000000000000000e+02
3.620000000000000000e+02
3.850000000000000000e+02
3.870000000000000000e+02
3.960000000000000000e+02
4.160000000000000000e+02
4.130000000000000000e+02
4.090000000000000000e+02
4.020000000000000000e+02
4.230000000000000000e+02
4.170000000000000000e+02
4.170000000000000000e+02
4.090000000000000000e+02
4.350000000000000000e+02
4.370000000000000000e+02
4.270000000000000000e+02
4.390000000000000000e+02
4.130000000000000000e+02
4.240000000000000000e+02
4.190000000000000000e+02
4.220000000000000000e+02
4.200000000000000000e+02
4.210000000000000000e+02
4.100000000000000000e+02
4.160000000000000000e+02
4.310000000000000000e+02
4.350000000000000000e+02
4.140000000000000000e+02
4.160000000000000000e+02
4.200000000000000000e+02
4.230000000000000000e+02
4.190000000000000000e+02
4.120000000000000000e+02
4.020000000000000000e+02
3.990000000000000000e+02
3.980000000000000000e+02
3.910000000000000000e+02
3.910000000000000000e+02
3.570000000000000000e+02
3.550000000000000000e+02
3.510000000000000000e+02
3.350000000000000000e+02
3.320000000000000000e+02
3.230000000000000000e+02
3.040000000000000000e+02
3.030000000000000000e+02
3.150000000000000000e+02
3.060000000000000000e+02
3.100000000000000000e+02
2.930000000000000000e+02
3.060000000000000000e+02
3.130000000000000000e+02
3.070000000000000000e+02
3.060000000000000000e+02
3.000000000000000000e+02
3.010000000000000000e+02
3.030000000000000000e+02
2.980000000000000000e+02
2.920000000000000000e+02
2.800000000000000000e+02
2.740000000000000000e+02
2.750000000000000000e+02
2.550000000000000000e+02
2.380000000000000000e+02
2.240000000000000000e+02
2.340000000000000000e+02
2.440000000000000000e+02
2.560000000000000000e+02
2.610000000000000000e+02
2.600000000000000000e+02
2.630000000000000000e+02
2.760000000000000000e+02
2.980000000000000000e+02
3.090000000000000000e+02
3.210000000000000000e+02
3.190000000000000000e+02
3.300000000000000000e+02
3.310000000000000000e+02
3.330000000000000000e+02
3.350000000000000000e+02
3.310000000000000000e+02
3.380000000000000000e+02
3.380000000000000000e+02
3.240000000000000000e+02
3.220000000000000000e+02
3.120000000000000000e+02
3.170000000000000000e+02
3.050000000000000000e+02
3.020000000000000000e+02
3.060000000000000000e+02
2.910000000000000000e+02
2.960000000000000000e+02
2.850000000000000000e+02
2.530000000000000000e+02
2.510000000000000000e+02
2.570000000000000000e+02
2.580000000000000000e+02
2.510000000000000000e+02
2.350000000000000000e+02
2.340000000000000000e+02
