8.300000000000000000e+01
8.500000000000000000e+01
7.800000000000000000e+01
7.800000000000000000e+01
7.700000000000000000e+01
9.200000000000000000e+01
9.600000000000000000e+01
1.010000000000000000e+02
1.100000000000000000e+02
1.110000000000000000e+02
1.220000000000000000e+02
1.330000000000000000e+02
1.470000000000000000e+02
1.660000000000000000e+02
1.650000000000000000e+02
1.880000000000000000e+02
2.160000000000000000e+02
2.310000000000000000e+02
2.490000000000000000e+02
2.790000000000000000e+02
2.860000000000000000e+02
3.130000000000000000e+02
3.430000000000000000e+02
3.520000000000000000e+02
3.700000000000000000e+02
3.640000000000000000e+02
3.680000000000000000e+02
3.670000000000000000e+02
3.910000000000000000e+02
4.150000000000000000e+02
4.170000000000000000e+02
4.130000000000000000e+02
4.310000000000000000e+02
4.340000000000000000e+02
4.370000000000000000e+02
4.370000000000000000e+02
4.270000000000000000e+02
4.360000000000000000e+02
4.220000000000000000e+02
4.290000000000000000e+02
4.140000000000000000e+02
4.170000000000000000e+02
3.980000000000000000e+02
4.070000000000000000e+02
3.940000000000000000e+02
3.940000000000000000e+02
3.790000000000000000e+02
3.810000000000000000e+02
3.790000000000000000e+02
3.830000000000000000e+02
3.730000000000000000e+02
3.680000000000000000e+02
3.680000000000000000e+02
3.670000000000000000e+02
3.600000000000000000e+02
3.520000000000000000e+02
3.480000000000000000e+02
3.380000000000000000e+02
3.260000000000000000e+02
3.250000000000000000e+02
3.190000000000000000e+02
3.250000000000000000e+02
3.310000000000000000e+02
3.240000000000000000e+02
3.130000000000000000e+02
3.160000000000000000e+02
3.200000000000000000e+02
3.220000000000000000e+02
3.090000000000000000e+02
3.150000000000000000e+02
3.080000000000000000e+02
2.980000000000000000e+02
3.000000000000000000e+02
2.890000000000000000e+02
2.860000000000000000e+02
2.930000000000000000e+02
2.880000000000000000e+02
2.880000000000000000e+02
2.770000000000000000e+02
2.790000000000000000e+02
2.750000000000000000e+02
2.710000000000000000e+02
2.590000000000000000e+02
2.600000000000000000e+02
2.680000000000000000e+02
2.920000000000000000e+02
2.960000000000000000e+02
2.990000000000000000e+02
3.020000000000000000e+02
3.030000000000000000e+02
3.090000000000000000e+02
3.100000000000000000e+02
3.170000000000000000e+02
3.290000000000000000e+02
3.380000000000000000e+02
3.450000000000000000e+02
3.340000000000000000e+02
3.310000000000000000e+02
3.490000000000000000e+02
3.530000000000000000e+02
3.710000000000000000e+02
3.860000000000000000e+02
3.680000000000000000e+02
3.720000000000000000e+02
3.590000000000000000e+02
3.610000000000000000e+02
3.590000000000000000e+02
3.680000000000000000e+02
3.570000000000000000e+02
3.440000000000000000e+02
3.440000000000000000e+02
3.410000000000000000e+02
3.400000000000000000e+02
3.190000000000000000e+02
3.140000000000000000e+02
2.970000000000000000e+02
3.000000000000000000e+02
3.030000000000000000e+02
3.090000000000000000e+02
3.020000000000000000e+02
2.830000000000000000e+02
2.840000000000000000e+02
