1.930000000000000000e+02
2.000000000000000000e+02
2.020000000000000000e+02
1.980000000000000000e+02
1.920000000000000000e+02
1.960000000000000000e+02
2.050000000000000000e+02
2.180000000000000000e+02
2.210000000000000000e+02
2.410000000000000000e+02
2.630000000000000000e+02
2.950000000000000000e+02
3.190000000000000000e+02
3.360000000000000000e+02
3.570000000000000000e+02
3.980000000000000000e+02
4.010000000000000000e+02
4.320000000000000000e+02
4.410000000000000000e+02
4.630000000000000000e+02
4.590000000000000000e+02
4.790000000000000000e+02
5.050000000000000000e+02
5.100000000000000000e+02
5.100000000000000000e+02
5.010000000000000000e+02
4.850000000000000000e+02
4.860000000000000000e+02
4.830000000000000000e+02
4.720000000000000000e+02
4.600000000000000000e+02
4.490000000000000000e+02
4.490000000000000000e+02
4.350000000000000000e+02
3.880000000000000000e+02
3.810000000000000000e+02
3.720000000000000000e+02
3.460000000000000000e+02
3.340000000000000000e+02
3.190000000000000000e+02
3.200000000000000000e+02
3.010000000000000000e+02
2.830000000000000000e+02
2.880000000000000000e+02
2.810000000000000000e+02
2.890000000000000000e+02
2.680000000000000000e+02
2.520000000000000000e+02
2.400000000000000000e+02
2.380000000000000000e+02
2.490000000000000000e+02
2.580000000000000000e+02
2.700000000000000000e+02
2.710000000000000000e+02
2.830000000000000000e+02
2.860000000000000000e+02
2.870000000000000000e+02
3.000000000000000000e+02
2.900000000000000000e+02
3.040000000000000000e+02
2.960000000000000000e+02
2.950000000000000000e+02
3.040000000000000000e+02
3.210000000000000000e+02
3.180000000000000000e+02
3.120000000000000000e+02
3.080000000000000000e+02
3.040000000000000000e+02
2.990000000000000000e+02
2.920000000000000000e+02
2.800000000000000000e+02
2.670000000000000000e+02
2.670000000000000000e+02
2.640000000000000000e+02
2.470000000000000000e+02
2.590000000000000000e+02
2.680000000000000000e+02
2.720000000000000000e+02
2.660000000000000000e+02
2.580000000000000000e+02
2.550000000000000000e+02
2.690000000000000000e+02
2.800000000000000000e+02
2.930000000000000000e+02
3.020000000000000000e+02
3.150000000000000000e+02
3.350000000000000000e+02
3.360000000000000000e+02
3.330000000000000000e+02
3.230000000000000000e+02
3.150000000000000000e+02
3.210000000000000000e+02
3.200000000000000000e+02
3.120000000000000000e+02
3.010000000000000000e+02
2.850000000000000000e+02
2.830000000000000000e+02
2.670000000000000000e+02
2.610000000000000000e+02
2.560000000000000000e+02
2.550000000000000000e+02
2.430000000000000000e+02
2.490000000000000000e+02
2.360000000000000000e+02
2.140000000000000000e+02
2.030000000000000000e+02
2.010000000000000000e+02
2.000000000000000000e+02
2.070000000000000000e+02
1.810000000000000000e+02
1.950000000000000000e+02
1.950000000000000000e+02
1.860000000000000000e+02
1.850000000000000000e+02
1.790000000000000000e+02
1.730000000000000000e+02
1.760000000000000000e+02
1.900000000000000000e+02
1.960000000000000000e+02
2.040000000000000000e+02
2.060000000000000000e+02
