6.600000000000000000e+01
7.000000000000000000e+01
7.300000000000000000e+01
7.500000000000000000e+01
7.200000000000000000e+01
6.900000000000000000e+01
6.300000000000000000e+01
6.900000000000000000e+01
6.900000000000000000e+01
6.600000000000000000e+01
5.600000000000000000e+01
5.700000000000000000e+01
6.100000000000000000e+01
6.200000000000000000e+01
5.800000000000000000e+01
5.300000000000000000e+01
5.500000000000000000e+01
4.700000000000000000e+01
4.100000000000000000e+01
4.100000000000000000e+01
4.300000000000000000e+01
4.000000000000000000e+01
3.800000000000000000e+01
3.300000000000000000e+01
3.100000000000000000e+01
2.900000000000000000e+01
2.800000000000000000e+01
2.900000000000000000e+01
2.800000000000000000e+01
2.600000000000000000e+01
3.000000000000000000e+01
2.900000000000000000e+01
3.200000000000000000e+01
3.200000000000000000e+01
3.700000000000000000e+01
3.600000000000000000e+01
3.500000000000000000e+01
3.900000000000000000e+01
4.300000000000000000e+01
5.000000000000000000e+01
5.500000000000000000e+01
6.300000000000000000e+01
6.200000000000000000e+01
6.100000000000000000e+01
6.200000000000000000e+01
6.400000000000000000e+01
6.400000000000000000e+01
7.400000000000000000e+01
8.400000000000000000e+01
9.000000000000000000e+01
9.600000000000000000e+01
1.170000000000000000e+02
1.180000000000000000e+02
1.300000000000000000e+02
1.460000000000000000e+02
1.520000000000000000e+02
1.630000000000000000e+02
1.630000000000000000e+02
1.830000000000000000e+02
2.090000000000000000e+02
2.140000000000000000e+02
2.260000000000000000e+02
2.400000000000000000e+02
2.720000000000000000e+02
2.700000000000000000e+02
2.810000000000000000e+02
3.170000000000000000e+02
3.380000000000000000e+02
3.300000000000000000e+02
3.380000000000000000e+02
3.450000000000000000e+02
3.360000000000000000e+02
3.480000000000000000e+02
3.600000000000000000e+02
3.690000000000000000e+02
3.660000000000000000e+02
3.660000000000000000e+02
3.690000000000000000e+02
3.770000000000000000e+02
3.560000000000000000e+02
3.500000000000000000e+02
3.400000000000000000e+02
3.140000000000000000e+02
3.160000000000000000e+02
2.990000000000000000e+02
2.910000000000000000e+02
2.780000000000000000e+02
2.700000000000000000e+02
2.580000000000000000e+02
2.430000000000000000e+02
2.250000000000000000e+02
2.240000000000000000e+02
2.110000000000000000e+02
2.090000000000000000e+02
2.050000000000000000e+02
1.930000000000000000e+02
2.030000000000000000e+02
1.980000000000000000e+02
1.950000000000000000e+02
1.970000000000000000e+02
1.970000000000000000e+02
1.870000000000000000e+02
1.900000000000000000e+02
1.850000000000000000e+02
1.880000000000000000e+02
1.910000000000000000e+02
1.930000000000000000e+02
1.940000000000000000e+02
1.930000000000000000e+02
2.010000000000000000e+02
2.060000000000000000e+02
2.090000000000000000e+02
2.070000000000000000e+02
1.930000000000000000e+02
1.870000000000000000e+02
1.840000000000000000e+02
1.720000000000000000e+02
1.600000000000000000e+02
1.660000000000000000e+02
1.630000000000000000e+02
1.550000000000000000e+02
