1.550000000000000000e+02
1.570000000000000000e+02
1.560000000000000000e+02
1.410000000000000000e+02
1.340000000000000000e+02
1.300000000000000000e+02
1.370000000000000000e+02
1.260000000000000000e+02
1.350000000000000000e+02
1.340000000000000000e+02
1.290000000000000000e+02
1.380000000000000000e+02
1.330000000000000000e+02
1.320000000000000000e+02
1.380000000000000000e+02
1.300000000000000000e+02
1.270000000000000000e+02
1.230000000000000000e+02
1.200000000000000000e+02
1.270000000000000000e+02
1.170000000000000000e+02
1.110000000000000000e+02
1.100000000000000000e+02
1.130000000000000000e+02
1.060000000000000000e+02
1.010000000000000000e+02
1.000000000000000000e+02
1.000000000000000000e+02
9.300000000000000000e+01
9.300000000000000000e+01
9.100000000000000000e+01
9.200000000000000000e+01
1.030000000000000000e+02
1.170000000000000000e+02
1.240000000000000000e+02
1.140000000000000000e+02
1.170000000000000000e+02
1.160000000000000000e+02
1.190000000000000000e+02
1.390000000000000000e+02
1.530000000000000000e+02
1.610000000000000000e+02
1.550000000000000000e+02
1.660000000000000000e+02
1.840000000000000000e+02
2.040000000000000000e+02
2.120000000000000000e+02
2.330000000000000000e+02
2.540000000000000000e+02
2.630000000000000000e+02
2.720000000000000000e+02
2.790000000000000000e+02
2.990000000000000000e+02
3.000000000000000000e+02
3.300000000000000000e+02
3.330000000000000000e+02
3.310000000000000000e+02
3.390000000000000000e+02
3.300000000000000000e+02
3.250000000000000000e+02
3.270000000000000000e+02
3.080000000000000000e+02
3.030000000000000000e+02
2.940000000000000000e+02
2.880000000000000000e+02
2.730000000000000000e+02
2.780000000000000000e+02
2.670000000000000000e+02
2.460000000000000000e+02
2.280000000000000000e+02
2.210000000000000000e+02
2.230000000000000000e+02
2.210000000000000000e+02
2.040000000000000000e+02
2.060000000000000000e+02
2.120000000000000000e+02
2.110000000000000000e+02
2.080000000000000000e+02
2.070000000000000000e+02
2.050000000000000000e+02
2.030000000000000000e+02
1.920000000000000000e+02
1.830000000000000000e+02
1.850000000000000000e+02
2.020000000000000000e+02
2.160000000000000000e+02
2.080000000000000000e+02
2.110000000000000000e+02
2.070000000000000000e+02
1.990000000000000000e+02
2.000000000000000000e+02
1.910000000000000000e+02
1.910000000000000000e+02
1.860000000000000000e+02
1.950000000000000000e+02
1.970000000000000000e+02
1.870000000000000000e+02
1.790000000000000000e+02
1.780000000000000000e+02
1.970000000000000000e+02
2.050000000000000000e+02
1.870000000000000000e+02
1.830000000000000000e+02
1.870000000000000000e+02
1.930000000000000000e+02
1.840000000000000000e+02
1.770000000000000000e+02
1.660000000000000000e+02
1.680000000000000000e+02
1.760000000000000000e+02
1.640000000000000000e+02
1.610000000000000000e+02
1.630000000000000000e+02
1.630000000000000000e+02
1.620000000000000000e+02
1.650000000000000000e+02
1.600000000000000000e+02
1.720000000000000000e+02
1.700000000000000000e+02
1.710000000000000000e+02
1.700000000000000000e+02
