7.800000000000000000e+01
7.400000000000000000e+01
7.700000000000000000e+01
7.900000000000000000e+01
8.300000000000000000e+01
9.000000000000000000e+01
9.200000000000000000e+01
9.900000000000000000e+01
1.140000000000000000e+02
1.270000000000000000e+02
1.220000000000000000e+02
1.260000000000000000e+02
1.420000000000000000e+02
1.560000000000000000e+02
1.680000000000000000e+02
1.670000000000000000e+02
1.750000000000000000e+02
2.050000000000000000e+02
2.310000000000000000e+02
2.520000000000000000e+02
2.820000000000000000e+02
3.040000000000000000e+02
3.180000000000000000e+02
3.390000000000000000e+02
3.520000000000000000e+02
3.740000000000000000e+02
3.870000000000000000e+02
3.960000000000000000e+02
4.270000000000000000e+02
4.430000000000000000e+02
4.370000000000000000e+02
4.350000000000000000e+02
4.450000000000000000e+02
4.490000000000000000e+02
4.490000000000000000e+02
4.410000000000000000e+02
4.500000000000000000e+02
4.650000000000000000e+02
4.630000000000000000e+02
4.570000000000000000e+02
4.640000000000000000e+02
4.370000000000000000e+02
4.550000000000000000e+02
4.500000000000000000e+02
4.440000000000000000e+02
4.240000000000000000e+02
4.180000000000000000e+02
4.160000000000000000e+02
4.020000000000000000e+02
3.920000000000000000e+02
3.820000000000000000e+02
3.840000000000000000e+02
3.920000000000000000e+02
3.790000000000000000e+02
3.710000000000000000e+02
3.690000000000000000e+02
3.670000000000000000e+02
3.670000000000000000e+02
3.720000000000000000e+02
3.780000000000000000e+02
3.640000000000000000e+02
3.700000000000000000e+02
3.590000000000000000e+02
3.450000000000000000e+02
3.450000000000000000e+02
3.520000000000000000e+02
3.410000000000000000e+02
3.390000000000000000e+02
3.510000000000000000e+02
3.520000000000000000e+02
3.440000000000000000e+02
3.350000000000000000e+02
3.240000000000000000e+02
3.170000000000000000e+02
3.090000000000000000e+02
3.150000000000000000e+02
3.130000000000000000e+02
2.890000000000000000e+02
2.900000000000000000e+02
2.950000000000000000e+02
3.000000000000000000e+02
2.870000000000000000e+02
2.900000000000000000e+02
2.800000000000000000e+02
2.730000000000000000e+02
2.660000000000000000e+02
2.670000000000000000e+02
2.640000000000000000e+02
2.570000000000000000e+02
2.530000000000000000e+02
2.540000000000000000e+02
2.450000000000000000e+02
2.600000000000000000e+02
2.870000000000000000e+02
2.950000000000000000e+02
3.020000000000000000e+02
3.130000000000000000e+02
3.130000000000000000e+02
3.130000000000000000e+02
3.190000000000000000e+02
3.110000000000000000e+02
3.090000000000000000e+02
3.140000000000000000e+02
3.260000000000000000e+02
3.150000000000000000e+02
3.240000000000000000e+02
3.210000000000000000e+02
3.130000000000000000e+02
3.070000000000000000e+02
3.180000000000000000e+02
3.100000000000000000e+02
3.100000000000000000e+02
3.040000000000000000e+02
2.960000000000000000e+02
2.750000000000000000e+02
2.730000000000000000e+02
2.820000000000000000e+02
2.890000000000000000e+02
2.760000000000000000e+02
2.750000000000000000e+02
2.710000000000000000e+02
2.620000000000000000e+02
