8.800000000000000000e+01
8.800000000000000000e+01
9.200000000000000000e+01
9.900000000000000000e+01
9.700000000000000000e+01
1.030000000000000000e+02
1.160000000000000000e+02
1.350000000000000000e+02
1.460000000000000000e+02
1.450000000000000000e+02
1.610000000000000000e+02
1.780000000000000000e+02
2.100000000000000000e+02
2.340000000000000000e+02
2.650000000000000000e+02
2.890000000000000000e+02
3.250000000000000000e+02
3.570000000000000000e+02
3.900000000000000000e+02
3.900000000000000000e+02
4.240000000000000000e+02
4.300000000000000000e+02
4.480000000000000000e+02
4.590000000000000000e+02
4.530000000000000000e+02
4.740000000000000000e+02
4.940000000000000000e+02
5.010000000000000000e+02
5.070000000000000000e+02
5.130000000000000000e+02
5.160000000000000000e+02
4.940000000000000000e+02
4.820000000000000000e+02
4.690000000000000000e+02
5.030000000000000000e+02
5.240000000000000000e+02
5.140000000000000000e+02
5.220000000000000000e+02
4.960000000000000000e+02
4.910000000000000000e+02
4.930000000000000000e+02
4.950000000000000000e+02
4.820000000000000000e+02
4.690000000000000000e+02
4.670000000000000000e+02
4.520000000000000000e+02
4.550000000000000000e+02
4.670000000000000000e+02
4.790000000000000000e+02
4.580000000000000000e+02
4.500000000000000000e+02
4.420000000000000000e+02
4.340000000000000000e+02
4.240000000000000000e+02
4.020000000000000000e+02
3.940000000000000000e+02
4.060000000000000000e+02
4.000000000000000000e+02
3.950000000000000000e+02
3.980000000000000000e+02
3.830000000000000000e+02
3.810000000000000000e+02
3.760000000000000000e+02
3.710000000000000000e+02
3.690000000000000000e+02
3.810000000000000000e+02
3.850000000000000000e+02
3.900000000000000000e+02
3.650000000000000000e+02
3.760000000000000000e+02
3.530000000000000000e+02
3.630000000000000000e+02
3.610000000000000000e+02
3.450000000000000000e+02
3.310000000000000000e+02
3.320000000000000000e+02
3.220000000000000000e+02
3.200000000000000000e+02
3.230000000000000000e+02
2.940000000000000000e+02
2.780000000000000000e+02
2.810000000000000000e+02
2.750000000000000000e+02
2.550000000000000000e+02
2.540000000000000000e+02
2.510000000000000000e+02
2.480000000000000000e+02
2.380000000000000000e+02
2.270000000000000000e+02
2.210000000000000000e+02
2.320000000000000000e+02
2.310000000000000000e+02
2.200000000000000000e+02
2.310000000000000000e+02
2.360000000000000000e+02
2.320000000000000000e+02
2.390000000000000000e+02
2.700000000000000000e+02
2.820000000000000000e+02
2.900000000000000000e+02
2.970000000000000000e+02
2.890000000000000000e+02
3.030000000000000000e+02
3.090000000000000000e+02
3.120000000000000000e+02
3.190000000000000000e+02
3.080000000000000000e+02
3.240000000000000000e+02
3.270000000000000000e+02
3.240000000000000000e+02
3.260000000000000000e+02
3.190000000000000000e+02
3.250000000000000000e+02
3.100000000000000000e+02
3.090000000000000000e+02
3.200000000000000000e+02
3.140000000000000000e+02
3.100000000000000000e+02
3.030000000000000000e+02
2.860000000000000000e+02
2.860000000000000000e+02
2.840000000000000000e+02
