1.030000000000000000e+02
1.030000000000000000e+02
1.020000000000000000e+02
1.030000000000000000e+02
1.090000000000000000e+02
1.010000000000000000e+02
1.070000000000000000e+02
1.110000000000000000e+02
1.020000000000000000e+02
1.030000000000000000e+02
1.120000000000000000e+02
1.100000000000000000e+02
1.070000000000000000e+02
1.090000000000000000e+02
1.110000000000000000e+02
1.050000000000000000e+02
1.080000000000000000e+02
9.900000000000000000e+01
1.010000000000000000e+02
1.020000000000000000e+02
1.010000000000000000e+02
8.700000000000000000e+01
8.400000000000000000e+01
8.400000000000000000e+01
7.900000000000000000e+01
7.300000000000000000e+01
7.100000000000000000e+01
6.900000000000000000e+01
6.900000000000000000e+01
7.600000000000000000e+01
7.400000000000000000e+01
6.900000000000000000e+01
7.400000000000000000e+01
7.300000000000000000e+01
8.400000000000000000e+01
8.600000000000000000e+01
9.300000000000000000e+01
9.700000000000000000e+01
1.000000000000000000e+02
1.030000000000000000e+02
1.040000000000000000e+02
1.110000000000000000e+02
1.250000000000000000e+02
1.390000000000000000e+02
1.670000000000000000e+02
1.750000000000000000e+02
1.880000000000000000e+02
2.060000000000000000e+02
2.150000000000000000e+02
2.120000000000000000e+02
2.120000000000000000e+02
2.150000000000000000e+02
2.290000000000000000e+02
2.470000000000000000e+02
2.440000000000000000e+02
2.470000000000000000e+02
2.550000000000000000e+02
2.520000000000000000e+02
2.680000000000000000e+02
2.590000000000000000e+02
2.590000000000000000e+02
2.610000000000000000e+02
2.650000000000000000e+02
2.760000000000000000e+02
2.610000000000000000e+02
2.680000000000000000e+02
2.690000000000000000e+02
2.690000000000000000e+02
2.530000000000000000e+02
2.430000000000000000e+02
2.360000000000000000e+02
2.300000000000000000e+02
2.290000000000000000e+02
2.240000000000000000e+02
2.310000000000000000e+02
2.290000000000000000e+02
2.260000000000000000e+02
2.200000000000000000e+02
2.060000000000000000e+02
2.010000000000000000e+02
2.000000000000000000e+02
1.980000000000000000e+02
1.890000000000000000e+02
1.820000000000000000e+02
1.890000000000000000e+02
1.740000000000000000e+02
1.910000000000000000e+02
1.870000000000000000e+02
1.970000000000000000e+02
2.040000000000000000e+02
2.080000000000000000e+02
2.310000000000000000e+02
2.250000000000000000e+02
2.400000000000000000e+02
2.370000000000000000e+02
2.450000000000000000e+02
2.400000000000000000e+02
2.350000000000000000e+02
2.400000000000000000e+02
2.400000000000000000e+02
2.330000000000000000e+02
2.250000000000000000e+02
2.220000000000000000e+02
2.110000000000000000e+02
2.060000000000000000e+02
1.900000000000000000e+02
1.800000000000000000e+02
1.690000000000000000e+02
1.620000000000000000e+02
1.760000000000000000e+02
1.790000000000000000e+02
1.650000000000000000e+02
1.650000000000000000e+02
1.520000000000000000e+02
1.470000000000000000e+02
1.550000000000000000e+02
1.390000000000000000e+02
1.370000000000000000e+02
1.360000000000000000e+02
1.430000000000000000e+02
1.390000000000000000e+02
