6.600000000000000000e+01
7.400000000000000000e+01
7.000000000000000000e+01
7.100000000000000000e+01
6.800000000000000000e+01
7.300000000000000000e+01
6.900000000000000000e+01
7.400000000000000000e+01
7.700000000000000000e+01
7.400000000000000000e+01
7.400000000000000000e+01
6.900000000000000000e+01
6.900000000000000000e+01
6.200000000000000000e+01
5.800000000000000000e+01
6.300000000000000000e+01
5.800000000000000000e+01
5.900000000000000000e+01
5.600000000000000000e+01
5.000000000000000000e+01
4.900000000000000000e+01
4.200000000000000000e+01
4.100000000000000000e+01
3.900000000000000000e+01
3.500000000000000000e+01
3.500000000000000000e+01
3.100000000000000000e+01
3.100000000000000000e+01
2.700000000000000000e+01
3.000000000000000000e+01
3.500000000000000000e+01
3.600000000000000000e+01
3.100000000000000000e+01
3.200000000000000000e+01
3.600000000000000000e+01
4.200000000000000000e+01
4.300000000000000000e+01
4.400000000000000000e+01
4.500000000000000000e+01
4.900000000000000000e+01
4.900000000000000000e+01
5.000000000000000000e+01
5.700000000000000000e+01
6.200000000000000000e+01
6.300000000000000000e+01
6.200000000000000000e+01
6.800000000000000000e+01
7.400000000000000000e+01
8.900000000000000000e+01
9.900000000000000000e+01
9.500000000000000000e+01
9.800000000000000000e+01
1.140000000000000000e+02
1.340000000000000000e+02
1.410000000000000000e+02
1.610000000000000000e+02
1.750000000000000000e+02
1.840000000000000000e+02
2.090000000000000000e+02
2.380000000000000000e+02
2.670000000000000000e+02
2.950000000000000000e+02
2.980000000000000000e+02
3.110000000000000000e+02
3.270000000000000000e+02
3.350000000000000000e+02
3.450000000000000000e+02
3.500000000000000000e+02
3.530000000000000000e+02
3.750000000000000000e+02
3.560000000000000000e+02
3.480000000000000000e+02
3.360000000000000000e+02
3.330000000000000000e+02
3.300000000000000000e+02
3.250000000000000000e+02
3.210000000000000000e+02
3.130000000000000000e+02
2.950000000000000000e+02
2.880000000000000000e+02
2.960000000000000000e+02
2.840000000000000000e+02
2.730000000000000000e+02
2.670000000000000000e+02
2.600000000000000000e+02
2.600000000000000000e+02
2.540000000000000000e+02
2.500000000000000000e+02
2.290000000000000000e+02
2.100000000000000000e+02
2.090000000000000000e+02
2.020000000000000000e+02
1.880000000000000000e+02
1.860000000000000000e+02
1.880000000000000000e+02
1.990000000000000000e+02
2.030000000000000000e+02
2.120000000000000000e+02
2.060000000000000000e+02
2.200000000000000000e+02
2.330000000000000000e+02
2.510000000000000000e+02
2.540000000000000000e+02
2.620000000000000000e+02
2.590000000000000000e+02
2.480000000000000000e+02
2.500000000000000000e+02
2.410000000000000000e+02
2.390000000000000000e+02
2.230000000000000000e+02
2.100000000000000000e+02
2.040000000000000000e+02
1.970000000000000000e+02
1.870000000000000000e+02
1.700000000000000000e+02
1.800000000000000000e+02
1.650000000000000000e+02
1.520000000000000000e+02
1.590000000000000000e+02
1.660000000000000000e+02
1.660000000000000000e+02
