3.100000000000000000e+01
3.300000000000000000e+01
3.100000000000000000e+01
3.400000000000000000e+01
3.100000000000000000e+01
3.800000000000000000e+01
4.300000000000000000e+01
4.500000000000000000e+01
4.500000000000000000e+01
4.700000000000000000e+01
4.600000000000000000e+01
5.100000000000000000e+01
6.100000000000000000e+01
6.700000000000000000e+01
7.800000000000000000e+01
7.900000000000000000e+01
8.300000000000000000e+01
8.900000000000000000e+01
9.800000000000000000e+01
1.080000000000000000e+02
1.130000000000000000e+02
1.190000000000000000e+02
1.250000000000000000e+02
1.350000000000000000e+02
1.430000000000000000e+02
1.430000000000000000e+02
1.450000000000000000e+02
1.520000000000000000e+02
1.630000000000000000e+02
1.580000000000000000e+02
1.530000000000000000e+02
1.560000000000000000e+02
1.630000000000000000e+02
1.610000000000000000e+02
1.590000000000000000e+02
1.550000000000000000e+02
1.550000000000000000e+02
1.580000000000000000e+02
1.530000000000000000e+02
1.440000000000000000e+02
1.570000000000000000e+02
1.550000000000000000e+02
1.600000000000000000e+02
1.610000000000000000e+02
1.650000000000000000e+02
1.610000000000000000e+02
1.580000000000000000e+02
1.570000000000000000e+02
1.600000000000000000e+02
1.510000000000000000e+02
1.360000000000000000e+02
1.360000000000000000e+02
1.370000000000000000e+02
1.290000000000000000e+02
1.290000000000000000e+02
1.380000000000000000e+02
1.350000000000000000e+02
1.470000000000000000e+02
1.420000000000000000e+02
1.410000000000000000e+02
1.360000000000000000e+02
1.310000000000000000e+02
1.350000000000000000e+02
1.290000000000000000e+02
1.290000000000000000e+02
1.290000000000000000e+02
1.200000000000000000e+02
1.110000000000000000e+02
1.120000000000000000e+02
1.050000000000000000e+02
1.060000000000000000e+02
1.010000000000000000e+02
9.600000000000000000e+01
8.900000000000000000e+01
8.600000000000000000e+01
9.000000000000000000e+01
8.900000000000000000e+01
8.600000000000000000e+01
8.200000000000000000e+01
8.300000000000000000e+01
8.600000000000000000e+01
8.400000000000000000e+01
8.700000000000000000e+01
8.400000000000000000e+01
7.900000000000000000e+01
7.700000000000000000e+01
7.400000000000000000e+01
7.600000000000000000e+01
7.700000000000000000e+01
7.900000000000000000e+01
8.300000000000000000e+01
8.500000000000000000e+01
8.000000000000000000e+01
7.800000000000000000e+01
8.000000000000000000e+01
7.100000000000000000e+01
7.500000000000000000e+01
7.400000000000000000e+01
7.100000000000000000e+01
7.500000000000000000e+01
7.900000000000000000e+01
8.000000000000000000e+01
8.700000000000000000e+01
8.300000000000000000e+01
8.200000000000000000e+01
8.900000000000000000e+01
8.200000000000000000e+01
8.700000000000000000e+01
9.200000000000000000e+01
8.300000000000000000e+01
8.600000000000000000e+01
8.300000000000000000e+01
7.900000000000000000e+01
8.000000000000000000e+01
7.700000000000000000e+01
8.300000000000000000e+01
8.100000000000000000e+01
7.600000000000000000e+01
8.100000000000000000e+01
7.900000000000000000e+01
7.800000000000000000e+01
7.900000000000000000e+01
