1.550000000000000000e+02
1.640000000000000000e+02
1.650000000000000000e+02
1.750000000000000000e+02
1.910000000000000000e+02
1.910000000000000000e+02
1.900000000000000000e+02
2.270000000000000000e+02
2.490000000000000000e+02
2.890000000000000000e+02
3.050000000000000000e+02
3.240000000000000000e+02
3.430000000000000000e+02
3.620000000000000000e+02
3.900000000000000000e+02
4.070000000000000000e+02
4.350000000000000000e+02
4.320000000000000000e+02
4.390000000000000000e+02
4.610000000000000000e+02
4.720000000000000000e+02
4.700000000000000000e+02
4.510000000000000000e+02
4.610000000000000000e+02
4.570000000000000000e+02
4.510000000000000000e+02
4.320000000000000000e+02
4.300000000000000000e+02
4.400000000000000000e+02
4.240000000000000000e+02
4.240000000000000000e+02
4.200000000000000000e+02
4.010000000000000000e+02
3.910000000000000000e+02
3.730000000000000000e+02
3.750000000000000000e+02
3.670000000000000000e+02
3.610000000000000000e+02
3.700000000000000000e+02
3.740000000000000000e+02
3.720000000000000000e+02
3.850000000000000000e+02
4.020000000000000000e+02
3.850000000000000000e+02
3.910000000000000000e+02
3.990000000000000000e+02
3.880000000000000000e+02
3.860000000000000000e+02
3.730000000000000000e+02
3.460000000000000000e+02
3.530000000000000000e+02
3.350000000000000000e+02
3.300000000000000000e+02
3.180000000000000000e+02
3.130000000000000000e+02
3.060000000000000000e+02
3.010000000000000000e+02
2.830000000000000000e+02
2.770000000000000000e+02
2.670000000000000000e+02
2.710000000000000000e+02
2.740000000000000000e+02
2.690000000000000000e+02
2.790000000000000000e+02
2.770000000000000000e+02
2.710000000000000000e+02
2.700000000000000000e+02
2.690000000000000000e+02
2.690000000000000000e+02
2.730000000000000000e+02
2.740000000000000000e+02
2.700000000000000000e+02
2.460000000000000000e+02
2.490000000000000000e+02
2.620000000000000000e+02
2.720000000000000000e+02
2.550000000000000000e+02
2.440000000000000000e+02
2.380000000000000000e+02
2.310000000000000000e+02
2.300000000000000000e+02
2.330000000000000000e+02
2.400000000000000000e+02
2.270000000000000000e+02
2.260000000000000000e+02
2.340000000000000000e+02
2.430000000000000000e+02
2.360000000000000000e+02
2.490000000000000000e+02
2.490000000000000000e+02
2.410000000000000000e+02
2.410000000000000000e+02
2.590000000000000000e+02
2.620000000000000000e+02
2.730000000000000000e+02
2.830000000000000000e+02
3.040000000000000000e+02
2.960000000000000000e+02
3.050000000000000000e+02
3.050000000000000000e+02
3.140000000000000000e+02
3.110000000000000000e+02
3.000000000000000000e+02
2.850000000000000000e+02
2.790000000000000000e+02
2.790000000000000000e+02
2.820000000000000000e+02
2.770000000000000000e+02
2.760000000000000000e+02
2.590000000000000000e+02
2.490000000000000000e+02
2.420000000000000000e+02
2.380000000000000000e+02
2.300000000000000000e+02
2.310000000000000000e+02
2.150000000000000000e+02
2.110000000000000000e+02
2.040000000000000000e+02
2.100000000000000000e+02
2.020000000000000000e+02
2.060000000000000000e+02
2.010000000000000000e+02
1.960000000000000000e+02
