4.000000000000000000e+01
4.200000000000000000e+01
4.400000000000000000e+01
3.800000000000000000e+01
4.100000000000000000e+01
5.000000000000000000e+01
5.400000000000000000e+01
5.200000000000000000e+01
5.500000000000000000e+01
6.200000000000000000e+01
6.700000000000000000e+01
7.200000000000000000e+01
8.300000000000000000e+01
8.400000000000000000e+01
8.600000000000000000e+01
9.500000000000000000e+01
1.060000000000000000e+02
1.070000000000000000e+02
1.140000000000000000e+02
1.230000000000000000e+02
1.300000000000000000e+02
1.250000000000000000e+02
1.320000000000000000e+02
1.400000000000000000e+02
1.430000000000000000e+02
1.510000000000000000e+02
1.650000000000000000e+02
1.680000000000000000e+02
1.680000000000000000e+02
1.710000000000000000e+02
1.740000000000000000e+02
1.810000000000000000e+02
1.710000000000000000e+02
1.760000000000000000e+02
1.730000000000000000e+02
1.750000000000000000e+02
1.710000000000000000e+02
1.710000000000000000e+02
1.700000000000000000e+02
1.640000000000000000e+02
1.650000000000000000e+02
1.630000000000000000e+02
1.530000000000000000e+02
1.490000000000000000e+02
1.500000000000000000e+02
1.520000000000000000e+02
1.550000000000000000e+02
1.410000000000000000e+02
1.410000000000000000e+02
1.330000000000000000e+02
1.370000000000000000e+02
1.410000000000000000e+02
1.490000000000000000e+02
1.450000000000000000e+02
1.430000000000000000e+02
1.460000000000000000e+02
1.330000000000000000e+02
1.320000000000000000e+02
1.330000000000000000e+02
1.280000000000000000e+02
1.300000000000000000e+02
1.270000000000000000e+02
1.160000000000000000e+02
1.120000000000000000e+02
1.100000000000000000e+02
1.090000000000000000e+02
1.040000000000000000e+02
1.110000000000000000e+02
1.150000000000000000e+02
1.070000000000000000e+02
9.900000000000000000e+01
1.020000000000000000e+02
1.040000000000000000e+02
1.080000000000000000e+02
1.080000000000000000e+02
1.100000000000000000e+02
1.030000000000000000e+02
1.000000000000000000e+02
9.700000000000000000e+01
9.700000000000000000e+01
9.500000000000000000e+01
9.000000000000000000e+01
8.800000000000000000e+01
9.100000000000000000e+01
8.800000000000000000e+01
8.500000000000000000e+01
8.900000000000000000e+01
8.400000000000000000e+01
8.600000000000000000e+01
8.400000000000000000e+01
8.300000000000000000e+01
8.400000000000000000e+01
9.700000000000000000e+01
1.010000000000000000e+02
1.010000000000000000e+02
9.700000000000000000e+01
9.700000000000000000e+01
9.500000000000000000e+01
9.500000000000000000e+01
1.010000000000000000e+02
1.020000000000000000e+02
1.030000000000000000e+02
1.080000000000000000e+02
1.040000000000000000e+02
1.080000000000000000e+02
1.080000000000000000e+02
1.060000000000000000e+02
1.080000000000000000e+02
1.060000000000000000e+02
1.060000000000000000e+02
1.080000000000000000e+02
1.100000000000000000e+02
1.100000000000000000e+02
1.090000000000000000e+02
1.040000000000000000e+02
1.110000000000000000e+02
1.070000000000000000e+02
1.100000000000000000e+02
1.010000000000000000e+02
9.800000000000000000e+01
9.400000000000000000e+01
8.900000000000000000e+01
