1.010000000000000000e+02
1.060000000000000000e+02
1.050000000000000000e+02
1.180000000000000000e+02
1.200000000000000000e+02
1.260000000000000000e+02
1.280000000000000000e+02
1.540000000000000000e+02
1.710000000000000000e+02
1.770000000000000000e+02
1.970000000000000000e+02
2.250000000000000000e+02
2.460000000000000000e+02
2.590000000000000000e+02
2.810000000000000000e+02
2.930000000000000000e+02
3.180000000000000000e+02
3.340000000000000000e+02
3.610000000000000000e+02
3.920000000000000000e+02
3.890000000000000000e+02
4.090000000000000000e+02
4.220000000000000000e+02
4.280000000000000000e+02
4.440000000000000000e+02
4.310000000000000000e+02
4.360000000000000000e+02
4.350000000000000000e+02
4.610000000000000000e+02
4.640000000000000000e+02
4.660000000000000000e+02
4.650000000000000000e+02
4.830000000000000000e+02
4.780000000000000000e+02
4.900000000000000000e+02
5.040000000000000000e+02
5.110000000000000000e+02
5.100000000000000000e+02
5.030000000000000000e+02
4.890000000000000000e+02
4.930000000000000000e+02
4.880000000000000000e+02
4.720000000000000000e+02
4.500000000000000000e+02
4.400000000000000000e+02
4.220000000000000000e+02
4.210000000000000000e+02
4.090000000000000000e+02
4.080000000000000000e+02
4.130000000000000000e+02
4.160000000000000000e+02
4.110000000000000000e+02
3.970000000000000000e+02
3.760000000000000000e+02
3.670000000000000000e+02
3.590000000000000000e+02
3.730000000000000000e+02
3.600000000000000000e+02
3.510000000000000000e+02
3.470000000000000000e+02
3.460000000000000000e+02
3.410000000000000000e+02
3.370000000000000000e+02
3.400000000000000000e+02
3.270000000000000000e+02
3.270000000000000000e+02
3.420000000000000000e+02
3.370000000000000000e+02
3.320000000000000000e+02
3.240000000000000000e+02
3.060000000000000000e+02
2.930000000000000000e+02
3.020000000000000000e+02
2.900000000000000000e+02
2.920000000000000000e+02
2.840000000000000000e+02
2.800000000000000000e+02
2.820000000000000000e+02
2.790000000000000000e+02
2.790000000000000000e+02
2.600000000000000000e+02
2.600000000000000000e+02
2.600000000000000000e+02
2.550000000000000000e+02
2.570000000000000000e+02
2.640000000000000000e+02
2.480000000000000000e+02
2.550000000000000000e+02
2.380000000000000000e+02
2.380000000000000000e+02
2.570000000000000000e+02
2.590000000000000000e+02
2.680000000000000000e+02
2.920000000000000000e+02
2.800000000000000000e+02
2.840000000000000000e+02
2.910000000000000000e+02
3.060000000000000000e+02
3.230000000000000000e+02
3.250000000000000000e+02
3.090000000000000000e+02
3.080000000000000000e+02
3.170000000000000000e+02
3.060000000000000000e+02
3.090000000000000000e+02
3.080000000000000000e+02
3.030000000000000000e+02
2.890000000000000000e+02
2.910000000000000000e+02
2.890000000000000000e+02
2.890000000000000000e+02
2.980000000000000000e+02
2.830000000000000000e+02
2.830000000000000000e+02
2.910000000000000000e+02
2.870000000000000000e+02
2.820000000000000000e+02
2.790000000000000000e+02
2.750000000000000000e+02
2.780000000000000000e+02
2.670000000000000000e+02
2.590000000000000000e+02
