3.100000000000000000e+01
3.100000000000000000e+01
2.900000000000000000e+01
3.000000000000000000e+01
3.000000000000000000e+01
3.000000000000000000e+01
2.900000000000000000e+01
2.800000000000000000e+01
3.000000000000000000e+01
2.800000000000000000e+01
3.100000000000000000e+01
3.200000000000000000e+01
3.700000000000000000e+01
4.600000000000000000e+01
4.900000000000000000e+01
5.500000000000000000e+01
6.400000000000000000e+01
6.700000000000000000e+01
8.100000000000000000e+01
8.600000000000000000e+01
9.200000000000000000e+01
9.300000000000000000e+01
9.700000000000000000e+01
1.070000000000000000e+02
1.120000000000000000e+02
1.260000000000000000e+02
1.260000000000000000e+02
1.360000000000000000e+02
1.380000000000000000e+02
1.430000000000000000e+02
1.490000000000000000e+02
1.430000000000000000e+02
1.550000000000000000e+02
1.550000000000000000e+02
1.630000000000000000e+02
1.740000000000000000e+02
1.750000000000000000e+02
1.660000000000000000e+02
1.640000000000000000e+02
1.590000000000000000e+02
1.510000000000000000e+02
1.480000000000000000e+02
1.440000000000000000e+02
1.450000000000000000e+02
1.400000000000000000e+02
1.330000000000000000e+02
1.350000000000000000e+02
1.340000000000000000e+02
1.340000000000000000e+02
1.320000000000000000e+02
1.290000000000000000e+02
1.260000000000000000e+02
1.240000000000000000e+02
1.250000000000000000e+02
1.200000000000000000e+02
1.130000000000000000e+02
1.000000000000000000e+02
9.900000000000000000e+01
1.080000000000000000e+02
9.900000000000000000e+01
9.900000000000000000e+01
1.010000000000000000e+02
9.900000000000000000e+01
1.030000000000000000e+02
1.040000000000000000e+02
9.700000000000000000e+01
9.200000000000000000e+01
9.100000000000000000e+01
9.200000000000000000e+01
8.800000000000000000e+01
9.800000000000000000e+01
9.300000000000000000e+01
1.020000000000000000e+02
1.080000000000000000e+02
1.040000000000000000e+02
9.800000000000000000e+01
9.100000000000000000e+01
8.300000000000000000e+01
8.500000000000000000e+01
8.900000000000000000e+01
9.200000000000000000e+01
9.200000000000000000e+01
8.800000000000000000e+01
8.500000000000000000e+01
8.700000000000000000e+01
9.000000000000000000e+01
8.900000000000000000e+01
8.300000000000000000e+01
8.800000000000000000e+01
8.300000000000000000e+01
8.000000000000000000e+01
7.800000000000000000e+01
8.200000000000000000e+01
8.600000000000000000e+01
8.600000000000000000e+01
7.900000000000000000e+01
8.800000000000000000e+01
9.400000000000000000e+01
1.050000000000000000e+02
1.030000000000000000e+02
1.040000000000000000e+02
1.030000000000000000e+02
9.700000000000000000e+01
9.700000000000000000e+01
9.800000000000000000e+01
1.020000000000000000e+02
1.040000000000000000e+02
1.000000000000000000e+02
9.700000000000000000e+01
9.500000000000000000e+01
9.400000000000000000e+01
9.800000000000000000e+01
9.400000000000000000e+01
8.800000000000000000e+01
9.200000000000000000e+01
8.600000000000000000e+01
8.600000000000000000e+01
8.500000000000000000e+01
9.000000000000000000e+01
8.900000000000000000e+01
7.900000000000000000e+01
8.500000000000000000e+01
