7.700000000000000000e+01
7.700000000000000000e+01
8.100000000000000000e+01
7.500000000000000000e+01
7.800000000000000000e+01
8.200000000000000000e+01
8.700000000000000000e+01
8.900000000000000000e+01
9.300000000000000000e+01
1.000000000000000000e+02
9.900000000000000000e+01
1.060000000000000000e+02
1.150000000000000000e+02
1.200000000000000000e+02
1.230000000000000000e+02
1.310000000000000000e+02
1.330000000000000000e+02
1.370000000000000000e+02
1.620000000000000000e+02
1.760000000000000000e+02
1.920000000000000000e+02
2.090000000000000000e+02
2.400000000000000000e+02
2.650000000000000000e+02
2.950000000000000000e+02
3.090000000000000000e+02
3.220000000000000000e+02
3.650000000000000000e+02
3.710000000000000000e+02
3.700000000000000000e+02
3.890000000000000000e+02
4.050000000000000000e+02
4.060000000000000000e+02
4.240000000000000000e+02
4.240000000000000000e+02
4.300000000000000000e+02
4.570000000000000000e+02
4.590000000000000000e+02
4.580000000000000000e+02
4.600000000000000000e+02
4.640000000000000000e+02
4.660000000000000000e+02
4.620000000000000000e+02
4.630000000000000000e+02
4.440000000000000000e+02
4.410000000000000000e+02
4.360000000000000000e+02
4.280000000000000000e+02
4.320000000000000000e+02
4.030000000000000000e+02
3.960000000000000000e+02
3.910000000000000000e+02
3.920000000000000000e+02
3.930000000000000000e+02
3.860000000000000000e+02
3.730000000000000000e+02
3.690000000000000000e+02
3.700000000000000000e+02
3.520000000000000000e+02
3.480000000000000000e+02
3.370000000000000000e+02
3.300000000000000000e+02
3.250000000000000000e+02
3.250000000000000000e+02
3.260000000000000000e+02
3.240000000000000000e+02
3.330000000000000000e+02
3.290000000000000000e+02
3.220000000000000000e+02
3.240000000000000000e+02
3.240000000000000000e+02
3.110000000000000000e+02
3.110000000000000000e+02
3.090000000000000000e+02
3.000000000000000000e+02
2.930000000000000000e+02
3.070000000000000000e+02
3.030000000000000000e+02
2.970000000000000000e+02
2.890000000000000000e+02
2.760000000000000000e+02
2.850000000000000000e+02
2.670000000000000000e+02
2.620000000000000000e+02
2.450000000000000000e+02
2.600000000000000000e+02
2.480000000000000000e+02
2.490000000000000000e+02
2.510000000000000000e+02
2.720000000000000000e+02
2.750000000000000000e+02
2.810000000000000000e+02
2.840000000000000000e+02
2.960000000000000000e+02
3.070000000000000000e+02
3.300000000000000000e+02
3.260000000000000000e+02
3.250000000000000000e+02
3.270000000000000000e+02
3.440000000000000000e+02
3.460000000000000000e+02
3.380000000000000000e+02
3.450000000000000000e+02
3.410000000000000000e+02
3.370000000000000000e+02
3.560000000000000000e+02
3.630000000000000000e+02
3.670000000000000000e+02
3.660000000000000000e+02
3.580000000000000000e+02
3.370000000000000000e+02
3.370000000000000000e+02
3.250000000000000000e+02
3.110000000000000000e+02
2.980000000000000000e+02
3.060000000000000000e+02
3.140000000000000000e+02
3.180000000000000000e+02
3.000000000000000000e+02
2.990000000000000000e+02
2.850000000000000000e+02
2.770000000000000000e+02
