4.700000000000000000e+01
4.700000000000000000e+01
5.200000000000000000e+01
4.800000000000000000e+01
4.800000000000000000e+01
4.400000000000000000e+01
4.800000000000000000e+01
5.200000000000000000e+01
6.500000000000000000e+01
6.800000000000000000e+01
6.600000000000000000e+01
8.100000000000000000e+01
8.600000000000000000e+01
9.500000000000000000e+01
1.060000000000000000e+02
1.140000000000000000e+02
1.270000000000000000e+02
1.260000000000000000e+02
1.240000000000000000e+02
1.380000000000000000e+02
1.380000000000000000e+02
1.350000000000000000e+02
1.350000000000000000e+02
1.410000000000000000e+02
1.450000000000000000e+02
1.510000000000000000e+02
1.640000000000000000e+02
1.670000000000000000e+02
1.650000000000000000e+02
1.560000000000000000e+02
1.640000000000000000e+02
1.630000000000000000e+02
1.650000000000000000e+02
1.730000000000000000e+02
1.830000000000000000e+02
1.800000000000000000e+02
1.740000000000000000e+02
1.670000000000000000e+02
1.620000000000000000e+02
1.620000000000000000e+02
1.630000000000000000e+02
1.630000000000000000e+02
1.640000000000000000e+02
1.610000000000000000e+02
1.660000000000000000e+02
1.670000000000000000e+02
1.670000000000000000e+02
1.620000000000000000e+02
1.630000000000000000e+02
1.680000000000000000e+02
1.690000000000000000e+02
1.610000000000000000e+02
1.510000000000000000e+02
1.510000000000000000e+02
1.530000000000000000e+02
1.480000000000000000e+02
1.420000000000000000e+02
1.460000000000000000e+02
1.350000000000000000e+02
1.340000000000000000e+02
1.210000000000000000e+02
1.140000000000000000e+02
1.150000000000000000e+02
1.060000000000000000e+02
1.020000000000000000e+02
1.020000000000000000e+02
1.110000000000000000e+02
1.130000000000000000e+02
1.130000000000000000e+02
1.110000000000000000e+02
1.120000000000000000e+02
1.070000000000000000e+02
1.050000000000000000e+02
1.050000000000000000e+02
9.500000000000000000e+01
9.000000000000000000e+01
9.100000000000000000e+01
8.400000000000000000e+01
8.900000000000000000e+01
8.500000000000000000e+01
8.300000000000000000e+01
8.600000000000000000e+01
8.100000000000000000e+01
8.000000000000000000e+01
8.400000000000000000e+01
8.500000000000000000e+01
8.900000000000000000e+01
8.400000000000000000e+01
8.400000000000000000e+01
7.700000000000000000e+01
7.300000000000000000e+01
6.600000000000000000e+01
6.800000000000000000e+01
6.900000000000000000e+01
6.900000000000000000e+01
7.000000000000000000e+01
6.700000000000000000e+01
7.300000000000000000e+01
6.900000000000000000e+01
7.200000000000000000e+01
6.900000000000000000e+01
6.700000000000000000e+01
7.200000000000000000e+01
7.700000000000000000e+01
8.200000000000000000e+01
9.100000000000000000e+01
8.900000000000000000e+01
8.500000000000000000e+01
8.900000000000000000e+01
8.300000000000000000e+01
8.800000000000000000e+01
8.600000000000000000e+01
9.100000000000000000e+01
8.800000000000000000e+01
9.200000000000000000e+01
9.000000000000000000e+01
8.900000000000000000e+01
9.200000000000000000e+01
9.000000000000000000e+01
8.600000000000000000e+01
9.500000000000000000e+01
9.900000000000000000e+01
