1.020000000000000000e+02
1.020000000000000000e+02
1.010000000000000000e+02
9.900000000000000000e+01
1.040000000000000000e+02
9.700000000000000000e+01
1.010000000000000000e+02
1.050000000000000000e+02
1.000000000000000000e+02
1.020000000000000000e+02
1.040000000000000000e+02
1.030000000000000000e+02
9.600000000000000000e+01
9.300000000000000000e+01
8.500000000000000000e+01
8.700000000000000000e+01
7.900000000000000000e+01
7.800000000000000000e+01
7.500000000000000000e+01
7.700000000000000000e+01
7.600000000000000000e+01
7.100000000000000000e+01
7.500000000000000000e+01
6.600000000000000000e+01
6.000000000000000000e+01
6.600000000000000000e+01
6.600000000000000000e+01
7.200000000000000000e+01
7.400000000000000000e+01
7.500000000000000000e+01
7.500000000000000000e+01
7.900000000000000000e+01
7.900000000000000000e+01
8.400000000000000000e+01
8.200000000000000000e+01
9.400000000000000000e+01
1.030000000000000000e+02
1.000000000000000000e+02
1.180000000000000000e+02
1.190000000000000000e+02
1.220000000000000000e+02
1.270000000000000000e+02
1.370000000000000000e+02
1.490000000000000000e+02
1.700000000000000000e+02
1.870000000000000000e+02
2.010000000000000000e+02
2.060000000000000000e+02
2.210000000000000000e+02
2.390000000000000000e+02
2.440000000000000000e+02
2.510000000000000000e+02
2.530000000000000000e+02
2.440000000000000000e+02
2.410000000000000000e+02
2.390000000000000000e+02
2.340000000000000000e+02
2.510000000000000000e+02
2.620000000000000000e+02
2.520000000000000000e+02
2.570000000000000000e+02
2.550000000000000000e+02
2.630000000000000000e+02
2.590000000000000000e+02
2.570000000000000000e+02
2.560000000000000000e+02
2.520000000000000000e+02
2.370000000000000000e+02
2.260000000000000000e+02
2.150000000000000000e+02
2.030000000000000000e+02
2.070000000000000000e+02
1.910000000000000000e+02
1.880000000000000000e+02
1.860000000000000000e+02
1.910000000000000000e+02
1.870000000000000000e+02
1.800000000000000000e+02
1.840000000000000000e+02
1.850000000000000000e+02
1.900000000000000000e+02
2.020000000000000000e+02
2.140000000000000000e+02
2.220000000000000000e+02
2.270000000000000000e+02
2.270000000000000000e+02
2.380000000000000000e+02
2.360000000000000000e+02
2.400000000000000000e+02
2.490000000000000000e+02
2.510000000000000000e+02
2.570000000000000000e+02
2.610000000000000000e+02
2.500000000000000000e+02
2.470000000000000000e+02
2.460000000000000000e+02
2.470000000000000000e+02
2.470000000000000000e+02
2.490000000000000000e+02
2.460000000000000000e+02
2.300000000000000000e+02
2.240000000000000000e+02
2.120000000000000000e+02
1.920000000000000000e+02
1.930000000000000000e+02
1.830000000000000000e+02
1.780000000000000000e+02
1.710000000000000000e+02
1.740000000000000000e+02
1.710000000000000000e+02
1.670000000000000000e+02
1.650000000000000000e+02
1.630000000000000000e+02
1.550000000000000000e+02
1.550000000000000000e+02
1.420000000000000000e+02
1.430000000000000000e+02
1.340000000000000000e+02
1.340000000000000000e+02
1.420000000000000000e+02
1.500000000000000000e+02
