1.070000000000000000e+02
1.090000000000000000e+02
1.020000000000000000e+02
9.400000000000000000e+01
9.500000000000000000e+01
9.300000000000000000e+01
1.010000000000000000e+02
1.030000000000000000e+02
1.120000000000000000e+02
1.150000000000000000e+02
1.180000000000000000e+02
1.480000000000000000e+02
1.650000000000000000e+02
1.800000000000000000e+02
2.000000000000000000e+02
2.170000000000000000e+02
2.380000000000000000e+02
2.570000000000000000e+02
2.900000000000000000e+02
3.000000000000000000e+02
3.190000000000000000e+02
3.270000000000000000e+02
3.400000000000000000e+02
3.520000000000000000e+02
3.640000000000000000e+02
3.680000000000000000e+02
3.930000000000000000e+02
4.000000000000000000e+02
4.120000000000000000e+02
4.310000000000000000e+02
4.470000000000000000e+02
4.550000000000000000e+02
4.500000000000000000e+02
4.550000000000000000e+02
4.720000000000000000e+02
4.640000000000000000e+02
4.450000000000000000e+02
4.410000000000000000e+02
4.340000000000000000e+02
4.160000000000000000e+02
4.050000000000000000e+02
4.100000000000000000e+02
4.160000000000000000e+02
4.020000000000000000e+02
4.030000000000000000e+02
3.840000000000000000e+02
3.750000000000000000e+02
3.730000000000000000e+02
3.620000000000000000e+02
3.830000000000000000e+02
3.780000000000000000e+02
3.570000000000000000e+02
3.450000000000000000e+02
3.460000000000000000e+02
3.420000000000000000e+02
3.270000000000000000e+02
3.310000000000000000e+02
3.220000000000000000e+02
3.190000000000000000e+02
3.280000000000000000e+02
3.240000000000000000e+02
3.230000000000000000e+02
3.130000000000000000e+02
2.920000000000000000e+02
2.780000000000000000e+02
2.840000000000000000e+02
2.820000000000000000e+02
2.730000000000000000e+02
2.810000000000000000e+02
2.720000000000000000e+02
2.480000000000000000e+02
2.310000000000000000e+02
2.270000000000000000e+02
2.210000000000000000e+02
2.230000000000000000e+02
2.280000000000000000e+02
2.390000000000000000e+02
2.540000000000000000e+02
2.680000000000000000e+02
2.790000000000000000e+02
2.920000000000000000e+02
2.960000000000000000e+02
3.110000000000000000e+02
3.180000000000000000e+02
3.400000000000000000e+02
3.450000000000000000e+02
3.480000000000000000e+02
3.580000000000000000e+02
3.540000000000000000e+02
3.480000000000000000e+02
3.290000000000000000e+02
3.360000000000000000e+02
3.240000000000000000e+02
3.200000000000000000e+02
3.150000000000000000e+02
3.100000000000000000e+02
2.980000000000000000e+02
3.020000000000000000e+02
3.050000000000000000e+02
3.050000000000000000e+02
2.970000000000000000e+02
2.860000000000000000e+02
2.790000000000000000e+02
2.850000000000000000e+02
2.730000000000000000e+02
2.640000000000000000e+02
2.570000000000000000e+02
2.300000000000000000e+02
2.260000000000000000e+02
2.350000000000000000e+02
2.300000000000000000e+02
2.380000000000000000e+02
2.550000000000000000e+02
2.610000000000000000e+02
2.800000000000000000e+02
3.010000000000000000e+02
3.340000000000000000e+02
3.500000000000000000e+02
3.450000000000000000e+02
3.500000000000000000e+02
3.670000000000000000e+02
3.380000000000000000e+02
