1.130000000000000000e+02
1.160000000000000000e+02
1.180000000000000000e+02
1.150000000000000000e+02
1.200000000000000000e+02
1.200000000000000000e+02
1.200000000000000000e+02
1.210000000000000000e+02
1.200000000000000000e+02
1.290000000000000000e+02
1.250000000000000000e+02
1.260000000000000000e+02
1.280000000000000000e+02
1.300000000000000000e+02
1.220000000000000000e+02
1.170000000000000000e+02
1.100000000000000000e+02
1.120000000000000000e+02
1.080000000000000000e+02
1.010000000000000000e+02
1.050000000000000000e+02
1.100000000000000000e+02
1.040000000000000000e+02
9.700000000000000000e+01
9.000000000000000000e+01
9.400000000000000000e+01
9.500000000000000000e+01
9.000000000000000000e+01
9.600000000000000000e+01
1.010000000000000000e+02
1.040000000000000000e+02
1.000000000000000000e+02
1.180000000000000000e+02
1.050000000000000000e+02
1.130000000000000000e+02
1.180000000000000000e+02
1.210000000000000000e+02
1.320000000000000000e+02
1.430000000000000000e+02
1.580000000000000000e+02
1.640000000000000000e+02
1.810000000000000000e+02
1.970000000000000000e+02
1.960000000000000000e+02
2.070000000000000000e+02
2.310000000000000000e+02
2.420000000000000000e+02
2.510000000000000000e+02
2.660000000000000000e+02
2.550000000000000000e+02
2.650000000000000000e+02
2.770000000000000000e+02
2.790000000000000000e+02
2.730000000000000000e+02
2.690000000000000000e+02
2.700000000000000000e+02
2.780000000000000000e+02
2.830000000000000000e+02
2.770000000000000000e+02
2.690000000000000000e+02
2.460000000000000000e+02
2.380000000000000000e+02
2.190000000000000000e+02
2.110000000000000000e+02
1.970000000000000000e+02
2.020000000000000000e+02
1.920000000000000000e+02
1.980000000000000000e+02
1.910000000000000000e+02
1.860000000000000000e+02
2.030000000000000000e+02
2.060000000000000000e+02
2.080000000000000000e+02
2.320000000000000000e+02
2.370000000000000000e+02
2.420000000000000000e+02
2.460000000000000000e+02
2.480000000000000000e+02
2.380000000000000000e+02
2.420000000000000000e+02
2.560000000000000000e+02
2.530000000000000000e+02
2.540000000000000000e+02
2.500000000000000000e+02
2.570000000000000000e+02
2.510000000000000000e+02
2.500000000000000000e+02
2.370000000000000000e+02
2.400000000000000000e+02
2.450000000000000000e+02
2.320000000000000000e+02
2.210000000000000000e+02
2.090000000000000000e+02
2.050000000000000000e+02
1.990000000000000000e+02
1.900000000000000000e+02
1.920000000000000000e+02
1.930000000000000000e+02
1.910000000000000000e+02
1.920000000000000000e+02
1.850000000000000000e+02
1.790000000000000000e+02
1.750000000000000000e+02
1.700000000000000000e+02
1.610000000000000000e+02
1.660000000000000000e+02
1.780000000000000000e+02
1.840000000000000000e+02
1.770000000000000000e+02
1.950000000000000000e+02
2.090000000000000000e+02
2.160000000000000000e+02
2.110000000000000000e+02
2.050000000000000000e+02
1.900000000000000000e+02
1.950000000000000000e+02
1.990000000000000000e+02
1.920000000000000000e+02
1.830000000000000000e+02
1.790000000000000000e+02
1.700000000000000000e+02
