1.120000000000000000e+02
1.160000000000000000e+02
1.160000000000000000e+02
1.180000000000000000e+02
1.240000000000000000e+02
1.200000000000000000e+02
1.120000000000000000e+02
1.080000000000000000e+02
1.060000000000000000e+02
1.130000000000000000e+02
1.100000000000000000e+02
1.070000000000000000e+02
1.000000000000000000e+02
9.700000000000000000e+01
9.500000000000000000e+01
9.200000000000000000e+01
9.500000000000000000e+01
9.000000000000000000e+01
9.500000000000000000e+01
8.900000000000000000e+01
9.100000000000000000e+01
8.700000000000000000e+01
9.000000000000000000e+01
7.600000000000000000e+01
8.400000000000000000e+01
7.800000000000000000e+01
8.400000000000000000e+01
9.300000000000000000e+01
9.300000000000000000e+01
8.600000000000000000e+01
8.200000000000000000e+01
8.300000000000000000e+01
9.400000000000000000e+01
9.400000000000000000e+01
8.200000000000000000e+01
8.400000000000000000e+01
8.700000000000000000e+01
9.100000000000000000e+01
1.110000000000000000e+02
1.360000000000000000e+02
1.430000000000000000e+02
1.470000000000000000e+02
1.530000000000000000e+02
1.720000000000000000e+02
1.760000000000000000e+02
1.940000000000000000e+02
2.010000000000000000e+02
2.220000000000000000e+02
2.260000000000000000e+02
2.320000000000000000e+02
2.390000000000000000e+02
2.330000000000000000e+02
2.540000000000000000e+02
2.570000000000000000e+02
2.790000000000000000e+02
2.680000000000000000e+02
2.740000000000000000e+02
2.690000000000000000e+02
2.690000000000000000e+02
2.660000000000000000e+02
2.560000000000000000e+02
2.480000000000000000e+02
2.360000000000000000e+02
2.260000000000000000e+02
2.270000000000000000e+02
2.340000000000000000e+02
2.330000000000000000e+02
2.270000000000000000e+02
2.240000000000000000e+02
2.300000000000000000e+02
2.270000000000000000e+02
2.230000000000000000e+02
2.170000000000000000e+02
2.120000000000000000e+02
2.050000000000000000e+02
2.010000000000000000e+02
1.990000000000000000e+02
1.900000000000000000e+02
1.890000000000000000e+02
1.870000000000000000e+02
1.890000000000000000e+02
1.890000000000000000e+02
1.970000000000000000e+02
1.900000000000000000e+02
1.990000000000000000e+02
2.200000000000000000e+02
2.310000000000000000e+02
2.450000000000000000e+02
2.520000000000000000e+02
2.690000000000000000e+02
2.690000000000000000e+02
2.740000000000000000e+02
2.680000000000000000e+02
2.770000000000000000e+02
2.770000000000000000e+02
2.700000000000000000e+02
2.470000000000000000e+02
2.460000000000000000e+02
2.360000000000000000e+02
2.240000000000000000e+02
2.190000000000000000e+02
2.080000000000000000e+02
2.040000000000000000e+02
1.940000000000000000e+02
1.890000000000000000e+02
1.790000000000000000e+02
1.740000000000000000e+02
1.640000000000000000e+02
1.840000000000000000e+02
1.700000000000000000e+02
1.630000000000000000e+02
1.560000000000000000e+02
1.590000000000000000e+02
1.740000000000000000e+02
1.740000000000000000e+02
1.680000000000000000e+02
1.700000000000000000e+02
1.740000000000000000e+02
1.910000000000000000e+02
1.750000000000000000e+02
1.740000000000000000e+02
