5.300000000000000000e+01
4.700000000000000000e+01
5.000000000000000000e+01
5.400000000000000000e+01
5.200000000000000000e+01
4.800000000000000000e+01
4.700000000000000000e+01
4.900000000000000000e+01
5.700000000000000000e+01
5.300000000000000000e+01
5.100000000000000000e+01
4.900000000000000000e+01
5.100000000000000000e+01
4.800000000000000000e+01
4.500000000000000000e+01
4.300000000000000000e+01
3.700000000000000000e+01
3.600000000000000000e+01
4.000000000000000000e+01
3.900000000000000000e+01
3.400000000000000000e+01
3.500000000000000000e+01
3.200000000000000000e+01
3.100000000000000000e+01
2.600000000000000000e+01
2.600000000000000000e+01
2.500000000000000000e+01
2.300000000000000000e+01
2.200000000000000000e+01
2.200000000000000000e+01
2.000000000000000000e+01
2.300000000000000000e+01
2.000000000000000000e+01
2.000000000000000000e+01
2.700000000000000000e+01
2.600000000000000000e+01
3.000000000000000000e+01
2.900000000000000000e+01
2.700000000000000000e+01
2.700000000000000000e+01
3.300000000000000000e+01
3.700000000000000000e+01
4.200000000000000000e+01
4.200000000000000000e+01
4.500000000000000000e+01
5.100000000000000000e+01
6.100000000000000000e+01
6.900000000000000000e+01
7.400000000000000000e+01
8.300000000000000000e+01
8.200000000000000000e+01
9.400000000000000000e+01
9.900000000000000000e+01
1.140000000000000000e+02
1.240000000000000000e+02
1.370000000000000000e+02
1.360000000000000000e+02
1.590000000000000000e+02
1.800000000000000000e+02
1.930000000000000000e+02
2.080000000000000000e+02
2.310000000000000000e+02
2.440000000000000000e+02
2.560000000000000000e+02
2.820000000000000000e+02
3.020000000000000000e+02
3.270000000000000000e+02
3.280000000000000000e+02
3.290000000000000000e+02
3.460000000000000000e+02
3.440000000000000000e+02
3.400000000000000000e+02
3.450000000000000000e+02
3.770000000000000000e+02
3.770000000000000000e+02
3.690000000000000000e+02
3.560000000000000000e+02
3.360000000000000000e+02
3.340000000000000000e+02
3.340000000000000000e+02
3.420000000000000000e+02
3.280000000000000000e+02
3.250000000000000000e+02
3.120000000000000000e+02
2.970000000000000000e+02
2.660000000000000000e+02
2.600000000000000000e+02
2.550000000000000000e+02
2.390000000000000000e+02
2.270000000000000000e+02
2.110000000000000000e+02
2.030000000000000000e+02
2.010000000000000000e+02
1.900000000000000000e+02
1.880000000000000000e+02
1.900000000000000000e+02
1.810000000000000000e+02
1.760000000000000000e+02
1.730000000000000000e+02
1.810000000000000000e+02
1.730000000000000000e+02
1.750000000000000000e+02
1.780000000000000000e+02
1.750000000000000000e+02
1.680000000000000000e+02
1.730000000000000000e+02
1.920000000000000000e+02
1.870000000000000000e+02
1.870000000000000000e+02
1.820000000000000000e+02
1.840000000000000000e+02
2.050000000000000000e+02
2.000000000000000000e+02
2.150000000000000000e+02
2.100000000000000000e+02
1.960000000000000000e+02
1.760000000000000000e+02
1.600000000000000000e+02
1.570000000000000000e+02
1.580000000000000000e+02
1.680000000000000000e+02
