6.100000000000000000e+01
6.000000000000000000e+01
6.100000000000000000e+01
6.200000000000000000e+01
6.200000000000000000e+01
5.700000000000000000e+01
5.400000000000000000e+01
5.200000000000000000e+01
4.700000000000000000e+01
4.300000000000000000e+01
3.700000000000000000e+01
3.500000000000000000e+01
3.600000000000000000e+01
3.600000000000000000e+01
3.600000000000000000e+01
3.800000000000000000e+01
4.100000000000000000e+01
4.000000000000000000e+01
3.700000000000000000e+01
3.100000000000000000e+01
3.000000000000000000e+01
3.200000000000000000e+01
3.000000000000000000e+01
2.700000000000000000e+01
2.600000000000000000e+01
2.700000000000000000e+01
2.300000000000000000e+01
2.500000000000000000e+01
2.600000000000000000e+01
2.800000000000000000e+01
3.100000000000000000e+01
2.800000000000000000e+01
3.000000000000000000e+01
3.200000000000000000e+01
2.900000000000000000e+01
3.400000000000000000e+01
3.200000000000000000e+01
3.500000000000000000e+01
3.300000000000000000e+01
3.300000000000000000e+01
3.600000000000000000e+01
4.000000000000000000e+01
4.700000000000000000e+01
5.400000000000000000e+01
4.900000000000000000e+01
5.800000000000000000e+01
7.000000000000000000e+01
7.600000000000000000e+01
8.900000000000000000e+01
9.900000000000000000e+01
1.060000000000000000e+02
1.140000000000000000e+02
1.100000000000000000e+02
1.100000000000000000e+02
1.280000000000000000e+02
1.480000000000000000e+02
1.660000000000000000e+02
1.690000000000000000e+02
1.970000000000000000e+02
2.240000000000000000e+02
2.520000000000000000e+02
2.790000000000000000e+02
2.930000000000000000e+02
3.190000000000000000e+02
3.300000000000000000e+02
3.340000000000000000e+02
3.450000000000000000e+02
3.360000000000000000e+02
3.610000000000000000e+02
3.500000000000000000e+02
3.580000000000000000e+02
3.820000000000000000e+02
3.770000000000000000e+02
3.740000000000000000e+02
3.710000000000000000e+02
3.550000000000000000e+02
3.500000000000000000e+02
3.570000000000000000e+02
3.470000000000000000e+02
3.530000000000000000e+02
3.440000000000000000e+02
3.400000000000000000e+02
3.380000000000000000e+02
3.340000000000000000e+02
3.120000000000000000e+02
3.080000000000000000e+02
2.900000000000000000e+02
2.750000000000000000e+02
2.650000000000000000e+02
2.420000000000000000e+02
2.270000000000000000e+02
2.170000000000000000e+02
2.010000000000000000e+02
1.820000000000000000e+02
1.800000000000000000e+02
1.680000000000000000e+02
1.590000000000000000e+02
1.540000000000000000e+02
1.550000000000000000e+02
1.600000000000000000e+02
1.570000000000000000e+02
1.630000000000000000e+02
1.530000000000000000e+02
1.390000000000000000e+02
1.510000000000000000e+02
1.550000000000000000e+02
1.670000000000000000e+02
1.620000000000000000e+02
1.670000000000000000e+02
1.790000000000000000e+02
1.860000000000000000e+02
1.820000000000000000e+02
1.830000000000000000e+02
1.890000000000000000e+02
1.920000000000000000e+02
1.780000000000000000e+02
1.910000000000000000e+02
1.940000000000000000e+02
1.970000000000000000e+02
1.890000000000000000e+02
1.920000000000000000e+02
