6.100000000000000000e+01
7.500000000000000000e+01
8.200000000000000000e+01
8.200000000000000000e+01
8.900000000000000000e+01
9.700000000000000000e+01
9.000000000000000000e+01
8.800000000000000000e+01
8.600000000000000000e+01
8.300000000000000000e+01
8.400000000000000000e+01
8.000000000000000000e+01
7.200000000000000000e+01
7.500000000000000000e+01
6.500000000000000000e+01
6.200000000000000000e+01
5.200000000000000000e+01
5.300000000000000000e+01
5.300000000000000000e+01
5.500000000000000000e+01
5.400000000000000000e+01
5.600000000000000000e+01
5.600000000000000000e+01
4.600000000000000000e+01
4.600000000000000000e+01
4.500000000000000000e+01
4.300000000000000000e+01
4.400000000000000000e+01
4.100000000000000000e+01
4.000000000000000000e+01
3.600000000000000000e+01
3.900000000000000000e+01
3.400000000000000000e+01
4.000000000000000000e+01
4.400000000000000000e+01
4.500000000000000000e+01
4.400000000000000000e+01
4.400000000000000000e+01
4.600000000000000000e+01
4.200000000000000000e+01
4.500000000000000000e+01
4.800000000000000000e+01
5.200000000000000000e+01
5.200000000000000000e+01
6.000000000000000000e+01
6.400000000000000000e+01
7.500000000000000000e+01
9.200000000000000000e+01
1.010000000000000000e+02
1.050000000000000000e+02
1.110000000000000000e+02
1.220000000000000000e+02
1.390000000000000000e+02
1.610000000000000000e+02
1.660000000000000000e+02
1.740000000000000000e+02
1.790000000000000000e+02
1.840000000000000000e+02
1.980000000000000000e+02
2.170000000000000000e+02
2.600000000000000000e+02
2.890000000000000000e+02
3.020000000000000000e+02
3.180000000000000000e+02
3.330000000000000000e+02
3.430000000000000000e+02
3.490000000000000000e+02
3.360000000000000000e+02
3.390000000000000000e+02
3.270000000000000000e+02
3.160000000000000000e+02
3.280000000000000000e+02
3.270000000000000000e+02
3.400000000000000000e+02
3.410000000000000000e+02
3.510000000000000000e+02
3.350000000000000000e+02
3.170000000000000000e+02
3.010000000000000000e+02
3.060000000000000000e+02
2.970000000000000000e+02
2.930000000000000000e+02
2.990000000000000000e+02
2.690000000000000000e+02
2.570000000000000000e+02
2.470000000000000000e+02
2.360000000000000000e+02
2.410000000000000000e+02
2.590000000000000000e+02
2.440000000000000000e+02
2.280000000000000000e+02
2.180000000000000000e+02
2.140000000000000000e+02
2.080000000000000000e+02
1.920000000000000000e+02
1.800000000000000000e+02
1.780000000000000000e+02
1.660000000000000000e+02
1.530000000000000000e+02
1.490000000000000000e+02
1.510000000000000000e+02
1.530000000000000000e+02
1.410000000000000000e+02
1.440000000000000000e+02
1.540000000000000000e+02
1.720000000000000000e+02
1.660000000000000000e+02
1.760000000000000000e+02
1.890000000000000000e+02
2.000000000000000000e+02
2.080000000000000000e+02
2.100000000000000000e+02
2.080000000000000000e+02
2.060000000000000000e+02
2.060000000000000000e+02
2.100000000000000000e+02
2.010000000000000000e+02
2.130000000000000000e+02
2.110000000000000000e+02
1.930000000000000000e+02
1.870000000000000000e+02
