1.500000000000000000e+02
1.500000000000000000e+02
1.390000000000000000e+02
1.400000000000000000e+02
1.340000000000000000e+02
1.320000000000000000e+02
1.400000000000000000e+02
1.410000000000000000e+02
1.390000000000000000e+02
1.470000000000000000e+02
1.460000000000000000e+02
1.510000000000000000e+02
1.410000000000000000e+02
1.460000000000000000e+02
1.400000000000000000e+02
1.350000000000000000e+02
1.420000000000000000e+02
1.300000000000000000e+02
1.250000000000000000e+02
1.260000000000000000e+02
1.270000000000000000e+02
1.090000000000000000e+02
1.050000000000000000e+02
1.020000000000000000e+02
1.050000000000000000e+02
1.040000000000000000e+02
9.800000000000000000e+01
1.010000000000000000e+02
1.080000000000000000e+02
1.130000000000000000e+02
1.030000000000000000e+02
1.020000000000000000e+02
1.080000000000000000e+02
1.010000000000000000e+02
1.140000000000000000e+02
1.060000000000000000e+02
1.140000000000000000e+02
1.060000000000000000e+02
1.060000000000000000e+02
1.120000000000000000e+02
1.290000000000000000e+02
1.410000000000000000e+02
1.560000000000000000e+02
1.730000000000000000e+02
1.920000000000000000e+02
2.170000000000000000e+02
2.220000000000000000e+02
2.460000000000000000e+02
2.540000000000000000e+02
2.550000000000000000e+02
2.560000000000000000e+02
2.750000000000000000e+02
2.720000000000000000e+02
2.820000000000000000e+02
2.790000000000000000e+02
2.680000000000000000e+02
2.690000000000000000e+02
2.790000000000000000e+02
2.910000000000000000e+02
2.820000000000000000e+02
2.780000000000000000e+02
2.740000000000000000e+02
2.740000000000000000e+02
2.810000000000000000e+02
2.630000000000000000e+02
2.620000000000000000e+02
2.520000000000000000e+02
2.370000000000000000e+02
2.440000000000000000e+02
2.400000000000000000e+02
2.200000000000000000e+02
2.090000000000000000e+02
2.100000000000000000e+02
1.950000000000000000e+02
2.040000000000000000e+02
2.080000000000000000e+02
2.100000000000000000e+02
2.170000000000000000e+02
2.310000000000000000e+02
2.210000000000000000e+02
2.190000000000000000e+02
2.300000000000000000e+02
2.280000000000000000e+02
2.240000000000000000e+02
2.340000000000000000e+02
2.360000000000000000e+02
2.620000000000000000e+02
2.430000000000000000e+02
2.290000000000000000e+02
2.400000000000000000e+02
2.350000000000000000e+02
2.150000000000000000e+02
2.030000000000000000e+02
2.000000000000000000e+02
1.990000000000000000e+02
1.940000000000000000e+02
1.890000000000000000e+02
1.750000000000000000e+02
1.750000000000000000e+02
1.770000000000000000e+02
1.730000000000000000e+02
1.670000000000000000e+02
1.630000000000000000e+02
1.650000000000000000e+02
1.670000000000000000e+02
1.750000000000000000e+02
1.830000000000000000e+02
1.740000000000000000e+02
1.760000000000000000e+02
1.720000000000000000e+02
1.770000000000000000e+02
1.770000000000000000e+02
1.770000000000000000e+02
1.710000000000000000e+02
1.800000000000000000e+02
1.930000000000000000e+02
1.870000000000000000e+02
1.790000000000000000e+02
1.750000000000000000e+02
1.790000000000000000e+02
1.840000000000000000e+02
