4.500000000000000000e+01
5.200000000000000000e+01
5.500000000000000000e+01
5.000000000000000000e+01
4.800000000000000000e+01
4.700000000000000000e+01
4.800000000000000000e+01
5.100000000000000000e+01
5.400000000000000000e+01
5.200000000000000000e+01
5.900000000000000000e+01
6.500000000000000000e+01
6.700000000000000000e+01
7.000000000000000000e+01
7.600000000000000000e+01
9.300000000000000000e+01
1.050000000000000000e+02
1.150000000000000000e+02
1.210000000000000000e+02
1.250000000000000000e+02
1.370000000000000000e+02
1.440000000000000000e+02
1.580000000000000000e+02
1.650000000000000000e+02
1.640000000000000000e+02
1.740000000000000000e+02
1.830000000000000000e+02
1.720000000000000000e+02
1.670000000000000000e+02
1.660000000000000000e+02
1.740000000000000000e+02
1.790000000000000000e+02
1.720000000000000000e+02
1.780000000000000000e+02
1.820000000000000000e+02
1.820000000000000000e+02
1.690000000000000000e+02
1.680000000000000000e+02
1.640000000000000000e+02
1.610000000000000000e+02
1.560000000000000000e+02
1.520000000000000000e+02
1.620000000000000000e+02
1.650000000000000000e+02
1.590000000000000000e+02
1.620000000000000000e+02
1.700000000000000000e+02
1.680000000000000000e+02
1.680000000000000000e+02
1.700000000000000000e+02
1.570000000000000000e+02
1.660000000000000000e+02
1.550000000000000000e+02
1.480000000000000000e+02
1.460000000000000000e+02
1.350000000000000000e+02
1.350000000000000000e+02
1.350000000000000000e+02
1.370000000000000000e+02
1.290000000000000000e+02
1.370000000000000000e+02
1.400000000000000000e+02
1.330000000000000000e+02
1.280000000000000000e+02
1.250000000000000000e+02
1.250000000000000000e+02
1.180000000000000000e+02
1.110000000000000000e+02
1.080000000000000000e+02
1.040000000000000000e+02
1.020000000000000000e+02
9.600000000000000000e+01
1.010000000000000000e+02
1.000000000000000000e+02
9.300000000000000000e+01
9.500000000000000000e+01
9.500000000000000000e+01
9.000000000000000000e+01
9.600000000000000000e+01
9.000000000000000000e+01
8.900000000000000000e+01
8.300000000000000000e+01
8.200000000000000000e+01
8.200000000000000000e+01
8.500000000000000000e+01
8.100000000000000000e+01
8.000000000000000000e+01
8.300000000000000000e+01
8.300000000000000000e+01
8.100000000000000000e+01
7.700000000000000000e+01
7.600000000000000000e+01
7.900000000000000000e+01
7.700000000000000000e+01
7.300000000000000000e+01
7.700000000000000000e+01
7.600000000000000000e+01
7.600000000000000000e+01
7.500000000000000000e+01
7.700000000000000000e+01
7.100000000000000000e+01
7.300000000000000000e+01
7.400000000000000000e+01
7.300000000000000000e+01
7.700000000000000000e+01
7.900000000000000000e+01
7.700000000000000000e+01
8.500000000000000000e+01
8.500000000000000000e+01
8.300000000000000000e+01
8.900000000000000000e+01
8.200000000000000000e+01
8.400000000000000000e+01
8.500000000000000000e+01
8.500000000000000000e+01
8.300000000000000000e+01
8.400000000000000000e+01
8.400000000000000000e+01
8.700000000000000000e+01
8.300000000000000000e+01
8.000000000000000000e+01
8.300000000000000000e+01
