9.400000000000000000e+01
1.020000000000000000e+02
1.030000000000000000e+02
1.010000000000000000e+02
1.010000000000000000e+02
1.010000000000000000e+02
1.180000000000000000e+02
1.340000000000000000e+02
1.450000000000000000e+02
1.520000000000000000e+02
1.580000000000000000e+02
1.730000000000000000e+02
1.970000000000000000e+02
2.150000000000000000e+02
2.380000000000000000e+02
2.480000000000000000e+02
2.710000000000000000e+02
2.890000000000000000e+02
3.090000000000000000e+02
3.500000000000000000e+02
3.640000000000000000e+02
3.720000000000000000e+02
3.730000000000000000e+02
3.860000000000000000e+02
3.900000000000000000e+02
3.750000000000000000e+02
3.870000000000000000e+02
3.900000000000000000e+02
3.880000000000000000e+02
4.080000000000000000e+02
3.980000000000000000e+02
3.940000000000000000e+02
3.870000000000000000e+02
4.150000000000000000e+02
4.030000000000000000e+02
4.030000000000000000e+02
3.890000000000000000e+02
3.770000000000000000e+02
3.880000000000000000e+02
3.870000000000000000e+02
3.870000000000000000e+02
3.690000000000000000e+02
3.770000000000000000e+02
3.640000000000000000e+02
3.520000000000000000e+02
3.400000000000000000e+02
3.270000000000000000e+02
3.340000000000000000e+02
3.300000000000000000e+02
3.280000000000000000e+02
3.390000000000000000e+02
3.460000000000000000e+02
3.430000000000000000e+02
3.300000000000000000e+02
3.230000000000000000e+02
3.170000000000000000e+02
3.230000000000000000e+02
3.120000000000000000e+02
3.120000000000000000e+02
3.050000000000000000e+02
2.890000000000000000e+02
2.840000000000000000e+02
2.900000000000000000e+02
2.970000000000000000e+02
2.830000000000000000e+02
2.650000000000000000e+02
2.540000000000000000e+02
2.620000000000000000e+02
2.470000000000000000e+02
2.480000000000000000e+02
2.560000000000000000e+02
2.630000000000000000e+02
2.600000000000000000e+02
2.630000000000000000e+02
2.560000000000000000e+02
2.540000000000000000e+02
2.680000000000000000e+02
2.720000000000000000e+02
2.700000000000000000e+02
2.700000000000000000e+02
2.820000000000000000e+02
2.810000000000000000e+02
2.760000000000000000e+02
2.730000000000000000e+02
2.670000000000000000e+02
2.540000000000000000e+02
2.560000000000000000e+02
2.560000000000000000e+02
2.610000000000000000e+02
2.640000000000000000e+02
2.560000000000000000e+02
2.640000000000000000e+02
2.690000000000000000e+02
2.610000000000000000e+02
2.500000000000000000e+02
2.480000000000000000e+02
2.290000000000000000e+02
2.100000000000000000e+02
2.120000000000000000e+02
1.990000000000000000e+02
2.180000000000000000e+02
2.390000000000000000e+02
2.440000000000000000e+02
2.600000000000000000e+02
2.580000000000000000e+02
2.710000000000000000e+02
2.950000000000000000e+02
2.990000000000000000e+02
2.970000000000000000e+02
3.430000000000000000e+02
3.360000000000000000e+02
3.410000000000000000e+02
3.480000000000000000e+02
3.760000000000000000e+02
3.710000000000000000e+02
3.740000000000000000e+02
3.660000000000000000e+02
3.490000000000000000e+02
3.440000000000000000e+02
3.650000000000000000e+02
3.510000000000000000e+02
3.420000000000000000e+02
