3.600000000000000000e+01
4.100000000000000000e+01
3.700000000000000000e+01
3.800000000000000000e+01
3.700000000000000000e+01
4.000000000000000000e+01
3.800000000000000000e+01
4.000000000000000000e+01
3.800000000000000000e+01
4.000000000000000000e+01
4.100000000000000000e+01
4.600000000000000000e+01
4.700000000000000000e+01
4.000000000000000000e+01
4.400000000000000000e+01
4.600000000000000000e+01
6.200000000000000000e+01
6.500000000000000000e+01
6.400000000000000000e+01
6.800000000000000000e+01
7.500000000000000000e+01
7.600000000000000000e+01
7.800000000000000000e+01
9.500000000000000000e+01
1.060000000000000000e+02
1.110000000000000000e+02
1.140000000000000000e+02
1.200000000000000000e+02
1.220000000000000000e+02
1.280000000000000000e+02
1.300000000000000000e+02
1.300000000000000000e+02
1.380000000000000000e+02
1.450000000000000000e+02
1.470000000000000000e+02
1.430000000000000000e+02
1.480000000000000000e+02
1.560000000000000000e+02
1.640000000000000000e+02
1.530000000000000000e+02
1.560000000000000000e+02
1.660000000000000000e+02
1.630000000000000000e+02
1.650000000000000000e+02
1.640000000000000000e+02
1.570000000000000000e+02
1.530000000000000000e+02
1.510000000000000000e+02
1.420000000000000000e+02
1.400000000000000000e+02
1.330000000000000000e+02
1.250000000000000000e+02
1.280000000000000000e+02
1.310000000000000000e+02
1.340000000000000000e+02
1.320000000000000000e+02
1.370000000000000000e+02
1.330000000000000000e+02
1.290000000000000000e+02
1.280000000000000000e+02
1.280000000000000000e+02
1.190000000000000000e+02
1.250000000000000000e+02
1.220000000000000000e+02
1.200000000000000000e+02
1.150000000000000000e+02
1.090000000000000000e+02
1.060000000000000000e+02
1.090000000000000000e+02
1.100000000000000000e+02
1.030000000000000000e+02
1.030000000000000000e+02
1.080000000000000000e+02
1.030000000000000000e+02
9.900000000000000000e+01
9.200000000000000000e+01
8.500000000000000000e+01
8.500000000000000000e+01
8.600000000000000000e+01
8.600000000000000000e+01
8.400000000000000000e+01
8.400000000000000000e+01
8.200000000000000000e+01
8.300000000000000000e+01
8.200000000000000000e+01
8.100000000000000000e+01
7.900000000000000000e+01
7.700000000000000000e+01
8.000000000000000000e+01
8.400000000000000000e+01
8.100000000000000000e+01
8.600000000000000000e+01
8.400000000000000000e+01
8.800000000000000000e+01
8.000000000000000000e+01
8.300000000000000000e+01
9.000000000000000000e+01
9.800000000000000000e+01
1.090000000000000000e+02
1.090000000000000000e+02
1.040000000000000000e+02
9.600000000000000000e+01
9.700000000000000000e+01
9.800000000000000000e+01
1.060000000000000000e+02
1.060000000000000000e+02
1.080000000000000000e+02
1.080000000000000000e+02
1.020000000000000000e+02
9.200000000000000000e+01
9.900000000000000000e+01
9.600000000000000000e+01
9.000000000000000000e+01
8.900000000000000000e+01
8.600000000000000000e+01
9.200000000000000000e+01
9.100000000000000000e+01
8.900000000000000000e+01
8.500000000000000000e+01
8.600000000000000000e+01
9.200000000000000000e+01
8.400000000000000000e+01
