7.000000000000000000e+01
6.100000000000000000e+01
5.900000000000000000e+01
6.500000000000000000e+01
7.300000000000000000e+01
6.900000000000000000e+01
6.700000000000000000e+01
7.400000000000000000e+01
8.000000000000000000e+01
8.900000000000000000e+01
8.800000000000000000e+01
9.000000000000000000e+01
1.010000000000000000e+02
1.120000000000000000e+02
1.290000000000000000e+02
1.410000000000000000e+02
1.490000000000000000e+02
1.740000000000000000e+02
1.930000000000000000e+02
2.090000000000000000e+02
2.170000000000000000e+02
2.310000000000000000e+02
2.600000000000000000e+02
2.720000000000000000e+02
2.830000000000000000e+02
2.950000000000000000e+02
3.050000000000000000e+02
3.290000000000000000e+02
3.480000000000000000e+02
3.650000000000000000e+02
3.680000000000000000e+02
4.050000000000000000e+02
4.120000000000000000e+02
4.070000000000000000e+02
4.020000000000000000e+02
3.920000000000000000e+02
4.050000000000000000e+02
4.030000000000000000e+02
4.060000000000000000e+02
4.160000000000000000e+02
4.120000000000000000e+02
4.180000000000000000e+02
4.060000000000000000e+02
4.180000000000000000e+02
4.200000000000000000e+02
4.170000000000000000e+02
4.000000000000000000e+02
3.770000000000000000e+02
3.740000000000000000e+02
3.650000000000000000e+02
3.570000000000000000e+02
3.600000000000000000e+02
3.650000000000000000e+02
3.790000000000000000e+02
3.910000000000000000e+02
3.820000000000000000e+02
3.740000000000000000e+02
3.770000000000000000e+02
3.800000000000000000e+02
3.670000000000000000e+02
3.650000000000000000e+02
3.740000000000000000e+02
3.720000000000000000e+02
3.720000000000000000e+02
3.600000000000000000e+02
3.600000000000000000e+02
3.610000000000000000e+02
3.390000000000000000e+02
3.380000000000000000e+02
3.460000000000000000e+02
3.430000000000000000e+02
3.370000000000000000e+02
3.260000000000000000e+02
3.270000000000000000e+02
3.060000000000000000e+02
2.990000000000000000e+02
3.040000000000000000e+02
3.070000000000000000e+02
3.060000000000000000e+02
2.970000000000000000e+02
2.870000000000000000e+02
2.750000000000000000e+02
2.560000000000000000e+02
2.480000000000000000e+02
2.570000000000000000e+02
2.450000000000000000e+02
2.480000000000000000e+02
2.470000000000000000e+02
2.440000000000000000e+02
2.470000000000000000e+02
2.570000000000000000e+02
2.670000000000000000e+02
2.850000000000000000e+02
3.030000000000000000e+02
3.150000000000000000e+02
3.210000000000000000e+02
3.250000000000000000e+02
3.320000000000000000e+02
3.350000000000000000e+02
3.350000000000000000e+02
3.340000000000000000e+02
3.380000000000000000e+02
3.320000000000000000e+02
3.290000000000000000e+02
3.350000000000000000e+02
3.410000000000000000e+02
3.340000000000000000e+02
3.410000000000000000e+02
3.160000000000000000e+02
3.080000000000000000e+02
2.920000000000000000e+02
2.940000000000000000e+02
2.780000000000000000e+02
2.790000000000000000e+02
2.670000000000000000e+02
2.700000000000000000e+02
2.650000000000000000e+02
2.560000000000000000e+02
2.490000000000000000e+02
2.280000000000000000e+02
2.330000000000000000e+02
2.310000000000000000e+02
