8.400000000000000000e+01
8.700000000000000000e+01
9.400000000000000000e+01
1.040000000000000000e+02
1.100000000000000000e+02
1.050000000000000000e+02
1.140000000000000000e+02
1.160000000000000000e+02
1.230000000000000000e+02
1.290000000000000000e+02
1.470000000000000000e+02
1.600000000000000000e+02
1.770000000000000000e+02
2.090000000000000000e+02
2.330000000000000000e+02
2.690000000000000000e+02
2.960000000000000000e+02
3.190000000000000000e+02
3.480000000000000000e+02
3.870000000000000000e+02
4.040000000000000000e+02
4.340000000000000000e+02
4.520000000000000000e+02
4.590000000000000000e+02
4.630000000000000000e+02
4.640000000000000000e+02
4.520000000000000000e+02
4.560000000000000000e+02
4.740000000000000000e+02
4.930000000000000000e+02
4.870000000000000000e+02
4.700000000000000000e+02
4.800000000000000000e+02
4.760000000000000000e+02
4.650000000000000000e+02
4.660000000000000000e+02
4.510000000000000000e+02
4.560000000000000000e+02
4.640000000000000000e+02
4.600000000000000000e+02
4.470000000000000000e+02
4.430000000000000000e+02
4.460000000000000000e+02
4.410000000000000000e+02
4.310000000000000000e+02
4.340000000000000000e+02
4.150000000000000000e+02
4.060000000000000000e+02
4.100000000000000000e+02
4.020000000000000000e+02
4.230000000000000000e+02
4.110000000000000000e+02
4.050000000000000000e+02
3.980000000000000000e+02
3.870000000000000000e+02
3.890000000000000000e+02
3.830000000000000000e+02
3.740000000000000000e+02
3.810000000000000000e+02
3.770000000000000000e+02
3.630000000000000000e+02
3.490000000000000000e+02
3.370000000000000000e+02
3.440000000000000000e+02
3.490000000000000000e+02
3.390000000000000000e+02
3.470000000000000000e+02
3.450000000000000000e+02
3.440000000000000000e+02
3.300000000000000000e+02
3.310000000000000000e+02
3.100000000000000000e+02
3.020000000000000000e+02
2.990000000000000000e+02
2.820000000000000000e+02
2.960000000000000000e+02
2.850000000000000000e+02
2.810000000000000000e+02
2.750000000000000000e+02
2.710000000000000000e+02
2.830000000000000000e+02
2.820000000000000000e+02
2.740000000000000000e+02
2.690000000000000000e+02
2.560000000000000000e+02
2.520000000000000000e+02
2.440000000000000000e+02
2.360000000000000000e+02
2.550000000000000000e+02
2.580000000000000000e+02
2.550000000000000000e+02
2.590000000000000000e+02
2.570000000000000000e+02
2.520000000000000000e+02
2.430000000000000000e+02
2.470000000000000000e+02
2.660000000000000000e+02
2.850000000000000000e+02
2.940000000000000000e+02
3.010000000000000000e+02
3.070000000000000000e+02
3.000000000000000000e+02
3.020000000000000000e+02
3.090000000000000000e+02
3.110000000000000000e+02
3.380000000000000000e+02
3.400000000000000000e+02
3.350000000000000000e+02
3.490000000000000000e+02
3.370000000000000000e+02
3.250000000000000000e+02
3.200000000000000000e+02
3.290000000000000000e+02
3.230000000000000000e+02
3.230000000000000000e+02
3.290000000000000000e+02
3.130000000000000000e+02
3.090000000000000000e+02
2.950000000000000000e+02
2.830000000000000000e+02
2.750000000000000000e+02
2.750000000000000000e+02
