7.500000000000000000e+01
7.300000000000000000e+01
7.900000000000000000e+01
8.100000000000000000e+01
8.400000000000000000e+01
8.900000000000000000e+01
1.100000000000000000e+02
1.180000000000000000e+02
1.340000000000000000e+02
1.380000000000000000e+02
1.430000000000000000e+02
1.570000000000000000e+02
1.730000000000000000e+02
1.880000000000000000e+02
1.900000000000000000e+02
2.000000000000000000e+02
2.230000000000000000e+02
2.420000000000000000e+02
2.540000000000000000e+02
2.830000000000000000e+02
2.950000000000000000e+02
3.150000000000000000e+02
3.360000000000000000e+02
3.600000000000000000e+02
3.610000000000000000e+02
3.840000000000000000e+02
3.950000000000000000e+02
3.910000000000000000e+02
3.960000000000000000e+02
4.040000000000000000e+02
4.040000000000000000e+02
4.110000000000000000e+02
4.170000000000000000e+02
4.310000000000000000e+02
4.380000000000000000e+02
4.470000000000000000e+02
4.370000000000000000e+02
4.460000000000000000e+02
4.390000000000000000e+02
4.340000000000000000e+02
4.350000000000000000e+02
4.300000000000000000e+02
4.460000000000000000e+02
4.490000000000000000e+02
4.430000000000000000e+02
4.320000000000000000e+02
4.180000000000000000e+02
3.970000000000000000e+02
4.030000000000000000e+02
4.050000000000000000e+02
3.970000000000000000e+02
4.080000000000000000e+02
4.130000000000000000e+02
4.150000000000000000e+02
4.130000000000000000e+02
3.970000000000000000e+02
3.910000000000000000e+02
3.860000000000000000e+02
3.770000000000000000e+02
3.660000000000000000e+02
3.500000000000000000e+02
3.460000000000000000e+02
3.370000000000000000e+02
3.490000000000000000e+02
3.500000000000000000e+02
3.390000000000000000e+02
3.320000000000000000e+02
3.260000000000000000e+02
3.230000000000000000e+02
3.220000000000000000e+02
3.290000000000000000e+02
3.080000000000000000e+02
3.000000000000000000e+02
2.930000000000000000e+02
2.920000000000000000e+02
2.980000000000000000e+02
2.950000000000000000e+02
2.930000000000000000e+02
2.890000000000000000e+02
2.880000000000000000e+02
2.730000000000000000e+02
2.810000000000000000e+02
2.790000000000000000e+02
2.750000000000000000e+02
2.590000000000000000e+02
2.650000000000000000e+02
2.590000000000000000e+02
2.480000000000000000e+02
2.480000000000000000e+02
2.430000000000000000e+02
2.400000000000000000e+02
2.300000000000000000e+02
2.200000000000000000e+02
2.230000000000000000e+02
2.160000000000000000e+02
2.210000000000000000e+02
2.250000000000000000e+02
2.250000000000000000e+02
2.380000000000000000e+02
2.440000000000000000e+02
2.590000000000000000e+02
2.760000000000000000e+02
2.770000000000000000e+02
2.910000000000000000e+02
3.060000000000000000e+02
3.130000000000000000e+02
3.160000000000000000e+02
3.140000000000000000e+02
3.230000000000000000e+02
3.210000000000000000e+02
3.210000000000000000e+02
3.280000000000000000e+02
3.280000000000000000e+02
3.320000000000000000e+02
3.300000000000000000e+02
3.270000000000000000e+02
3.350000000000000000e+02
3.360000000000000000e+02
3.350000000000000000e+02
3.300000000000000000e+02
3.330000000000000000e+02
3.400000000000000000e+02
