8.500000000000000000e+01
8.900000000000000000e+01
9.200000000000000000e+01
9.300000000000000000e+01
1.000000000000000000e+02
1.050000000000000000e+02
1.060000000000000000e+02
1.160000000000000000e+02
1.300000000000000000e+02
1.470000000000000000e+02
1.560000000000000000e+02
1.630000000000000000e+02
1.740000000000000000e+02
1.920000000000000000e+02
2.040000000000000000e+02
2.160000000000000000e+02
2.340000000000000000e+02
2.590000000000000000e+02
2.860000000000000000e+02
3.230000000000000000e+02
3.300000000000000000e+02
3.630000000000000000e+02
3.680000000000000000e+02
3.940000000000000000e+02
4.070000000000000000e+02
3.920000000000000000e+02
3.920000000000000000e+02
4.020000000000000000e+02
4.040000000000000000e+02
4.040000000000000000e+02
3.880000000000000000e+02
3.910000000000000000e+02
3.940000000000000000e+02
4.060000000000000000e+02
4.170000000000000000e+02
4.040000000000000000e+02
4.150000000000000000e+02
4.190000000000000000e+02
4.140000000000000000e+02
3.940000000000000000e+02
3.920000000000000000e+02
3.950000000000000000e+02
4.020000000000000000e+02
4.020000000000000000e+02
3.850000000000000000e+02
3.790000000000000000e+02
3.650000000000000000e+02
3.740000000000000000e+02
3.830000000000000000e+02
3.550000000000000000e+02
3.440000000000000000e+02
3.450000000000000000e+02
3.450000000000000000e+02
3.520000000000000000e+02
3.460000000000000000e+02
3.430000000000000000e+02
3.270000000000000000e+02
3.160000000000000000e+02
3.190000000000000000e+02
3.230000000000000000e+02
3.030000000000000000e+02
2.920000000000000000e+02
2.880000000000000000e+02
2.920000000000000000e+02
3.080000000000000000e+02
3.110000000000000000e+02
3.090000000000000000e+02
2.880000000000000000e+02
2.740000000000000000e+02
2.760000000000000000e+02
2.670000000000000000e+02
2.770000000000000000e+02
2.690000000000000000e+02
2.590000000000000000e+02
2.590000000000000000e+02
2.550000000000000000e+02
2.550000000000000000e+02
2.630000000000000000e+02
2.530000000000000000e+02
2.490000000000000000e+02
2.610000000000000000e+02
2.710000000000000000e+02
2.860000000000000000e+02
2.900000000000000000e+02
2.920000000000000000e+02
2.900000000000000000e+02
2.950000000000000000e+02
3.010000000000000000e+02
3.120000000000000000e+02
3.220000000000000000e+02
3.150000000000000000e+02
3.130000000000000000e+02
3.140000000000000000e+02
3.170000000000000000e+02
3.150000000000000000e+02
3.020000000000000000e+02
2.980000000000000000e+02
2.930000000000000000e+02
3.080000000000000000e+02
3.060000000000000000e+02
2.960000000000000000e+02
2.970000000000000000e+02
3.050000000000000000e+02
2.900000000000000000e+02
2.860000000000000000e+02
2.970000000000000000e+02
2.940000000000000000e+02
2.830000000000000000e+02
2.610000000000000000e+02
2.590000000000000000e+02
2.440000000000000000e+02
2.440000000000000000e+02
2.510000000000000000e+02
2.550000000000000000e+02
2.600000000000000000e+02
2.660000000000000000e+02
2.540000000000000000e+02
2.650000000000000000e+02
2.860000000000000000e+02
2.910000000000000000e+02
2.860000000000000000e+02
2.900000000000000000e+02
