1.110000000000000000e+02
1.050000000000000000e+02
1.030000000000000000e+02
1.090000000000000000e+02
9.900000000000000000e+01
8.800000000000000000e+01
8.900000000000000000e+01
9.500000000000000000e+01
9.700000000000000000e+01
9.600000000000000000e+01
9.600000000000000000e+01
9.700000000000000000e+01
9.800000000000000000e+01
9.700000000000000000e+01
9.500000000000000000e+01
9.200000000000000000e+01
8.300000000000000000e+01
8.800000000000000000e+01
8.300000000000000000e+01
7.600000000000000000e+01
7.100000000000000000e+01
7.400000000000000000e+01
6.900000000000000000e+01
7.000000000000000000e+01
6.700000000000000000e+01
8.000000000000000000e+01
8.000000000000000000e+01
7.500000000000000000e+01
7.100000000000000000e+01
7.600000000000000000e+01
7.400000000000000000e+01
7.900000000000000000e+01
8.500000000000000000e+01
8.800000000000000000e+01
1.040000000000000000e+02
1.020000000000000000e+02
1.050000000000000000e+02
1.050000000000000000e+02
1.050000000000000000e+02
1.090000000000000000e+02
1.110000000000000000e+02
1.320000000000000000e+02
1.270000000000000000e+02
1.310000000000000000e+02
1.570000000000000000e+02
1.720000000000000000e+02
1.740000000000000000e+02
1.980000000000000000e+02
2.100000000000000000e+02
2.490000000000000000e+02
2.730000000000000000e+02
2.800000000000000000e+02
2.930000000000000000e+02
3.130000000000000000e+02
3.150000000000000000e+02
3.280000000000000000e+02
3.420000000000000000e+02
3.340000000000000000e+02
3.340000000000000000e+02
3.220000000000000000e+02
3.230000000000000000e+02
3.050000000000000000e+02
3.010000000000000000e+02
2.950000000000000000e+02
2.780000000000000000e+02
2.760000000000000000e+02
2.790000000000000000e+02
2.860000000000000000e+02
2.780000000000000000e+02
2.730000000000000000e+02
2.730000000000000000e+02
2.680000000000000000e+02
2.710000000000000000e+02
2.710000000000000000e+02
2.520000000000000000e+02
2.450000000000000000e+02
2.250000000000000000e+02
2.160000000000000000e+02
2.190000000000000000e+02
2.200000000000000000e+02
2.170000000000000000e+02
2.170000000000000000e+02
2.150000000000000000e+02
2.100000000000000000e+02
2.180000000000000000e+02
2.040000000000000000e+02
2.060000000000000000e+02
2.060000000000000000e+02
2.160000000000000000e+02
2.170000000000000000e+02
2.140000000000000000e+02
2.040000000000000000e+02
2.060000000000000000e+02
1.880000000000000000e+02
1.910000000000000000e+02
1.900000000000000000e+02
1.840000000000000000e+02
1.810000000000000000e+02
1.980000000000000000e+02
1.820000000000000000e+02
1.830000000000000000e+02
1.810000000000000000e+02
1.780000000000000000e+02
1.740000000000000000e+02
1.780000000000000000e+02
1.720000000000000000e+02
1.800000000000000000e+02
1.770000000000000000e+02
1.680000000000000000e+02
1.760000000000000000e+02
1.780000000000000000e+02
1.710000000000000000e+02
1.740000000000000000e+02
1.680000000000000000e+02
1.650000000000000000e+02
1.490000000000000000e+02
1.460000000000000000e+02
1.570000000000000000e+02
1.660000000000000000e+02
1.630000000000000000e+02
1.500000000000000000e+02
