8.100000000000000000e+01
8.100000000000000000e+01
8.200000000000000000e+01
8.700000000000000000e+01
8.400000000000000000e+01
9.400000000000000000e+01
1.010000000000000000e+02
1.050000000000000000e+02
1.130000000000000000e+02
1.330000000000000000e+02
1.470000000000000000e+02
1.630000000000000000e+02
1.720000000000000000e+02
1.900000000000000000e+02
2.110000000000000000e+02
2.220000000000000000e+02
2.410000000000000000e+02
2.680000000000000000e+02
2.870000000000000000e+02
3.170000000000000000e+02
3.370000000000000000e+02
3.390000000000000000e+02
3.550000000000000000e+02
3.770000000000000000e+02
3.710000000000000000e+02
3.610000000000000000e+02
3.690000000000000000e+02
3.580000000000000000e+02
3.590000000000000000e+02
3.780000000000000000e+02
3.880000000000000000e+02
3.940000000000000000e+02
3.710000000000000000e+02
3.910000000000000000e+02
3.970000000000000000e+02
3.830000000000000000e+02
3.920000000000000000e+02
3.880000000000000000e+02
3.890000000000000000e+02
4.050000000000000000e+02
4.090000000000000000e+02
4.130000000000000000e+02
4.040000000000000000e+02
3.920000000000000000e+02
3.830000000000000000e+02
3.750000000000000000e+02
3.660000000000000000e+02
3.630000000000000000e+02
3.430000000000000000e+02
3.370000000000000000e+02
3.410000000000000000e+02
3.450000000000000000e+02
3.580000000000000000e+02
3.420000000000000000e+02
3.280000000000000000e+02
3.400000000000000000e+02
3.160000000000000000e+02
3.160000000000000000e+02
3.070000000000000000e+02
2.950000000000000000e+02
2.960000000000000000e+02
2.900000000000000000e+02
2.780000000000000000e+02
2.770000000000000000e+02
2.780000000000000000e+02
2.860000000000000000e+02
2.870000000000000000e+02
2.830000000000000000e+02
2.790000000000000000e+02
2.870000000000000000e+02
2.780000000000000000e+02
2.760000000000000000e+02
2.670000000000000000e+02
2.640000000000000000e+02
2.620000000000000000e+02
2.600000000000000000e+02
2.690000000000000000e+02
2.800000000000000000e+02
2.800000000000000000e+02
2.860000000000000000e+02
2.810000000000000000e+02
2.830000000000000000e+02
2.830000000000000000e+02
3.060000000000000000e+02
3.050000000000000000e+02
3.020000000000000000e+02
3.170000000000000000e+02
3.280000000000000000e+02
3.120000000000000000e+02
3.050000000000000000e+02
3.120000000000000000e+02
3.210000000000000000e+02
3.170000000000000000e+02
3.040000000000000000e+02
3.000000000000000000e+02
2.820000000000000000e+02
2.780000000000000000e+02
2.890000000000000000e+02
2.820000000000000000e+02
2.770000000000000000e+02
2.840000000000000000e+02
2.720000000000000000e+02
2.630000000000000000e+02
2.700000000000000000e+02
2.640000000000000000e+02
2.660000000000000000e+02
2.770000000000000000e+02
2.730000000000000000e+02
2.750000000000000000e+02
2.720000000000000000e+02
2.700000000000000000e+02
2.640000000000000000e+02
2.760000000000000000e+02
2.910000000000000000e+02
2.930000000000000000e+02
3.250000000000000000e+02
3.460000000000000000e+02
3.410000000000000000e+02
3.500000000000000000e+02
3.570000000000000000e+02
3.680000000000000000e+02
3.720000000000000000e+02
