8.900000000000000000e+01
8.700000000000000000e+01
8.300000000000000000e+01
8.700000000000000000e+01
8.900000000000000000e+01
8.900000000000000000e+01
1.040000000000000000e+02
1.080000000000000000e+02
1.120000000000000000e+02
1.350000000000000000e+02
1.390000000000000000e+02
1.570000000000000000e+02
1.710000000000000000e+02
1.870000000000000000e+02
2.180000000000000000e+02
2.330000000000000000e+02
2.520000000000000000e+02
2.870000000000000000e+02
3.120000000000000000e+02
3.310000000000000000e+02
3.510000000000000000e+02
3.640000000000000000e+02
3.890000000000000000e+02
4.040000000000000000e+02
4.180000000000000000e+02
4.410000000000000000e+02
4.360000000000000000e+02
4.490000000000000000e+02
4.530000000000000000e+02
4.460000000000000000e+02
4.380000000000000000e+02
4.480000000000000000e+02
4.320000000000000000e+02
4.340000000000000000e+02
4.360000000000000000e+02
4.540000000000000000e+02
4.540000000000000000e+02
4.500000000000000000e+02
4.430000000000000000e+02
4.380000000000000000e+02
4.510000000000000000e+02
4.470000000000000000e+02
4.450000000000000000e+02
4.480000000000000000e+02
4.420000000000000000e+02
4.470000000000000000e+02
4.380000000000000000e+02
4.310000000000000000e+02
4.190000000000000000e+02
4.070000000000000000e+02
3.950000000000000000e+02
3.970000000000000000e+02
4.020000000000000000e+02
4.010000000000000000e+02
3.940000000000000000e+02
3.960000000000000000e+02
3.630000000000000000e+02
3.960000000000000000e+02
3.820000000000000000e+02
3.680000000000000000e+02
3.700000000000000000e+02
3.530000000000000000e+02
3.470000000000000000e+02
3.320000000000000000e+02
3.420000000000000000e+02
3.360000000000000000e+02
3.320000000000000000e+02
3.250000000000000000e+02
3.290000000000000000e+02
3.160000000000000000e+02
3.160000000000000000e+02
3.210000000000000000e+02
3.090000000000000000e+02
2.910000000000000000e+02
2.780000000000000000e+02
2.760000000000000000e+02
2.540000000000000000e+02
2.500000000000000000e+02
2.600000000000000000e+02
2.580000000000000000e+02
2.630000000000000000e+02
2.710000000000000000e+02
2.740000000000000000e+02
2.580000000000000000e+02
2.470000000000000000e+02
2.390000000000000000e+02
2.300000000000000000e+02
2.330000000000000000e+02
2.320000000000000000e+02
2.410000000000000000e+02
2.470000000000000000e+02
2.480000000000000000e+02
2.440000000000000000e+02
2.580000000000000000e+02
2.560000000000000000e+02
2.500000000000000000e+02
2.550000000000000000e+02
2.600000000000000000e+02
2.660000000000000000e+02
2.690000000000000000e+02
2.780000000000000000e+02
2.780000000000000000e+02
2.770000000000000000e+02
2.660000000000000000e+02
2.500000000000000000e+02
2.750000000000000000e+02
2.740000000000000000e+02
2.910000000000000000e+02
3.070000000000000000e+02
2.950000000000000000e+02
2.950000000000000000e+02
2.720000000000000000e+02
2.580000000000000000e+02
2.620000000000000000e+02
2.670000000000000000e+02
2.740000000000000000e+02
2.790000000000000000e+02
2.750000000000000000e+02
2.760000000000000000e+02
2.550000000000000000e+02
2.640000000000000000e+02
2.580000000000000000e+02
