9.300000000000000000e+01
9.600000000000000000e+01
9.500000000000000000e+01
9.900000000000000000e+01
9.700000000000000000e+01
1.060000000000000000e+02
1.070000000000000000e+02
1.130000000000000000e+02
1.230000000000000000e+02
1.250000000000000000e+02
1.240000000000000000e+02
1.370000000000000000e+02
1.390000000000000000e+02
1.550000000000000000e+02
1.690000000000000000e+02
1.970000000000000000e+02
2.080000000000000000e+02
2.340000000000000000e+02
2.580000000000000000e+02
2.760000000000000000e+02
3.150000000000000000e+02
3.250000000000000000e+02
3.670000000000000000e+02
3.830000000000000000e+02
4.030000000000000000e+02
4.150000000000000000e+02
4.250000000000000000e+02
4.390000000000000000e+02
4.470000000000000000e+02
4.350000000000000000e+02
4.390000000000000000e+02
4.300000000000000000e+02
4.550000000000000000e+02
4.680000000000000000e+02
4.880000000000000000e+02
4.880000000000000000e+02
4.820000000000000000e+02
4.890000000000000000e+02
4.760000000000000000e+02
4.820000000000000000e+02
4.730000000000000000e+02
4.420000000000000000e+02
4.500000000000000000e+02
4.610000000000000000e+02
4.440000000000000000e+02
4.160000000000000000e+02
4.010000000000000000e+02
3.890000000000000000e+02
3.920000000000000000e+02
3.870000000000000000e+02
3.760000000000000000e+02
3.580000000000000000e+02
3.600000000000000000e+02
3.530000000000000000e+02
3.470000000000000000e+02
3.390000000000000000e+02
3.200000000000000000e+02
3.120000000000000000e+02
3.350000000000000000e+02
3.410000000000000000e+02
3.550000000000000000e+02
3.530000000000000000e+02
3.530000000000000000e+02
3.510000000000000000e+02
3.340000000000000000e+02
3.320000000000000000e+02
3.220000000000000000e+02
3.140000000000000000e+02
3.070000000000000000e+02
2.800000000000000000e+02
2.860000000000000000e+02
2.720000000000000000e+02
2.510000000000000000e+02
2.540000000000000000e+02
2.630000000000000000e+02
2.690000000000000000e+02
2.690000000000000000e+02
2.560000000000000000e+02
2.520000000000000000e+02
2.550000000000000000e+02
2.560000000000000000e+02
2.550000000000000000e+02
2.540000000000000000e+02
2.680000000000000000e+02
2.660000000000000000e+02
2.660000000000000000e+02
2.730000000000000000e+02
2.610000000000000000e+02
2.630000000000000000e+02
2.670000000000000000e+02
2.820000000000000000e+02
2.800000000000000000e+02
2.860000000000000000e+02
2.820000000000000000e+02
3.100000000000000000e+02
3.170000000000000000e+02
3.200000000000000000e+02
3.310000000000000000e+02
3.340000000000000000e+02
3.320000000000000000e+02
3.330000000000000000e+02
3.320000000000000000e+02
3.130000000000000000e+02
3.210000000000000000e+02
3.220000000000000000e+02
3.220000000000000000e+02
3.170000000000000000e+02
3.160000000000000000e+02
3.080000000000000000e+02
3.030000000000000000e+02
2.860000000000000000e+02
2.930000000000000000e+02
2.900000000000000000e+02
2.770000000000000000e+02
2.660000000000000000e+02
2.580000000000000000e+02
2.620000000000000000e+02
2.530000000000000000e+02
2.570000000000000000e+02
2.500000000000000000e+02
2.420000000000000000e+02
2.450000000000000000e+02
