7.600000000000000000e+01
7.700000000000000000e+01
8.700000000000000000e+01
8.500000000000000000e+01
8.200000000000000000e+01
7.900000000000000000e+01
8.100000000000000000e+01
9.100000000000000000e+01
1.030000000000000000e+02
1.140000000000000000e+02
1.260000000000000000e+02
1.470000000000000000e+02
1.680000000000000000e+02
1.830000000000000000e+02
2.120000000000000000e+02
2.200000000000000000e+02
2.360000000000000000e+02
2.650000000000000000e+02
2.760000000000000000e+02
2.900000000000000000e+02
3.280000000000000000e+02
3.740000000000000000e+02
4.050000000000000000e+02
4.250000000000000000e+02
4.340000000000000000e+02
4.580000000000000000e+02
4.560000000000000000e+02
4.450000000000000000e+02
4.420000000000000000e+02
4.430000000000000000e+02
4.470000000000000000e+02
4.640000000000000000e+02
4.770000000000000000e+02
4.790000000000000000e+02
4.870000000000000000e+02
4.790000000000000000e+02
4.900000000000000000e+02
4.880000000000000000e+02
4.890000000000000000e+02
4.810000000000000000e+02
4.690000000000000000e+02
4.540000000000000000e+02
4.690000000000000000e+02
4.550000000000000000e+02
4.470000000000000000e+02
4.470000000000000000e+02
4.540000000000000000e+02
4.500000000000000000e+02
4.370000000000000000e+02
4.270000000000000000e+02
4.420000000000000000e+02
4.410000000000000000e+02
4.410000000000000000e+02
4.320000000000000000e+02
4.200000000000000000e+02
4.260000000000000000e+02
4.140000000000000000e+02
4.000000000000000000e+02
3.840000000000000000e+02
3.960000000000000000e+02
3.990000000000000000e+02
3.990000000000000000e+02
3.800000000000000000e+02
3.750000000000000000e+02
3.670000000000000000e+02
3.610000000000000000e+02
3.520000000000000000e+02
3.500000000000000000e+02
3.470000000000000000e+02
3.400000000000000000e+02
3.390000000000000000e+02
3.320000000000000000e+02
3.090000000000000000e+02
3.050000000000000000e+02
3.110000000000000000e+02
3.080000000000000000e+02
2.910000000000000000e+02
2.890000000000000000e+02
2.990000000000000000e+02
2.940000000000000000e+02
3.010000000000000000e+02
2.830000000000000000e+02
2.720000000000000000e+02
2.750000000000000000e+02
2.710000000000000000e+02
2.560000000000000000e+02
2.600000000000000000e+02
2.410000000000000000e+02
2.420000000000000000e+02
2.440000000000000000e+02
2.430000000000000000e+02
2.500000000000000000e+02
2.620000000000000000e+02
2.820000000000000000e+02
2.910000000000000000e+02
3.010000000000000000e+02
3.070000000000000000e+02
3.040000000000000000e+02
2.920000000000000000e+02
3.050000000000000000e+02
3.080000000000000000e+02
2.970000000000000000e+02
2.970000000000000000e+02
2.920000000000000000e+02
2.920000000000000000e+02
2.940000000000000000e+02
3.050000000000000000e+02
2.950000000000000000e+02
2.880000000000000000e+02
2.900000000000000000e+02
2.770000000000000000e+02
2.840000000000000000e+02
2.870000000000000000e+02
2.940000000000000000e+02
2.870000000000000000e+02
2.810000000000000000e+02
2.490000000000000000e+02
2.670000000000000000e+02
2.600000000000000000e+02
2.570000000000000000e+02
2.560000000000000000e+02
2.630000000000000000e+02
