1.150000000000000000e+02
1.060000000000000000e+02
1.060000000000000000e+02
1.030000000000000000e+02
9.900000000000000000e+01
9.700000000000000000e+01
9.900000000000000000e+01
1.010000000000000000e+02
1.000000000000000000e+02
9.700000000000000000e+01
9.700000000000000000e+01
9.400000000000000000e+01
8.600000000000000000e+01
8.700000000000000000e+01
8.700000000000000000e+01
8.300000000000000000e+01
7.800000000000000000e+01
7.900000000000000000e+01
8.200000000000000000e+01
8.300000000000000000e+01
8.200000000000000000e+01
8.600000000000000000e+01
8.200000000000000000e+01
7.800000000000000000e+01
8.000000000000000000e+01
8.100000000000000000e+01
8.400000000000000000e+01
9.300000000000000000e+01
9.600000000000000000e+01
9.100000000000000000e+01
9.400000000000000000e+01
9.600000000000000000e+01
9.800000000000000000e+01
9.700000000000000000e+01
1.050000000000000000e+02
1.060000000000000000e+02
1.070000000000000000e+02
1.120000000000000000e+02
1.180000000000000000e+02
1.300000000000000000e+02
1.270000000000000000e+02
1.380000000000000000e+02
1.440000000000000000e+02
1.550000000000000000e+02
1.630000000000000000e+02
1.550000000000000000e+02
1.780000000000000000e+02
2.150000000000000000e+02
2.350000000000000000e+02
2.530000000000000000e+02
2.500000000000000000e+02
2.710000000000000000e+02
2.840000000000000000e+02
3.070000000000000000e+02
3.030000000000000000e+02
3.070000000000000000e+02
2.970000000000000000e+02
3.070000000000000000e+02
3.030000000000000000e+02
3.050000000000000000e+02
3.110000000000000000e+02
3.060000000000000000e+02
3.030000000000000000e+02
2.980000000000000000e+02
2.860000000000000000e+02
2.770000000000000000e+02
2.630000000000000000e+02
2.550000000000000000e+02
2.400000000000000000e+02
2.350000000000000000e+02
2.310000000000000000e+02
2.230000000000000000e+02
2.280000000000000000e+02
2.320000000000000000e+02
2.340000000000000000e+02
2.150000000000000000e+02
2.120000000000000000e+02
2.040000000000000000e+02
2.030000000000000000e+02
1.980000000000000000e+02
1.800000000000000000e+02
2.010000000000000000e+02
2.140000000000000000e+02
2.150000000000000000e+02
2.070000000000000000e+02
2.080000000000000000e+02
2.060000000000000000e+02
2.180000000000000000e+02
2.330000000000000000e+02
2.430000000000000000e+02
2.310000000000000000e+02
2.190000000000000000e+02
2.100000000000000000e+02
2.040000000000000000e+02
2.000000000000000000e+02
2.000000000000000000e+02
1.970000000000000000e+02
2.000000000000000000e+02
1.920000000000000000e+02
1.930000000000000000e+02
1.760000000000000000e+02
1.720000000000000000e+02
1.730000000000000000e+02
1.550000000000000000e+02
1.630000000000000000e+02
1.570000000000000000e+02
1.590000000000000000e+02
1.550000000000000000e+02
1.620000000000000000e+02
1.670000000000000000e+02
1.670000000000000000e+02
1.570000000000000000e+02
1.610000000000000000e+02
1.590000000000000000e+02
1.600000000000000000e+02
1.720000000000000000e+02
1.730000000000000000e+02
1.800000000000000000e+02
1.770000000000000000e+02
1.800000000000000000e+02
1.860000000000000000e+02
