1.010000000000000000e+02
1.020000000000000000e+02
1.150000000000000000e+02
1.220000000000000000e+02
1.380000000000000000e+02
1.380000000000000000e+02
1.420000000000000000e+02
1.630000000000000000e+02
1.740000000000000000e+02
1.770000000000000000e+02
1.830000000000000000e+02
2.020000000000000000e+02
2.250000000000000000e+02
2.320000000000000000e+02
2.490000000000000000e+02
2.580000000000000000e+02
2.770000000000000000e+02
2.910000000000000000e+02
2.990000000000000000e+02
2.860000000000000000e+02
2.900000000000000000e+02
2.880000000000000000e+02
2.870000000000000000e+02
3.040000000000000000e+02
3.150000000000000000e+02
3.200000000000000000e+02
3.220000000000000000e+02
3.390000000000000000e+02
3.420000000000000000e+02
3.370000000000000000e+02
3.410000000000000000e+02
3.440000000000000000e+02
3.510000000000000000e+02
3.550000000000000000e+02
3.510000000000000000e+02
3.650000000000000000e+02
3.560000000000000000e+02
3.620000000000000000e+02
3.460000000000000000e+02
3.400000000000000000e+02
3.320000000000000000e+02
3.390000000000000000e+02
3.200000000000000000e+02
3.180000000000000000e+02
3.040000000000000000e+02
3.060000000000000000e+02
2.920000000000000000e+02
2.990000000000000000e+02
2.910000000000000000e+02
2.790000000000000000e+02
2.750000000000000000e+02
2.710000000000000000e+02
2.560000000000000000e+02
2.630000000000000000e+02
2.640000000000000000e+02
2.660000000000000000e+02
2.640000000000000000e+02
2.560000000000000000e+02
2.740000000000000000e+02
2.860000000000000000e+02
2.880000000000000000e+02
2.980000000000000000e+02
3.030000000000000000e+02
3.090000000000000000e+02
3.140000000000000000e+02
3.230000000000000000e+02
3.150000000000000000e+02
3.350000000000000000e+02
3.440000000000000000e+02
3.320000000000000000e+02
3.370000000000000000e+02
3.300000000000000000e+02
3.140000000000000000e+02
3.130000000000000000e+02
2.930000000000000000e+02
2.900000000000000000e+02
3.020000000000000000e+02
2.880000000000000000e+02
2.760000000000000000e+02
2.710000000000000000e+02
2.580000000000000000e+02
2.500000000000000000e+02
2.390000000000000000e+02
2.290000000000000000e+02
2.100000000000000000e+02
2.100000000000000000e+02
2.090000000000000000e+02
2.090000000000000000e+02
2.100000000000000000e+02
2.150000000000000000e+02
2.030000000000000000e+02
2.100000000000000000e+02
2.140000000000000000e+02
2.140000000000000000e+02
2.090000000000000000e+02
2.170000000000000000e+02
2.280000000000000000e+02
2.400000000000000000e+02
2.320000000000000000e+02
2.430000000000000000e+02
2.430000000000000000e+02
2.510000000000000000e+02
2.400000000000000000e+02
2.430000000000000000e+02
2.530000000000000000e+02
2.450000000000000000e+02
2.510000000000000000e+02
2.410000000000000000e+02
2.330000000000000000e+02
2.330000000000000000e+02
2.220000000000000000e+02
2.160000000000000000e+02
2.170000000000000000e+02
2.050000000000000000e+02
1.950000000000000000e+02
1.990000000000000000e+02
1.890000000000000000e+02
1.890000000000000000e+02
1.920000000000000000e+02
1.870000000000000000e+02
1.840000000000000000e+02
1.830000000000000000e+02
1.880000000000000000e+02
