1.090000000000000000e+02
1.170000000000000000e+02
1.100000000000000000e+02
1.110000000000000000e+02
1.210000000000000000e+02
1.290000000000000000e+02
1.370000000000000000e+02
1.280000000000000000e+02
1.320000000000000000e+02
1.550000000000000000e+02
1.640000000000000000e+02
1.740000000000000000e+02
1.910000000000000000e+02
2.180000000000000000e+02
2.390000000000000000e+02
2.800000000000000000e+02
3.130000000000000000e+02
3.280000000000000000e+02
3.650000000000000000e+02
3.950000000000000000e+02
4.230000000000000000e+02
4.480000000000000000e+02
4.460000000000000000e+02
4.660000000000000000e+02
4.740000000000000000e+02
4.730000000000000000e+02
4.580000000000000000e+02
4.500000000000000000e+02
4.830000000000000000e+02
4.770000000000000000e+02
4.820000000000000000e+02
4.810000000000000000e+02
5.000000000000000000e+02
4.960000000000000000e+02
4.920000000000000000e+02
5.130000000000000000e+02
5.080000000000000000e+02
4.870000000000000000e+02
4.720000000000000000e+02
4.640000000000000000e+02
4.750000000000000000e+02
4.720000000000000000e+02
4.770000000000000000e+02
4.680000000000000000e+02
4.820000000000000000e+02
4.770000000000000000e+02
4.710000000000000000e+02
4.790000000000000000e+02
4.670000000000000000e+02
4.630000000000000000e+02
4.520000000000000000e+02
4.540000000000000000e+02
4.590000000000000000e+02
4.760000000000000000e+02
4.570000000000000000e+02
4.560000000000000000e+02
4.310000000000000000e+02
4.340000000000000000e+02
4.450000000000000000e+02
4.310000000000000000e+02
4.200000000000000000e+02
4.040000000000000000e+02
4.190000000000000000e+02
4.240000000000000000e+02
4.160000000000000000e+02
4.050000000000000000e+02
3.980000000000000000e+02
3.990000000000000000e+02
3.890000000000000000e+02
3.900000000000000000e+02
3.930000000000000000e+02
3.930000000000000000e+02
3.830000000000000000e+02
3.950000000000000000e+02
3.880000000000000000e+02
3.970000000000000000e+02
3.730000000000000000e+02
3.610000000000000000e+02
3.630000000000000000e+02
3.530000000000000000e+02
3.590000000000000000e+02
3.450000000000000000e+02
3.190000000000000000e+02
3.220000000000000000e+02
3.210000000000000000e+02
3.040000000000000000e+02
2.970000000000000000e+02
3.050000000000000000e+02
2.930000000000000000e+02
2.880000000000000000e+02
2.860000000000000000e+02
2.900000000000000000e+02
2.780000000000000000e+02
2.790000000000000000e+02
2.690000000000000000e+02
2.650000000000000000e+02
2.720000000000000000e+02
2.690000000000000000e+02
2.760000000000000000e+02
2.590000000000000000e+02
2.540000000000000000e+02
2.490000000000000000e+02
2.380000000000000000e+02
2.360000000000000000e+02
2.410000000000000000e+02
2.560000000000000000e+02
2.700000000000000000e+02
2.720000000000000000e+02
2.890000000000000000e+02
2.940000000000000000e+02
3.220000000000000000e+02
3.320000000000000000e+02
3.450000000000000000e+02
3.520000000000000000e+02
3.410000000000000000e+02
3.400000000000000000e+02
3.200000000000000000e+02
3.150000000000000000e+02
3.170000000000000000e+02
3.040000000000000000e+02
3.020000000000000000e+02
3.130000000000000000e+02
