8.000000000000000000e+01
8.400000000000000000e+01
8.800000000000000000e+01
9.100000000000000000e+01
8.900000000000000000e+01
9.100000000000000000e+01
1.080000000000000000e+02
1.130000000000000000e+02
1.180000000000000000e+02
1.230000000000000000e+02
1.250000000000000000e+02
1.380000000000000000e+02
1.490000000000000000e+02
1.590000000000000000e+02
1.650000000000000000e+02
1.930000000000000000e+02
2.170000000000000000e+02
2.470000000000000000e+02
2.630000000000000000e+02
2.970000000000000000e+02
3.200000000000000000e+02
3.400000000000000000e+02
3.550000000000000000e+02
3.680000000000000000e+02
3.870000000000000000e+02
4.090000000000000000e+02
4.250000000000000000e+02
4.540000000000000000e+02
4.710000000000000000e+02
4.820000000000000000e+02
4.860000000000000000e+02
4.810000000000000000e+02
4.800000000000000000e+02
4.690000000000000000e+02
4.650000000000000000e+02
4.810000000000000000e+02
4.890000000000000000e+02
4.870000000000000000e+02
4.910000000000000000e+02
5.020000000000000000e+02
4.920000000000000000e+02
4.900000000000000000e+02
4.860000000000000000e+02
4.760000000000000000e+02
4.670000000000000000e+02
4.660000000000000000e+02
4.710000000000000000e+02
4.830000000000000000e+02
4.730000000000000000e+02
4.610000000000000000e+02
4.570000000000000000e+02
4.630000000000000000e+02
4.620000000000000000e+02
4.530000000000000000e+02
4.210000000000000000e+02
4.390000000000000000e+02
4.370000000000000000e+02
4.330000000000000000e+02
4.100000000000000000e+02
3.950000000000000000e+02
4.010000000000000000e+02
4.010000000000000000e+02
4.210000000000000000e+02
4.180000000000000000e+02
4.060000000000000000e+02
4.040000000000000000e+02
4.000000000000000000e+02
3.980000000000000000e+02
3.910000000000000000e+02
3.890000000000000000e+02
3.880000000000000000e+02
3.780000000000000000e+02
3.600000000000000000e+02
3.650000000000000000e+02
3.680000000000000000e+02
3.620000000000000000e+02
3.530000000000000000e+02
3.560000000000000000e+02
3.600000000000000000e+02
3.540000000000000000e+02
3.480000000000000000e+02
3.330000000000000000e+02
3.250000000000000000e+02
3.220000000000000000e+02
3.180000000000000000e+02
3.220000000000000000e+02
3.100000000000000000e+02
3.010000000000000000e+02
2.970000000000000000e+02
3.060000000000000000e+02
2.920000000000000000e+02
2.860000000000000000e+02
2.850000000000000000e+02
2.780000000000000000e+02
2.780000000000000000e+02
2.620000000000000000e+02
2.620000000000000000e+02
2.530000000000000000e+02
2.400000000000000000e+02
2.300000000000000000e+02
2.300000000000000000e+02
2.270000000000000000e+02
2.190000000000000000e+02
2.170000000000000000e+02
2.090000000000000000e+02
2.090000000000000000e+02
2.150000000000000000e+02
2.110000000000000000e+02
2.180000000000000000e+02
2.320000000000000000e+02
2.580000000000000000e+02
2.690000000000000000e+02
2.740000000000000000e+02
3.040000000000000000e+02
3.290000000000000000e+02
3.200000000000000000e+02
3.290000000000000000e+02
3.360000000000000000e+02
3.260000000000000000e+02
3.300000000000000000e+02
3.260000000000000000e+02
3.350000000000000000e+02
