1.350000000000000000e+02
1.370000000000000000e+02
1.360000000000000000e+02
1.490000000000000000e+02
1.620000000000000000e+02
1.750000000000000000e+02
1.890000000000000000e+02
1.910000000000000000e+02
2.220000000000000000e+02
2.420000000000000000e+02
2.630000000000000000e+02
2.870000000000000000e+02
2.960000000000000000e+02
3.010000000000000000e+02
3.210000000000000000e+02
3.360000000000000000e+02
3.450000000000000000e+02
3.450000000000000000e+02
3.650000000000000000e+02
3.850000000000000000e+02
4.000000000000000000e+02
4.050000000000000000e+02
4.100000000000000000e+02
4.050000000000000000e+02
4.120000000000000000e+02
4.310000000000000000e+02
4.320000000000000000e+02
4.300000000000000000e+02
4.200000000000000000e+02
4.210000000000000000e+02
4.060000000000000000e+02
4.100000000000000000e+02
4.080000000000000000e+02
4.200000000000000000e+02
4.200000000000000000e+02
4.220000000000000000e+02
4.290000000000000000e+02
4.270000000000000000e+02
4.220000000000000000e+02
4.240000000000000000e+02
4.210000000000000000e+02
4.050000000000000000e+02
4.130000000000000000e+02
4.090000000000000000e+02
4.020000000000000000e+02
4.000000000000000000e+02
3.930000000000000000e+02
3.960000000000000000e+02
3.840000000000000000e+02
3.830000000000000000e+02
3.730000000000000000e+02
3.720000000000000000e+02
3.700000000000000000e+02
3.770000000000000000e+02
3.640000000000000000e+02
3.520000000000000000e+02
3.510000000000000000e+02
3.420000000000000000e+02
3.230000000000000000e+02
3.100000000000000000e+02
2.960000000000000000e+02
2.840000000000000000e+02
2.800000000000000000e+02
2.800000000000000000e+02
2.700000000000000000e+02
2.740000000000000000e+02
2.750000000000000000e+02
2.800000000000000000e+02
2.760000000000000000e+02
2.770000000000000000e+02
2.670000000000000000e+02
2.760000000000000000e+02
2.640000000000000000e+02
2.860000000000000000e+02
3.090000000000000000e+02
3.170000000000000000e+02
3.120000000000000000e+02
3.070000000000000000e+02
3.030000000000000000e+02
2.890000000000000000e+02
2.890000000000000000e+02
2.930000000000000000e+02
2.960000000000000000e+02
2.830000000000000000e+02
2.810000000000000000e+02
2.690000000000000000e+02
2.690000000000000000e+02
2.520000000000000000e+02
2.550000000000000000e+02
2.450000000000000000e+02
2.400000000000000000e+02
2.470000000000000000e+02
2.460000000000000000e+02
2.520000000000000000e+02
2.530000000000000000e+02
2.630000000000000000e+02
2.740000000000000000e+02
2.730000000000000000e+02
2.700000000000000000e+02
2.620000000000000000e+02
2.710000000000000000e+02
2.700000000000000000e+02
2.560000000000000000e+02
2.650000000000000000e+02
2.700000000000000000e+02
2.640000000000000000e+02
2.570000000000000000e+02
2.570000000000000000e+02
2.490000000000000000e+02
2.540000000000000000e+02
2.370000000000000000e+02
2.230000000000000000e+02
2.220000000000000000e+02
2.120000000000000000e+02
2.100000000000000000e+02
1.880000000000000000e+02
1.920000000000000000e+02
1.920000000000000000e+02
1.890000000000000000e+02
1.830000000000000000e+02
1.910000000000000000e+02
1.890000000000000000e+02
1.840000000000000000e+02
