1.090000000000000000e+02
1.010000000000000000e+02
1.070000000000000000e+02
1.140000000000000000e+02
1.220000000000000000e+02
1.250000000000000000e+02
1.220000000000000000e+02
1.150000000000000000e+02
1.090000000000000000e+02
1.090000000000000000e+02
1.060000000000000000e+02
1.110000000000000000e+02
1.070000000000000000e+02
1.040000000000000000e+02
1.040000000000000000e+02
1.060000000000000000e+02
9.600000000000000000e+01
9.700000000000000000e+01
9.200000000000000000e+01
9.100000000000000000e+01
9.400000000000000000e+01
9.500000000000000000e+01
1.000000000000000000e+02
9.800000000000000000e+01
1.000000000000000000e+02
1.000000000000000000e+02
8.900000000000000000e+01
9.100000000000000000e+01
9.400000000000000000e+01
9.100000000000000000e+01
8.500000000000000000e+01
7.300000000000000000e+01
8.000000000000000000e+01
8.900000000000000000e+01
9.200000000000000000e+01
1.010000000000000000e+02
1.040000000000000000e+02
1.050000000000000000e+02
1.080000000000000000e+02
1.220000000000000000e+02
1.300000000000000000e+02
1.440000000000000000e+02
1.550000000000000000e+02
1.660000000000000000e+02
1.800000000000000000e+02
1.960000000000000000e+02
2.140000000000000000e+02
2.300000000000000000e+02
2.300000000000000000e+02
2.430000000000000000e+02
2.580000000000000000e+02
2.750000000000000000e+02
2.780000000000000000e+02
2.670000000000000000e+02
2.700000000000000000e+02
2.670000000000000000e+02
2.710000000000000000e+02
2.810000000000000000e+02
2.770000000000000000e+02
2.690000000000000000e+02
2.690000000000000000e+02
2.730000000000000000e+02
2.600000000000000000e+02
2.480000000000000000e+02
2.410000000000000000e+02
2.370000000000000000e+02
2.400000000000000000e+02
2.330000000000000000e+02
2.250000000000000000e+02
2.290000000000000000e+02
2.030000000000000000e+02
2.100000000000000000e+02
2.080000000000000000e+02
2.010000000000000000e+02
1.960000000000000000e+02
1.920000000000000000e+02
1.920000000000000000e+02
1.920000000000000000e+02
1.910000000000000000e+02
1.970000000000000000e+02
2.040000000000000000e+02
2.110000000000000000e+02
2.180000000000000000e+02
2.280000000000000000e+02
2.600000000000000000e+02
2.670000000000000000e+02
2.730000000000000000e+02
2.680000000000000000e+02
2.720000000000000000e+02
2.750000000000000000e+02
2.700000000000000000e+02
2.760000000000000000e+02
2.640000000000000000e+02
2.500000000000000000e+02
2.380000000000000000e+02
2.250000000000000000e+02
2.170000000000000000e+02
2.140000000000000000e+02
2.100000000000000000e+02
1.990000000000000000e+02
1.960000000000000000e+02
1.800000000000000000e+02
1.800000000000000000e+02
1.610000000000000000e+02
1.680000000000000000e+02
1.640000000000000000e+02
1.620000000000000000e+02
1.520000000000000000e+02
1.520000000000000000e+02
1.440000000000000000e+02
1.280000000000000000e+02
1.340000000000000000e+02
1.300000000000000000e+02
1.410000000000000000e+02
1.290000000000000000e+02
1.380000000000000000e+02
1.390000000000000000e+02
1.460000000000000000e+02
1.480000000000000000e+02
1.550000000000000000e+02
1.460000000000000000e+02
