1.170000000000000000e+02
1.190000000000000000e+02
1.200000000000000000e+02
1.210000000000000000e+02
1.110000000000000000e+02
1.200000000000000000e+02
1.380000000000000000e+02
1.320000000000000000e+02
1.360000000000000000e+02
1.440000000000000000e+02
1.630000000000000000e+02
1.620000000000000000e+02
1.930000000000000000e+02
2.160000000000000000e+02
2.520000000000000000e+02
2.820000000000000000e+02
3.160000000000000000e+02
3.510000000000000000e+02
3.690000000000000000e+02
4.080000000000000000e+02
4.340000000000000000e+02
4.390000000000000000e+02
4.410000000000000000e+02
4.490000000000000000e+02
4.580000000000000000e+02
4.740000000000000000e+02
4.790000000000000000e+02
4.620000000000000000e+02
4.810000000000000000e+02
4.800000000000000000e+02
4.860000000000000000e+02
4.930000000000000000e+02
4.950000000000000000e+02
4.910000000000000000e+02
5.000000000000000000e+02
4.910000000000000000e+02
5.030000000000000000e+02
5.060000000000000000e+02
4.940000000000000000e+02
4.920000000000000000e+02
4.940000000000000000e+02
4.870000000000000000e+02
4.800000000000000000e+02
4.550000000000000000e+02
4.410000000000000000e+02
4.430000000000000000e+02
4.420000000000000000e+02
4.290000000000000000e+02
4.220000000000000000e+02
4.150000000000000000e+02
4.190000000000000000e+02
4.360000000000000000e+02
4.370000000000000000e+02
4.350000000000000000e+02
4.190000000000000000e+02
4.300000000000000000e+02
4.170000000000000000e+02
4.100000000000000000e+02
4.010000000000000000e+02
3.980000000000000000e+02
3.900000000000000000e+02
3.950000000000000000e+02
4.020000000000000000e+02
4.000000000000000000e+02
4.100000000000000000e+02
4.040000000000000000e+02
3.970000000000000000e+02
3.840000000000000000e+02
3.910000000000000000e+02
3.730000000000000000e+02
3.550000000000000000e+02
3.510000000000000000e+02
3.540000000000000000e+02
3.350000000000000000e+02
3.350000000000000000e+02
3.340000000000000000e+02
3.390000000000000000e+02
3.340000000000000000e+02
3.320000000000000000e+02
3.350000000000000000e+02
3.210000000000000000e+02
3.210000000000000000e+02
2.990000000000000000e+02
2.930000000000000000e+02
2.890000000000000000e+02
2.830000000000000000e+02
2.740000000000000000e+02
2.760000000000000000e+02
2.780000000000000000e+02
2.750000000000000000e+02
2.770000000000000000e+02
2.630000000000000000e+02
2.660000000000000000e+02
2.730000000000000000e+02
2.810000000000000000e+02
2.720000000000000000e+02
2.620000000000000000e+02
2.630000000000000000e+02
2.800000000000000000e+02
2.800000000000000000e+02
2.780000000000000000e+02
2.810000000000000000e+02
2.850000000000000000e+02
2.840000000000000000e+02
3.070000000000000000e+02
3.280000000000000000e+02
3.330000000000000000e+02
3.430000000000000000e+02
3.350000000000000000e+02
3.310000000000000000e+02
3.380000000000000000e+02
3.360000000000000000e+02
3.230000000000000000e+02
3.080000000000000000e+02
3.110000000000000000e+02
2.960000000000000000e+02
2.820000000000000000e+02
2.820000000000000000e+02
2.860000000000000000e+02
2.770000000000000000e+02
2.840000000000000000e+02
2.830000000000000000e+02
